sprite_table {
 bgr/wall_brick 1
 bgr/column1 2
 bgr/wall_brick2 3
 bgr/column2 4
 bgr/column3 5
 bgr/pipe1 6
 bgr/rig 7
 bgr/plate3 8
 bgr/pipe2 9
 bgr/pipe3 10
 bgr/pipe5 11
 bgr/plate2 12
 bgr/pipe4 13
 bgr/pipe6 14
 bgr/grate 15
 bgr/wire2 16
 bgr/futro_V 17
 dirt 18
 dirt/rat 19
 wall_stoneA_02 20
 wall_stoneA_05 21
 shadow_fix_02 22
 wall_tech_19 23
 wall_stoneA_04 24
 shadow_fix_01 25
 metal_fatpipe_09 26
 wall_tech_18 27
 wall_tech_10 28
 wall_tech_16 29
 wall_tech_37 30
 wall_tech_11 31
 wall_tech_07 32
 wall_tech_12 33
 wall_tech_06 34
 wall_tech_08 35
 wall_stoneA_03 36
 wall_tech_09 37
 wall_tech_03 38
 wall_tech_15 39
 metal_pipeend 40
 metal_fatpipe_08 41
 wall_tech_21 42
 wall_tech_26 43
 wall_tech_22 44
 wall_tech_04 45
 wall_tech_30 46
 metal_fatpipe_02 47
 wall_tech_29 48
 wall_tech_20 49
 wall_tech_27 50
 wall_tech_13 51
 wall_tech_25 52
 wall_tech_23 53
 metal_fatpipe_07 54
 metal_fatpipe_01 55
 wall_tech_02 56
 metal_fatpipe_10 57
 wall_stoneA_10 58
 wall_tech_31 59
 comp05 60
 wall_tech_35 61
 brownpipe1 62
 comp06 63
 wall_tech_33 64
 wall_stoneA_11 65
 wall_stoneA_12 66
 wall_stoneA_13 67
 wall_tech_17 68
 metal_fatpipe_03 69
 wall_metalA_01 70
 wall_green_25a 71
 wall_green_25b 72
 wall_tech_38 73
 brownpipe2 74
 wall_metalA_02 75
 wall_tech_34 76
 wall_tech_36 77
 wall_tech_32 78
 metal_ring1 79
 metal_ring3 80
 comp_sinus 81
 comp_text2 82
 wall_tech_28 83
 wire_2E 84
 wire_2H 85
 wire_2S 86
 wire_2V 87
 wire_2N 88
 wire_2W 89
 sign/acid2 90
 zabradli 91
 wall_tech_05 92
 sign/stripe2 93
 sign/stripe1 94
} // sprite_table

layers {
clear_screen true
layer // layer 0
name noname
offset 0 0
cells_offset 160 -160
scroll_scale_factor_1 1 1
scroll_scale_factor_2 1 1
cell_size 40 40
width 29
height 17
no_cells
sprite_cells
0 0 0 0 0 0 0 0 0 0 1 0 0 0 2 0 3 0 0 0 0 0 0 0 0 0 0 0 0 0 0 0 0 0 0 0 0 0 0 0 0 0 0 0 0 0 0 0 0 0 0 0 0 0 0 0 0 0 
0 0 0 0 0 0 0 0 0 0 0 0 0 0 4 0 3 0 0 0 3 0 3 0 0 0 0 0 0 0 0 0 0 0 0 0 0 0 0 0 0 0 0 0 0 0 0 0 0 0 0 0 0 0 0 0 0 0 
0 0 0 0 0 0 0 0 0 0 1 0 0 0 5 0 3 0 0 0 6 0 6 0 0 0 0 0 0 0 0 0 0 0 0 0 0 0 0 0 0 0 0 0 0 0 0 0 0 0 0 0 0 0 0 0 0 0 
0 0 0 0 0 0 0 0 0 0 0 0 0 0 0 0 0 0 0 0 1 0 0 0 0 0 0 0 0 0 0 0 0 0 0 0 0 0 0 0 0 0 0 0 0 0 0 0 0 0 0 0 0 0 0 0 0 0 
0 0 0 0 0 0 0 0 0 0 7 0 0 0 0 0 0 0 0 0 0 0 0 0 0 0 0 0 0 0 0 0 0 0 0 0 0 0 0 0 0 0 0 0 0 0 0 0 0 0 0 0 0 0 0 0 0 0 
1 0 0 0 1 0 0 0 8 0 1 0 0 0 9 0 0 0 0 0 6 0 6 0 0 0 0 0 0 0 0 0 0 0 0 0 0 0 0 0 0 0 0 0 0 0 0 0 0 0 0 0 0 0 0 0 0 0 
0 0 0 0 0 0 1 0 0 0 0 0 0 0 9 0 3 0 0 0 3 0 3 0 3 0 0 0 0 0 0 0 0 0 0 0 0 0 0 0 0 0 3 0 0 0 0 0 8 0 0 0 0 0 0 0 0 0 
0 0 1 0 0 0 0 0 0 0 1 0 0 0 9 0 3 0 0 0 0 0 6 0 6 0 0 0 0 0 8 0 0 0 0 0 0 0 0 0 0 0 3 0 0 0 0 0 8 0 8 0 0 0 0 0 0 0 
0 0 0 0 0 0 1 0 10 0 6 0 6 0 11 0 3 0 0 0 0 0 3 0 3 0 0 0 0 0 0 0 0 0 2 0 3 0 9 0 1 0 0 0 2 0 3 0 0 0 8 0 8 0 0 0 0 0 
3 0 1 0 0 0 0 0 9 0 3 0 3 0 1 0 0 0 0 0 0 0 6 0 6 0 0 0 0 0 0 0 3 0 4 0 3 0 9 0 0 0 0 0 4 0 3 0 3 0 0 0 8 0 8 0 0 0 
3 0 10 0 6 0 6 0 12 0 6 0 13 0 0 0 0 0 0 0 3 0 3 0 3 0 0 0 0 0 1 0 0 0 4 0 3 0 9 0 1 0 0 0 4 0 3 0 3 0 3 0 0 0 8 0 8 0 
3 0 9 0 3 0 3 0 9 0 3 0 14 0 6 0 6 0 0 0 6 0 6 0 0 0 0 0 3 0 0 0 0 0 5 0 3 0 9 0 0 0 0 0 5 0 3 0 3 0 3 0 3 0 0 0 0 0 
6 0 11 0 15 0 15 0 9 0 1 0 0 0 1 0 0 0 0 0 3 0 3 0 0 0 0 0 1 0 0 0 3 0 0 0 3 0 9 0 1 0 0 0 0 0 3 0 3 0 3 0 3 0 0 0 0 0 
3 0 3 0 3 0 3 0 9 0 0 0 0 0 0 0 0 0 0 0 6 0 6 0 0 0 0 0 0 0 0 0 3 0 0 0 6 0 11 0 0 0 0 0 0 0 3 0 3 0 3 0 3 0 0 0 0 0 
0 0 0 0 0 0 0 0 0 0 0 0 16 0 16 0 0 0 0 0 0 0 16 0 0 0 0 0 0 0 16 0 0 0 0 0 0 0 0 0 0 0 3 0 0 0 0 0 3 0 0 0 0 0 0 0 0 0 
0 0 0 0 0 0 0 0 0 0 1 0 0 0 1 0 0 0 17 0 1 0 0 0 1 0 17 0 1 0 1 0 0 0 17 0 1 0 0 0 1 0 0 0 0 0 0 0 18 0 0 0 18 0 18 0 0 0 
8 0 8 0 8 0 8 0 0 0 0 0 0 0 0 0 0 0 17 0 0 0 0 0 0 0 17 0 0 0 0 0 0 0 17 0 0 0 0 0 0 0 0 0 0 0 0 0 0 0 0 0 0 0 19 0 0 0 
decorations 0

layer // layer 1
name noname
offset 15 15
cells_offset 120 -200
scroll_scale_factor_1 1 1
scroll_scale_factor_2 1 1
cell_size 40 40
width 29
height 18
shadow
no_cells
sprite_cells
0 0 0 0 0 0 0 0 0 0 20 0 21 0 0 0 21 0 0 0 0 0 0 0 0 0 0 0 0 0 0 0 0 0 0 0 0 0 0 0 0 0 0 0 0 0 0 0 0 0 0 0 0 0 0 0 0 0 
0 0 0 0 0 0 0 0 0 0 0 0 0 0 0 0 0 0 0 0 20 0 21 0 0 0 0 0 0 0 0 0 0 0 0 0 0 0 0 0 0 0 0 0 0 0 0 0 0 0 0 0 0 0 0 0 0 0 
0 0 0 0 0 0 0 0 0 0 20 0 0 0 0 0 0 0 0 0 0 0 0 0 0 0 0 0 0 0 0 0 0 0 0 0 0 0 0 0 0 0 0 0 0 0 0 0 0 0 0 0 0 0 0 0 0 0 
0 0 0 0 0 0 0 0 0 0 0 0 0 0 0 0 0 0 0 0 20 0 0 0 0 0 0 0 0 0 0 0 0 0 0 0 0 0 0 0 0 0 0 0 0 0 0 0 0 0 0 0 0 0 0 0 0 0 
0 0 0 0 0 0 0 0 0 0 20 0 0 0 0 0 0 0 0 0 0 0 0 0 0 0 0 0 0 0 0 0 0 0 0 0 0 0 0 0 0 0 0 0 0 0 0 0 0 0 0 0 0 0 0 0 0 0 
21 0 0 0 0 0 21 0 0 0 0 0 0 0 22 0 23 0 0 0 20 0 0 0 0 0 0 0 0 0 0 0 0 0 0 0 0 0 0 0 0 0 0 0 0 0 0 0 0 0 0 0 0 0 0 0 0 0 
20 0 22 0 21 0 0 0 0 0 0 0 0 0 0 0 22 0 23 0 0 0 0 0 22 0 24 0 0 0 0 0 0 0 0 0 0 0 0 0 0 0 0 0 0 0 0 0 0 0 0 0 0 0 0 0 0 0 
0 0 25 0 0 0 0 0 0 0 0 0 0 0 0 0 0 0 0 0 20 0 25 0 0 0 0 0 0 0 0 0 0 0 0 0 0 0 0 0 0 0 0 0 0 0 0 0 0 0 0 0 0 0 0 0 0 0 
0 0 20 0 0 0 0 0 0 0 0 0 0 0 0 0 0 0 0 0 0 0 20 0 0 0 0 0 0 0 0 0 0 0 20 0 21 0 0 0 21 0 0 0 26 0 27 0 27 0 0 0 0 0 0 0 0 0 
20 0 0 0 0 0 0 0 0 0 0 0 0 0 0 0 0 0 0 0 0 0 0 0 0 0 0 0 0 0 0 0 20 0 0 0 0 0 0 0 0 0 0 0 0 0 0 0 22 0 27 0 0 0 0 0 0 0 
0 0 0 0 0 0 0 0 0 0 0 0 0 0 0 0 0 0 0 0 21 0 0 0 0 0 0 0 0 0 20 0 0 0 0 0 0 0 0 0 0 0 0 0 0 0 0 0 0 0 22 0 27 0 0 0 0 0 
20 0 0 0 0 0 0 0 0 0 0 0 0 0 0 0 0 0 0 0 20 0 0 0 0 0 0 0 20 0 0 0 0 0 0 0 0 0 0 0 0 0 0 0 0 0 0 0 0 0 0 0 22 0 27 0 0 0 
0 0 0 0 0 0 0 0 0 0 0 0 0 0 0 0 0 0 0 0 0 0 0 0 0 0 0 0 0 0 0 0 0 0 0 0 25 0 0 0 0 0 0 0 0 0 25 0 25 0 0 0 0 0 0 0 0 0 
20 0 0 0 0 0 0 0 0 0 0 0 0 0 0 0 0 0 0 0 20 0 0 0 0 0 0 0 20 0 0 0 0 0 0 0 20 0 0 0 0 0 0 0 0 0 20 0 20 0 0 0 0 0 0 0 0 0 
0 0 0 0 0 0 0 0 0 0 0 0 0 0 0 0 0 0 0 0 0 0 25 0 0 0 0 0 0 0 25 0 0 0 0 0 0 0 0 0 0 0 0 0 0 0 0 0 0 0 0 0 0 0 0 0 0 0 
0 0 0 0 0 0 0 0 0 0 21 0 0 0 0 0 22 0 28 0 21 0 0 0 22 0 21 0 0 0 29 0 22 0 21 0 0 0 21 0 0 0 21 0 0 0 0 0 0 0 0 0 0 0 0 0 0 0 
21 0 0 0 21 0 0 0 24 0 20 0 0 0 0 0 0 0 0 0 0 0 0 0 0 0 0 0 0 0 0 0 0 0 0 0 0 0 0 0 0 0 0 0 0 0 0 0 21 0 0 0 21 0 0 0 21 0 
24 0 0 0 0 0 0 0 0 0 0 0 0 0 0 0 0 0 0 0 0 0 0 0 0 0 0 0 0 0 0 0 0 0 0 0 0 0 0 0 0 0 0 0 0 0 0 0 30 0 0 0 0 0 0 0 0 0 
decorations 0

layer // layer 2
name Main
offset 0 0
cells_offset 120 -200
scroll_scale_factor_1 1 1
scroll_scale_factor_2 1 1
cell_size 40 40
width 31
height 19
cells
0 0 0 0 0 2 2 2 2 2 2 0 0 0 0 0 0 0 0 0 0 0 0 0 0 0 0 0 0 0 0 
0 0 0 0 0 2 0 0 0 0 2 2 2 2 0 0 0 0 0 0 0 0 0 0 0 0 0 0 0 0 0 
0 0 0 0 0 2 0 0 0 0 2 0 0 2 0 0 0 0 0 0 0 0 0 0 0 0 0 0 0 0 0 
0 0 0 0 0 2 0 0 0 0 2 0 0 2 0 0 0 0 0 0 0 0 0 0 0 0 0 0 0 0 0 
0 0 0 0 0 2 0 0 2 2 2 0 0 2 2 0 0 0 0 0 0 0 0 0 0 0 0 0 0 0 0 
2 2 2 2 2 2 0 0 2 2 2 0 0 2 0 0 0 0 0 0 0 0 0 0 0 0 0 0 0 0 0 
2 0 2 2 0 0 0 0 0 2 2 0 0 2 2 0 0 0 0 0 0 0 0 0 0 0 0 0 0 0 0 
2 0 0 0 0 0 0 0 0 0 2 0 0 0 2 0 0 0 0 0 0 0 0 0 0 0 0 0 0 0 0 
2 2 0 0 0 0 0 0 0 0 2 2 0 0 2 0 0 0 12290 12290 12290 12290 12290 2 2 2 0 0 0 0 0 
2 2 0 0 0 0 0 0 0 0 2 2 0 0 2 0 2 2 0 0 0 0 0 0 0 2 2 0 0 0 0 
2 0 0 0 0 0 0 0 0 0 2 2 0 0 2 2 2 0 0 0 0 0 0 0 0 0 2 2 0 0 0 
2 0 0 0 0 0 0 0 0 0 2 0 0 0 2 2 0 0 0 0 0 0 0 0 0 0 0 2 2 0 0 
2 0 0 0 0 0 0 0 0 0 2 0 0 2 2 0 0 0 0 0 0 0 0 0 0 0 0 0 2 0 0 
2 0 0 0 0 0 0 0 0 2 2 0 0 2 2 0 0 0 2 0 0 0 0 2 1562 0 0 0 2 0 0 
2 0 0 0 0 0 0 0 0 2 2 0 0 2 2 0 0 0 2 0 0 0 0 2 1538 0 0 0 2 0 2 
2 2 2 2 2 2 2 0 0 2 2 2 0 2 2 2 0 2 2 2 2 2 2 2 2 2 2 2 2 0 0 
0 0 0 0 0 2 0 0 0 0 0 0 0 0 0 0 0 0 0 0 0 0 2 0 0 0 0 0 0 0 0 
0 0 0 0 0 2 0 0 0 0 0 0 0 0 0 0 0 0 0 0 0 0 2 0 0 0 0 0 0 0 0 
0 0 0 0 0 2 2 2 2 2 2 2 2 2 2 2 2 2 2 2 2 2 2 0 0 0 0 0 0 0 0 
sprite_cells
0 0 0 0 0 0 0 0 0 0 31 0 32 0 32 0 32 0 32 0 33 0 0 0 0 0 0 0 0 0 0 0 0 0 0 0 0 0 0 0 0 0 0 0 0 0 0 0 0 0 0 0 0 0 0 0 0 0 0 0 0 0 
0 0 0 0 0 0 0 0 0 0 34 0 0 0 0 0 0 0 0 0 31 0 32 0 32 0 33 0 31 0 0 0 0 0 0 0 0 0 0 0 0 0 0 0 0 0 0 0 0 0 0 0 0 0 0 0 0 0 0 0 0 0 
0 0 0 0 0 0 0 0 0 0 34 0 0 0 0 0 0 0 0 0 34 0 0 0 0 0 35 0 34 0 0 0 0 0 0 0 0 0 0 0 0 0 0 0 0 0 0 0 0 0 0 0 0 0 0 0 0 0 0 0 0 0 
0 0 0 0 0 0 0 0 0 0 34 0 0 0 0 0 0 0 0 0 34 0 0 0 0 0 35 0 34 0 0 0 0 0 0 0 0 0 0 0 0 0 0 0 0 0 0 0 0 0 0 0 0 0 0 0 0 0 0 0 0 0 
0 0 0 0 0 0 0 0 0 0 34 0 0 0 0 0 36 0 0 0 0 0 0 0 0 0 37 0 28 0 0 0 0 0 0 0 0 0 0 0 0 0 0 0 0 0 0 0 0 0 0 0 0 0 0 0 0 0 0 0 0 0 
31 0 32 0 33 0 31 0 32 0 38 0 0 0 0 0 23 0 23 0 39 0 0 0 0 0 0 0 0 0 40 0 41 0 42 0 43 0 43 0 43 0 44 0 0 0 0 0 0 0 0 0 0 0 0 0 0 0 20 0 20 0 
34 0 0 0 45 0 38 0 0 0 0 0 0 0 0 0 0 0 23 0 34 0 0 0 0 0 31 0 33 0 46 0 47 0 48 0 49 0 49 0 49 0 50 0 0 0 0 0 0 0 0 0 0 0 0 0 0 0 0 0 0 0 
34 0 0 0 0 0 0 0 0 0 0 0 0 0 0 0 0 0 0 0 34 0 0 0 0 0 0 0 51 0 46 0 47 0 52 0 49 0 49 0 49 0 53 0 54 0 55 0 55 0 41 0 0 0 0 0 0 0 0 0 24 0 
28 0 56 0 0 0 0 0 0 0 0 0 0 0 0 0 0 0 0 0 28 0 56 0 0 0 0 0 37 0 46 0 57 0 55 0 55 0 55 0 55 0 55 0 26 0 27 0 27 0 57 0 41 0 0 0 0 0 0 0 58 0 
31 0 38 0 0 0 0 0 0 0 0 0 0 0 0 0 0 0 0 0 30 0 34 0 0 0 0 0 36 0 0 0 30 0 30 0 0 0 0 0 0 0 0 0 0 0 0 0 0 0 27 0 57 0 41 0 0 0 0 0 24 0 
34 0 0 0 0 0 0 0 0 0 0 0 0 0 0 0 0 0 0 0 31 0 38 0 0 0 0 0 31 0 33 0 30 0 0 0 0 0 0 0 0 0 0 0 0 0 0 0 0 0 0 0 27 0 57 0 41 0 0 0 20 0 
34 0 0 0 0 0 0 0 0 0 0 0 0 0 0 0 0 0 0 0 51 0 0 0 0 0 0 0 28 0 37 0 0 0 0 0 0 0 0 0 0 0 0 0 0 0 0 0 0 0 0 0 0 0 27 0 57 0 41 0 0 0 
34 0 0 0 0 0 0 0 0 0 0 0 0 0 0 0 0 0 0 0 51 0 0 0 0 0 31 0 33 0 0 0 0 0 0 0 0 0 0 0 0 0 0 0 0 0 0 0 0 0 0 0 0 0 0 0 59 0 47 0 24 0 
34 0 0 0 0 0 0 0 0 0 0 0 0 0 0 0 0 0 36 0 36 0 0 0 0 0 28 0 37 0 0 0 0 0 0 0 31 0 0 0 0 0 0 0 0 0 33 0 60 0 0 0 0 0 0 0 61 0 62 0 24 0 
34 0 0 0 0 0 0 0 0 0 0 0 0 0 0 0 0 0 31 0 33 0 0 0 0 0 31 0 33 0 0 0 0 0 0 0 34 0 0 0 0 0 0 0 0 0 35 0 63 0 0 0 0 0 0 0 64 0 62 0 36 0 
28 0 65 0 66 0 66 0 66 0 66 0 67 0 0 0 0 0 28 0 37 0 68 0 0 0 28 0 37 0 29 0 0 0 29 0 68 0 0 0 0 0 0 0 0 0 69 0 69 0 41 0 21 0 0 0 36 0 47 0 20 0 
70 0 71 0 72 0 72 0 72 0 24 0 0 0 0 0 0 0 0 0 0 0 0 0 0 0 0 0 0 0 0 0 0 0 0 0 0 0 0 0 0 0 0 0 73 0 0 0 30 0 57 0 74 0 74 0 74 0 26 0 0 0 
0 0 0 0 0 0 0 0 0 0 24 0 0 0 0 0 0 0 0 0 0 0 0 0 0 0 0 0 0 0 0 0 0 0 0 0 0 0 0 0 0 0 0 0 0 0 0 0 30 0 0 0 0 0 0 0 0 0 0 0 20 0 
75 0 71 0 72 0 72 0 72 0 65 0 66 0 66 0 66 0 67 0 23 0 65 0 66 0 67 0 23 0 65 0 66 0 67 0 23 0 65 0 66 0 67 0 30 0 30 0 30 0 76 0 77 0 77 0 77 0 78 0 0 0 
decorations 9
1160 440 79 0
1197 440 79 0
1236 440 79 0
1273 440 79 0
1281 393 80 0
1280 357 80 0
1281 320 80 0
1086 330 81 0
1085 339 82 0

layer // layer 3
name noname
offset 0 0
cells_offset 120 -200
scroll_scale_factor_1 1 1
scroll_scale_factor_2 1 1
cell_size 40 40
width 30
height 16
no_cells
sprite_cells
42 0 43 0 43 0 43 0 44 0 0 0 0 0 0 0 0 0 0 0 0 0 0 0 0 0 0 0 0 0 0 0 0 0 0 0 0 0 0 0 0 0 0 0 0 0 0 0 0 0 0 0 0 0 0 0 0 0 0 0 
48 0 49 0 46 0 49 0 50 0 0 0 0 0 0 0 0 0 0 0 0 0 0 0 0 0 0 0 0 0 0 0 0 0 0 0 0 0 0 0 0 0 0 0 0 0 0 0 0 0 0 0 0 0 0 0 0 0 0 0 
48 0 46 0 46 0 46 0 50 0 0 0 0 0 0 0 0 0 0 0 0 0 0 0 0 0 0 0 0 0 0 0 0 0 0 0 0 0 0 0 0 0 0 0 0 0 0 0 0 0 0 0 0 0 0 0 0 0 0 0 
48 0 49 0 46 0 49 0 50 0 0 0 0 0 0 0 0 0 0 0 0 0 0 0 0 0 0 0 0 0 0 0 0 0 0 0 0 0 0 0 0 0 0 0 0 0 0 0 0 0 0 0 0 0 0 0 0 0 0 0 
52 0 83 0 83 0 83 0 53 0 0 0 0 0 0 0 0 0 30 0 30 0 0 0 0 0 0 0 0 0 0 0 0 0 0 0 0 0 0 0 0 0 0 0 0 0 0 0 0 0 0 0 0 0 0 0 0 0 0 0 
0 0 0 0 0 0 0 0 0 0 0 0 0 0 0 0 0 0 0 0 34 0 0 0 0 0 30 0 30 0 0 0 0 0 84 0 85 0 85 0 85 0 86 0 42 0 43 0 43 0 44 0 30 0 30 0 30 0 30 0 
0 0 0 0 0 0 0 0 0 0 0 0 0 0 0 0 0 0 0 0 0 0 0 0 0 0 0 0 0 0 0 0 0 0 87 0 0 0 0 0 0 0 87 0 52 0 83 0 83 0 53 0 73 0 0 0 73 0 0 0 
0 0 0 0 0 0 0 0 0 0 0 0 0 0 0 0 0 0 0 0 0 0 0 0 0 0 0 0 0 0 0 0 0 0 88 0 0 0 0 0 0 0 89 0 0 0 0 0 0 0 0 0 0 0 0 0 0 0 0 0 
0 0 0 0 0 0 0 0 0 0 0 0 0 0 0 0 0 0 0 0 0 0 0 0 0 0 0 0 0 0 0 0 0 0 0 0 0 0 0 0 0 0 0 0 0 0 0 0 0 0 0 0 41 0 30 0 73 0 0 0 
0 0 0 0 0 0 0 0 0 0 0 0 0 0 0 0 0 0 0 0 0 0 0 0 0 0 0 0 30 0 30 0 0 0 0 0 0 0 0 0 0 0 0 0 0 0 0 0 0 0 0 0 0 0 0 0 0 0 0 0 
0 0 0 0 0 0 0 0 0 0 0 0 0 0 0 0 0 0 0 0 0 0 0 0 0 0 0 0 0 0 0 0 0 0 0 0 0 0 0 0 0 0 0 0 0 0 0 0 0 0 0 0 0 0 0 0 0 0 30 0 
0 0 0 0 0 0 0 0 0 0 0 0 0 0 0 0 0 0 0 0 0 0 0 0 0 0 0 0 0 0 0 0 0 0 0 0 0 0 0 0 0 0 0 0 0 0 0 0 0 0 0 0 0 0 0 0 0 0 0 0 
0 0 0 0 0 0 0 0 0 0 0 0 0 0 0 0 0 0 0 0 0 0 0 0 0 0 0 0 0 0 0 0 0 0 0 0 90 0 0 0 0 0 0 0 0 0 0 0 0 0 0 0 0 0 0 0 0 0 0 0 
0 0 0 0 0 0 0 0 0 0 0 0 0 0 0 0 0 0 30 0 30 0 0 0 0 0 0 0 0 0 0 0 0 0 0 0 0 0 0 0 0 0 0 0 0 0 0 0 0 0 0 0 0 0 0 0 0 0 0 0 
0 0 91 0 91 0 91 0 91 0 91 0 91 0 0 0 0 0 0 0 0 0 0 0 0 0 0 0 0 0 0 0 0 0 0 0 0 0 0 0 0 0 0 0 0 0 0 0 0 0 0 0 0 0 0 0 0 0 0 0 
0 0 0 0 0 0 0 0 0 0 0 0 0 0 0 0 0 0 0 0 0 0 0 0 0 0 0 0 0 0 0 0 0 0 0 0 0 0 92 0 92 0 68 0 57 0 0 0 0 0 0 0 0 0 0 0 0 0 0 0 
decorations 4
519 -41 93 0
520 319 93 0
680 160 94 0
640 0 94 0

} // layers

entities { 
hero/Magneto 1 {
position_in_layer 420 480
layer_index 2
}
DoorV 2 {
position_in_layer 520 440
layer_index 2
}
DoorV 3 {
position_in_layer 680 440
layer_index 2
}
DoorV 4 {
position_in_layer 840 440
layer_index 2
}
Spec/LevelExit 5 {
position_in_layer 920 480
layer_index 2
}
spikes_E 6 {
position_in_layer 480 320
layer_index 2
}
spikes_W 7 {
start_delay 500 500
position_in_layer 680 160
layer_index 2
}
spikes_W 8 {
delay_to_fwd 1600
position_in_layer 640 0
layer_index 2
}
spikes_E 9 {
delay_to_bwd 1600
start_delay 400 400
position_in_layer 480 -40
layer_index 2
}
multishot/angryHubert 12 {
position_in_layer 284 164
layer_index 2
}
Crate/solid 15 {
position_in_layer 220 380
layer_index 2
}
AcidPool 18 {
size 4 2
position_in_layer 880 320
layer_index 2
}
shooter/drop 21 {
shot_delay 600 700
position_in_layer 940 182
layer_index 2
}
shooter/drop 24 {
shot_delay 1000 1100
position_in_layer 1020 180
layer_index 2
}
Spec/Actions 25 {
run_on_startup true
a1_target 21
a1_action stop_fire
a2_target 24
a2_action stop_fire
position_in_layer 1121 10
layer_index 2
}
Spec/Actions 26 {
a1_target 21
a1_action start_fire
a2_target 24
a2_action start_fire
a3_target 18
a3_action drain
position_in_layer 1245 220
layer_index 2
}
shooter/drop 27 {
shot_delay 1800 1900
position_in_layer 874 180
layer_index 2
}
Spec/Actions 28 {
a1_target 2
a1_action camera
a2_target 2
a2_action open
a3_delay 1000
a3_action camera_back
position_in_layer 379 -39
layer_index 2
}
Device/FloorPermanent 29 {
on_switch_on_target 28
on_switch_on_action run
position_in_layer 440 -40
layer_index 2
}
Spec/Actions 30 {
a1_target 3
a1_action camera
a2_target 3
a2_action open
a3_delay 1000
a3_action camera_back
position_in_layer 741 -101
layer_index 2
}
Device/button_S 31 {
on_switch_on_target 30
on_switch_on_action run
position_in_layer 580 -120
layer_index 2
}
Device/button_N 33 {
operate 4
position_in_layer 940 360
layer_index 2
}
Spec/LevelBoundary 34 {
position_in_layer 1280 480
layer_index 2
}
Spec/LevelBoundary 35 {
position_in_layer 240 -80
layer_index 2
}
Device/button_E 36 {
on_switch_on_target 26
on_switch_on_action run
position_in_layer 1120 360
layer_index 2
}
SoundTV 37 {
size 20 20
position_in_layer 1087 352
layer_index 2
}
} // entities
