sprite_table {
 blueplate_01 1
 blueplate_05 2
 blueplate_00 3
 blueplate_14 4
 blueplate_02 5
 blueplate_07 6
 blueplate_03 7
 blueplate_06 8
 blueplate_15 9
 blueplate_09 10
 metal_pipe_01 11
 metal_pipe_06 12
 metal_pipe_04 13
 shadow_fix_02 14
 wall_arc_01 15
 wall_arc_02 16
 wall_arc_03 17
 wall_tech_37 18
 shadow_fix_01 19
 wall_tech_01 20
 wall_tech_44 21
 metal_fatpipe_07 22
 metal_grate 23
 metal_pipejoint_02 24
 metal_fatpipe_01 25
 metal_fatpipe_08 26
 wall_tech_05 27
 wall_tech_02 28
 wall_tech_08 29
 metal_fatpipe_02 30
 wall_stoneA_05 31
 pipeend_3 32
 wall_stoneA_02 33
 wall_tech_30 34
 wall_tech_06 35
 metal_fatpipe_04 36
 wall_stoneA_03 37
 metal_fatpipe_10 38
 wall_tech_47 39
 metal_fatpipe_09 40
 metal_pipeend 41
 wall_tech_04 42
 wall_tech_07 43
 wall_tech_12 44
 wall_tech_09 45
 metal_fatpipe_03 46
 wall_stoneA_04 47
 wall_metalA_01 48
 wall_metalA_02 49
 tech_light 50
 pistyV 51
 wall_tech_20 52
 comp05 53
 wall_tech_36 54
 metal_pipejoint_01 55
 wall_tech_11 56
 wall_tech_10 57
 wall_tech_18 58
 wall_tech_34 59
 wall_tech_32 60
 wall_tech_03 61
 metal_pipe_09 62
 wall_tech_13 63
 wall_tech_35 64
 halfplate_10 65
 halfplate_05 66
 halfplate_01 67
 monitorlineB 68
 comp_eqalizer 69
 comp_sinus 70
 comp_text2 71
 sign/gaugeB 72
 sign/gaugeA 73
 halfplate_06 74
 halfplate_04b 75
} // sprite_table

layers {
clear_screen true
layer // layer 0
name noname
offset 0 0
cells_offset 160 240
scroll_scale_factor_1 1 1
scroll_scale_factor_2 1 1
cell_size 40 40
width 22
height 39
no_cells
sprite_cells
0 0 0 0 0 0 0 0 0 0 0 0 0 0 0 0 0 0 1 0 0 0 0 0 0 0 0 0 0 0 0 0 0 0 0 0 0 0 0 0 0 0 0 0 
0 0 0 0 0 0 0 0 0 0 0 0 0 0 0 0 1 0 0 0 1 0 0 0 0 0 0 0 0 0 0 0 0 0 0 0 0 0 0 0 0 0 0 0 
0 0 0 0 0 0 0 0 0 0 0 0 0 0 0 0 0 0 1 0 0 0 0 0 0 0 0 0 0 0 0 0 0 0 0 0 0 0 0 0 0 0 0 0 
0 0 0 0 0 0 0 0 0 0 0 0 0 0 2 0 1 0 0 0 1 0 0 0 0 0 0 0 0 0 0 0 0 0 0 0 0 0 0 0 0 0 0 0 
0 0 0 0 0 0 0 0 0 0 0 0 0 0 2 0 0 0 1 0 0 0 0 0 0 0 0 0 0 0 0 0 0 0 0 0 0 0 0 0 0 0 0 0 
0 0 0 0 0 0 0 0 0 0 0 0 0 0 0 0 1 0 0 0 1 0 3 0 3 0 0 0 0 0 0 0 0 0 0 0 0 0 0 0 0 0 0 0 
0 0 0 0 0 0 0 0 0 0 0 0 0 0 0 0 0 0 1 0 0 0 1 0 0 0 0 0 0 0 0 0 0 0 0 0 0 0 0 0 0 0 0 0 
0 0 0 0 0 0 0 0 0 0 0 0 0 0 3 0 1 0 0 0 1 0 0 0 1 0 3 0 0 0 0 0 0 0 0 0 0 0 0 0 0 0 0 0 
0 0 0 0 0 0 0 0 0 0 0 0 1 0 1 0 0 0 1 0 0 0 1 0 0 0 1 0 0 0 0 0 0 0 0 0 0 0 0 0 0 0 0 0 
0 0 0 0 0 0 0 0 0 0 0 0 0 0 0 0 3 0 0 0 3 0 0 0 0 0 0 0 0 0 0 0 0 0 0 0 0 0 0 0 0 0 0 0 
0 0 0 0 0 0 0 0 0 0 0 0 0 0 4 0 4 0 0 0 0 0 0 0 0 0 0 0 0 0 0 0 0 0 0 0 0 0 0 0 0 0 0 0 
0 0 0 0 0 0 0 0 0 0 0 0 0 0 0 0 0 0 0 0 0 0 0 0 3 0 3 0 3 0 3 0 3 0 3 0 3 0 0 0 0 0 0 0 
0 0 0 0 0 0 0 0 0 0 0 0 0 0 1 0 1 0 1 0 1 0 1 0 5 0 1 0 1 0 5 0 1 0 1 0 5 0 0 0 0 0 0 0 
0 0 6 0 3 0 3 0 0 0 0 0 0 0 0 0 0 0 0 0 0 0 0 0 0 0 0 0 0 0 0 0 0 0 0 0 0 0 0 0 0 0 0 0 
0 0 6 0 7 0 3 0 5 0 1 0 5 0 1 0 1 0 1 0 1 0 1 0 0 0 1 0 1 0 1 0 1 0 1 0 1 0 0 0 0 0 0 0 
0 0 6 0 0 0 3 0 0 0 0 0 0 0 0 0 0 0 0 0 0 0 0 0 0 0 0 0 0 0 0 0 0 0 0 0 0 0 0 0 0 0 0 0 
0 0 6 0 3 0 3 0 0 0 0 0 0 0 8 0 8 0 8 0 8 0 8 0 8 0 8 0 8 0 8 0 8 0 8 0 8 0 0 0 0 0 0 0 
0 0 6 0 7 0 3 0 0 0 0 0 0 0 8 0 8 0 8 0 8 0 8 0 8 0 8 0 8 0 8 0 8 0 8 0 8 0 0 0 0 0 0 0 
3 0 6 0 0 0 3 0 0 0 0 0 0 0 8 0 8 0 8 0 8 0 8 0 8 0 8 0 8 0 8 0 8 0 8 0 8 0 0 0 0 0 0 0 
3 0 3 0 3 0 3 0 0 0 0 0 1 0 1 0 1 0 1 0 1 0 1 0 1 0 1 0 1 0 1 0 1 0 1 0 1 0 1 0 1 0 1 0 
3 0 0 0 0 0 3 0 0 0 0 0 0 0 0 0 0 0 0 0 0 0 0 0 0 0 0 0 0 0 0 0 0 0 0 0 0 0 0 0 0 0 0 0 
3 0 0 0 0 0 3 0 0 0 0 0 4 0 9 0 4 0 4 0 4 0 9 0 4 0 4 0 4 0 9 0 4 0 4 0 4 0 9 0 4 0 4 0 
3 0 0 0 0 0 3 0 0 0 0 0 0 0 0 0 0 0 0 0 0 0 0 0 0 0 0 0 0 0 0 0 0 0 0 0 0 0 0 0 0 0 0 0 
3 0 0 0 0 0 3 0 0 0 0 0 1 0 1 0 1 0 0 0 1 0 0 0 1 0 1 0 1 0 1 0 1 0 1 0 1 0 1 0 1 0 1 0 
3 0 0 0 3 0 3 0 0 0 0 0 0 0 0 0 0 0 0 0 0 0 0 0 0 0 0 0 0 0 0 0 0 0 0 0 0 0 0 0 0 0 0 0 
3 0 0 0 3 0 3 0 0 0 0 0 8 0 8 0 8 0 6 0 8 0 0 0 3 0 3 0 3 0 3 0 3 0 3 0 3 0 3 0 3 0 3 0 
3 0 0 0 3 0 3 0 0 0 0 0 8 0 8 0 8 0 6 0 8 0 0 0 0 0 0 0 0 0 0 0 0 0 0 0 0 0 0 0 0 0 0 0 
3 0 0 0 0 0 10 0 0 0 0 0 0 0 8 0 8 0 6 0 8 0 8 0 0 0 3 0 3 0 3 0 0 0 0 0 0 0 0 0 0 0 0 0 
3 0 0 0 5 0 1 0 1 0 5 0 8 0 8 0 8 0 6 0 8 0 8 0 0 0 3 0 3 0 3 0 0 0 0 0 0 0 0 0 0 0 0 0 
3 0 0 0 0 0 0 0 0 0 0 0 10 0 8 0 8 0 8 0 8 0 8 0 9 0 3 0 3 0 3 0 0 0 0 0 0 0 0 0 0 0 0 0 
0 0 0 0 0 0 0 0 0 0 0 0 8 0 8 0 8 0 6 0 8 0 8 0 0 0 3 0 3 0 3 0 0 0 0 0 0 0 0 0 0 0 0 0 
0 0 0 0 0 0 0 0 0 0 0 0 8 0 8 0 8 0 6 0 8 0 8 0 0 0 0 0 0 0 0 0 0 0 0 0 0 0 0 0 0 0 0 0 
0 0 0 0 0 0 0 0 0 0 3 0 3 0 3 0 3 0 6 0 0 0 0 0 0 0 0 0 0 0 0 0 0 0 0 0 0 0 0 0 0 0 0 0 
0 0 0 0 0 0 0 0 0 0 3 0 0 0 3 0 3 0 6 0 0 0 0 0 0 0 0 0 0 0 0 0 0 0 0 0 0 0 0 0 0 0 0 0 
0 0 0 0 0 0 0 0 0 0 3 0 0 0 3 0 3 0 0 0 0 0 0 0 0 0 0 0 0 0 0 0 0 0 0 0 0 0 0 0 0 0 0 0 
0 0 0 0 0 0 0 0 0 0 3 0 0 0 2 0 3 0 6 0 0 0 0 0 0 0 0 0 0 0 0 0 0 0 0 0 0 0 0 0 0 0 0 0 
0 0 0 0 0 0 0 0 0 0 3 0 3 0 3 0 3 0 6 0 0 0 0 0 0 0 0 0 0 0 0 0 0 0 0 0 0 0 0 0 0 0 0 0 
0 0 0 0 0 0 0 0 0 0 0 0 0 0 3 0 3 0 6 0 0 0 0 0 0 0 0 0 0 0 0 0 0 0 0 0 0 0 0 0 0 0 0 0 
0 0 0 0 0 0 0 0 0 0 0 0 0 0 3 0 3 0 6 0 0 0 0 0 0 0 0 0 0 0 0 0 0 0 0 0 0 0 0 0 0 0 0 0 
decorations 0

layer // layer 1
name noname
offset 15 15
cells_offset 120 240
scroll_scale_factor_1 1 1
scroll_scale_factor_2 1 1
cell_size 40 40
width 23
height 39
shadow
no_cells
sprite_cells
0 0 0 0 0 0 0 0 0 0 0 0 0 0 0 0 2 0 2 0 2 0 2 0 0 0 0 0 0 0 0 0 0 0 0 0 0 0 0 0 0 0 0 0 0 0 
0 0 0 0 0 0 0 0 0 0 0 0 0 0 0 0 2 0 0 0 0 0 0 0 0 0 0 0 0 0 0 0 0 0 0 0 0 0 0 0 0 0 0 0 0 0 
0 0 0 0 0 0 0 0 0 0 0 0 0 0 0 0 2 0 0 0 0 0 0 0 0 0 0 0 0 0 0 0 0 0 0 0 0 0 0 0 0 0 0 0 0 0 
0 0 0 0 0 0 0 0 0 0 0 0 0 0 0 0 2 0 0 0 0 0 0 0 0 0 0 0 0 0 0 0 0 0 0 0 0 0 0 0 0 0 0 0 0 0 
0 0 0 0 0 0 0 0 0 0 0 0 0 0 0 0 2 0 0 0 0 0 0 0 2 0 2 0 0 0 0 0 0 0 0 0 0 0 0 0 0 0 0 0 0 0 
0 0 0 0 0 0 0 0 0 0 0 0 0 0 0 0 2 0 0 0 0 0 0 0 11 0 12 0 0 0 0 0 0 0 0 0 0 0 0 0 0 0 0 0 0 0 
0 0 0 0 0 0 0 0 0 0 0 0 0 0 2 0 2 0 0 0 0 0 0 0 13 0 3 0 3 0 0 0 0 0 0 0 0 0 0 0 0 0 0 0 0 0 
0 0 0 0 0 0 0 0 0 0 0 0 2 0 2 0 0 0 0 0 0 0 0 0 0 0 0 0 0 0 0 0 0 0 0 0 0 0 0 0 0 0 0 0 0 0 
0 0 0 0 0 0 0 0 0 0 0 0 2 0 2 0 0 0 0 0 0 0 0 0 0 0 0 0 0 0 0 0 0 0 0 0 0 0 0 0 0 0 0 0 0 0 
0 0 0 0 0 0 0 0 0 0 0 0 2 0 2 0 0 0 0 0 0 0 0 0 0 0 0 0 0 0 0 0 0 0 0 0 0 0 0 0 0 0 0 0 0 0 
0 0 0 0 0 0 0 0 0 0 0 0 0 0 2 0 0 0 0 0 0 0 0 0 0 0 0 0 0 0 0 0 0 0 0 0 0 0 0 0 0 0 0 0 0 0 
0 0 0 0 0 0 0 0 0 0 0 0 0 0 2 0 0 0 14 0 3 0 3 0 3 0 15 0 16 0 17 0 3 0 15 0 16 0 17 0 0 0 0 0 0 0 
0 0 0 0 0 0 0 0 0 0 0 0 0 0 2 0 0 0 0 0 0 0 0 0 0 0 0 0 0 0 0 0 0 0 0 0 0 0 0 0 0 0 0 0 0 0 
0 0 2 0 15 0 16 0 17 0 2 0 2 0 2 0 0 0 0 0 0 0 0 0 0 0 0 0 0 0 0 0 0 0 0 0 0 0 0 0 0 0 0 0 0 0 
0 0 2 0 0 0 0 0 0 0 0 0 0 0 0 0 0 0 0 0 0 0 0 0 0 0 18 0 18 0 18 0 18 0 18 0 18 0 18 0 0 0 0 0 0 0 
0 0 2 0 0 0 0 0 0 0 0 0 0 0 19 0 0 0 0 0 0 0 14 0 18 0 18 0 0 0 14 0 18 0 0 0 0 0 0 0 0 0 0 0 0 0 
0 0 2 0 0 0 0 0 0 0 0 0 0 0 18 0 0 0 0 0 0 0 0 0 0 0 0 0 0 0 0 0 0 0 0 0 0 0 0 0 0 0 0 0 0 0 
3 0 3 0 0 0 0 0 0 0 0 0 0 0 18 0 0 0 0 0 0 0 0 0 0 0 0 0 0 0 0 0 0 0 0 0 0 0 0 0 0 0 0 0 0 0 
3 0 0 0 0 0 19 0 0 0 0 0 18 0 18 0 0 0 0 0 0 0 0 0 19 0 0 0 0 0 0 0 0 0 19 0 0 0 0 0 0 0 0 0 0 0 
3 0 0 0 0 0 3 0 0 0 0 0 18 0 0 0 0 0 0 0 0 0 14 0 18 0 0 0 14 0 18 0 18 0 18 0 0 0 14 0 18 0 18 0 18 0 
3 0 0 0 0 0 3 0 0 0 0 0 18 0 0 0 0 0 0 0 0 0 0 0 0 0 0 0 0 0 0 0 0 0 0 0 0 0 0 0 0 0 0 0 0 0 
3 0 0 0 0 0 3 0 0 0 0 0 18 0 0 0 0 0 0 0 0 0 0 0 0 0 0 0 0 0 0 0 0 0 0 0 0 0 0 0 0 0 0 0 0 0 
3 0 0 0 3 0 3 0 0 0 0 0 18 0 0 0 0 0 0 0 0 0 0 0 19 0 0 0 0 0 0 0 19 0 0 0 0 0 0 0 0 0 19 0 0 0 
3 0 0 0 3 0 3 0 0 0 0 0 18 0 0 0 0 0 0 0 0 0 0 0 18 0 0 0 0 0 14 0 18 0 0 0 0 0 14 0 18 0 18 0 0 0 
3 0 0 0 3 0 3 0 0 0 0 0 18 0 0 0 0 0 14 0 18 0 18 0 18 0 0 0 0 0 0 0 0 0 0 0 0 0 0 0 0 0 0 0 0 0 
3 0 0 0 3 0 19 0 0 0 0 0 18 0 0 0 0 0 0 0 0 0 0 0 18 0 0 0 0 0 0 0 0 0 0 0 0 0 0 0 0 0 0 0 0 0 
3 0 0 0 0 0 3 0 0 0 0 0 18 0 19 0 0 0 0 0 0 0 14 0 18 0 18 0 18 0 18 0 18 0 0 0 0 0 0 0 0 0 0 0 0 0 
3 0 0 0 3 0 3 0 14 0 3 0 3 0 3 0 0 0 0 0 0 0 0 0 0 0 18 0 0 0 0 0 0 0 0 0 0 0 0 0 0 0 0 0 0 0 
3 0 0 0 3 0 0 0 0 0 0 0 14 0 3 0 0 0 0 0 19 0 0 0 0 0 18 0 0 0 0 0 0 0 0 0 0 0 0 0 0 0 0 0 0 0 
3 0 0 0 3 0 0 0 0 0 0 0 0 0 19 0 0 0 14 0 3 0 0 0 0 0 0 0 0 0 0 0 0 0 0 0 0 0 0 0 0 0 0 0 0 0 
0 0 0 0 0 0 0 0 0 0 0 0 0 0 3 0 0 0 0 0 0 0 0 0 0 0 0 0 0 0 0 0 0 0 0 0 0 0 0 0 0 0 0 0 0 0 
0 0 0 0 0 0 0 0 0 0 3 0 3 0 3 0 0 0 0 0 0 0 0 0 0 0 0 0 0 0 0 0 0 0 0 0 0 0 0 0 0 0 0 0 0 0 
0 0 0 0 0 0 0 0 0 0 3 0 0 0 19 0 0 0 0 0 0 0 0 0 0 0 0 0 0 0 0 0 0 0 0 0 0 0 0 0 0 0 0 0 0 0 
0 0 0 0 0 0 0 0 0 0 3 0 0 0 3 0 0 0 0 0 0 0 0 0 0 0 0 0 0 0 0 0 0 0 0 0 0 0 0 0 0 0 0 0 0 0 
0 0 0 0 0 0 0 0 0 0 3 0 0 0 3 0 0 0 14 0 3 0 0 0 0 0 0 0 0 0 0 0 0 0 0 0 0 0 0 0 0 0 0 0 0 0 
0 0 0 0 0 0 0 0 0 0 3 0 14 0 3 0 0 0 0 0 0 0 0 0 0 0 0 0 0 0 0 0 0 0 0 0 0 0 0 0 0 0 0 0 0 0 
0 0 0 0 0 0 0 0 0 0 3 0 0 0 19 0 0 0 0 0 0 0 0 0 0 0 0 0 0 0 0 0 0 0 0 0 0 0 0 0 0 0 0 0 0 0 
0 0 0 0 0 0 0 0 0 0 0 0 0 0 3 0 0 0 0 0 0 0 0 0 0 0 0 0 0 0 0 0 0 0 0 0 0 0 0 0 0 0 0 0 0 0 
0 0 0 0 0 0 0 0 0 0 0 0 0 0 3 0 0 0 0 0 0 0 0 0 0 0 0 0 0 0 0 0 0 0 0 0 0 0 0 0 0 0 0 0 0 0 
decorations 0

layer // layer 2
name Main
offset 0 0
cells_offset 120 200
scroll_scale_factor_1 1 1
scroll_scale_factor_2 1 1
cell_size 40 40
width 24
height 41
cells
0 0 0 0 0 0 0 0 0 0 0 0 0 0 0 0 0 0 0 0 0 0 0 0 
0 0 0 0 0 0 0 0 2 2 12290 2 2 0 0 0 0 0 0 0 0 0 0 0 
0 0 0 0 0 0 0 0 2 0 0 0 2 0 0 0 0 0 0 0 0 0 0 0 
0 0 0 0 0 0 0 0 2 0 0 0 2 2 0 0 0 0 0 0 0 0 0 0 
0 0 0 0 0 0 0 0 1538 0 0 0 2 0 0 0 0 0 0 0 0 0 0 0 
0 0 0 0 0 0 0 0 1538 0 0 0 2 2 0 0 0 0 0 0 0 0 0 0 
0 0 0 0 0 0 0 0 2 0 0 0 194 2 0 0 0 0 0 0 0 0 0 0 
0 0 0 0 0 0 0 2 2 0 0 0 12482 2 2 2 0 0 0 0 0 0 0 0 
0 0 0 0 0 0 0 2 0 0 0 0 0 0 0 2 0 0 0 0 0 0 0 0 
0 0 0 0 0 0 0 1538 0 0 0 0 0 0 0 2 0 0 0 0 0 0 0 0 
0 0 0 0 0 0 0 1538 0 0 0 0 2 2 2 2 0 0 0 0 0 0 0 0 
0 0 0 0 0 0 0 2 0 0 2 2 2 0 0 0 0 0 0 0 0 0 0 0 
0 0 0 0 0 0 0 2 0 0 2 2 2 2 2 2 2 2 2 2 2 0 0 0 
0 0 0 0 0 0 0 2 0 0 0 0 0 0 0 0 0 0 0 0 2 0 0 0 
0 2 2 2 2 2 2 2 0 0 0 0 0 0 0 0 0 0 0 0 2 0 0 0 
0 2 0 0 0 0 0 0 0 0 0 0 0 2 2 2 2 2 2 2 2 0 0 0 
0 2 0 0 0 0 0 0 0 0 0 0 12506 2 0 0 2 0 0 0 2 0 0 0 
0 2 0 0 0 2 2 2 0 0 0 0 0 0 0 0 0 0 0 0 2 0 0 0 
2 2 0 0 0 2 2 2 0 0 0 0 0 0 0 0 0 0 0 0 194 0 0 0 
2 0 0 0 0 2 2 2 0 0 0 0 0 0 0 0 0 0 0 0 194 0 0 0 
2 0 2 2 0 2 1730 0 0 0 0 0 2 0 0 2 2 2 0 0 12482 2 2 2 
2 0 2 2 0 2 1730 0 0 0 0 0 0 0 0 0 0 0 0 0 0 0 0 2 
2 0 2 2 0 2 1730 0 0 0 0 0 0 0 0 0 0 0 0 0 0 0 0 2 
2 0 2 2 0 2 1730 0 0 0 0 0 0 0 0 0 0 0 0 0 0 0 0 2 
2 0 2 2 0 2 1730 0 0 0 2 2 2 0 0 0 2 0 0 0 2 2 0 2 
2 0 2 2 0 2 1730 0 0 0 12482 12290 2 0 0 0 0 0 0 0 0 0 0 2 
2 0 2 0 0 2 1730 0 0 0 0 0 2 0 0 0 0 0 0 0 0 0 0 2 
2 0 2 2 0 2 1730 0 0 0 0 0 12290 2 2 2 2 2 2 2 2 2 2 2 
2 0 2 2 0 2 2 2 0 0 0 0 0 2 0 0 0 2 0 0 0 0 0 0 
2 0 2 0 0 0 0 2 0 0 0 0 0 2 0 0 0 2 0 0 0 0 0 0 
2 0 2 0 0 0 0 0 0 0 12290 0 0 0 0 0 0 2 0 0 0 0 0 0 
2 2 2 2 2 2 2 2 0 0 0 0 0 0 0 0 0 2 0 0 0 0 0 0 
0 0 0 0 0 2 12290 2 0 0 0 0 0 2 2 2 2 2 0 0 0 0 0 0 
0 0 0 2 2 2 0 0 0 0 0 2 2 2 0 0 0 0 0 0 0 0 0 0 
0 0 0 2 2 2 0 2 0 0 0 2 0 0 0 0 0 0 0 0 0 0 0 0 
0 0 0 2 2 2 0 2 0 0 194 2 0 0 0 0 0 0 0 0 0 0 0 0 
0 0 0 2 2 2 0 13826 0 0 0 194 0 0 0 0 0 0 0 0 0 0 0 0 
0 0 0 2 2 2 0 0 0 0 0 2 0 0 0 0 0 0 0 0 0 0 0 0 
0 0 0 2 2 2 2 2 0 0 0 2 0 0 0 0 0 0 0 0 0 0 0 0 
0 0 0 0 0 0 0 2 0 0 0 2 0 0 0 0 0 0 0 0 0 0 0 0 
0 0 0 0 0 0 0 2 2 2 2 2 0 0 0 0 0 0 0 0 0 0 0 0 
sprite_cells
0 0 0 0 0 0 0 0 0 0 20 0 21 0 22 0 23 0 12 0 24 0 12 0 23 0 25 0 26 0 20 0 27 0 28 0 0 0 0 0 0 0 0 0 0 0 0 0 
0 0 0 0 0 0 0 0 0 0 29 0 21 0 30 0 31 0 0 0 32 0 31 0 0 0 33 0 30 0 29 0 34 0 35 0 0 0 0 0 0 0 0 0 0 0 0 0 
0 0 0 0 0 0 0 0 0 0 29 0 21 0 36 0 33 0 0 0 0 0 0 0 33 0 0 0 30 0 29 0 34 0 35 0 0 0 0 0 0 0 0 0 0 0 0 0 
0 0 0 0 0 0 0 0 0 0 29 0 21 0 30 0 0 0 0 0 0 0 0 0 0 0 37 0 30 0 29 0 34 0 35 0 0 0 0 0 0 0 0 0 0 0 0 0 
0 0 0 0 0 0 0 0 0 0 29 0 21 0 38 0 26 0 0 0 0 0 0 0 39 0 0 0 30 0 29 0 34 0 35 0 0 0 0 0 0 0 0 0 0 0 0 0 
0 0 0 0 0 0 0 0 0 0 29 0 22 0 25 0 40 0 0 0 0 0 0 0 0 0 0 0 30 0 29 0 34 0 35 0 0 0 0 0 0 0 0 0 0 0 0 0 
0 0 0 0 0 0 0 0 0 0 29 0 30 0 39 0 0 0 0 0 0 0 0 0 11 0 12 0 41 0 29 0 34 0 35 0 0 0 0 0 0 0 0 0 0 0 0 0 
0 0 0 0 0 0 0 0 0 0 29 0 30 0 0 0 0 0 0 0 0 0 0 0 13 0 42 0 43 0 44 0 34 0 35 0 0 0 0 0 0 0 0 0 0 0 0 0 
0 0 0 0 0 0 0 0 0 0 29 0 30 0 37 0 0 0 0 0 0 0 0 0 0 0 0 0 0 0 29 0 34 0 35 0 0 0 0 0 0 0 0 0 0 0 0 0 
20 0 27 0 27 0 27 0 27 0 45 0 38 0 26 0 0 0 0 0 0 0 0 0 0 0 0 0 0 0 29 0 34 0 35 0 0 0 0 0 0 0 0 0 0 0 0 0 
29 0 22 0 25 0 46 0 25 0 46 0 25 0 40 0 0 0 0 0 0 0 0 0 33 0 31 0 0 0 47 0 33 0 31 0 0 0 47 0 33 0 39 0 0 0 0 0 
29 0 30 0 48 0 49 0 48 0 49 0 48 0 33 0 0 0 0 0 39 0 0 0 0 0 50 0 50 0 50 0 0 0 50 0 50 0 50 0 0 0 0 0 0 0 0 0 
29 0 48 0 0 0 51 0 0 0 51 0 0 0 0 0 0 0 0 0 0 0 0 0 52 0 15 0 16 0 17 0 52 0 15 0 16 0 17 0 39 0 0 0 39 0 0 0 
42 0 0 0 53 0 0 0 53 0 0 0 53 0 33 0 0 0 0 0 0 0 0 0 0 0 0 0 0 0 0 0 0 0 0 0 0 0 0 0 0 0 0 0 0 0 0 0 
20 0 28 0 15 0 16 0 17 0 31 0 0 0 0 0 0 0 0 0 0 0 0 0 0 0 0 0 0 0 0 0 0 0 0 0 0 0 0 0 39 0 0 0 39 0 0 0 
29 0 35 0 0 0 0 0 0 0 0 0 0 0 0 0 0 0 0 0 0 0 0 0 0 0 21 0 54 0 54 0 21 0 54 0 54 0 54 0 0 0 0 0 0 0 0 0 
29 0 35 0 0 0 0 0 0 0 0 0 0 0 0 0 0 0 0 0 0 0 0 0 55 0 21 0 0 0 0 0 21 0 0 0 0 0 0 0 39 0 0 0 39 0 0 0 
39 0 0 0 0 0 0 0 0 0 56 0 43 0 44 0 0 0 0 0 0 0 0 0 0 0 0 0 0 0 0 0 0 0 0 0 0 0 0 0 0 0 0 0 0 0 0 0 
0 0 0 0 0 0 0 0 0 0 35 0 50 0 29 0 0 0 0 0 0 0 0 0 0 0 0 0 0 0 0 0 0 0 0 0 0 0 0 0 21 0 21 0 39 0 0 0 
29 0 0 0 0 0 0 0 0 0 57 0 27 0 45 0 0 0 0 0 0 0 0 0 0 0 0 0 0 0 0 0 0 0 0 0 0 0 0 0 0 0 0 0 0 0 0 0 
29 0 0 0 20 0 28 0 0 0 29 0 49 0 0 0 0 0 0 0 0 0 0 0 58 0 0 0 0 0 59 0 54 0 60 0 0 0 0 0 49 0 43 0 43 0 44 0 
29 0 0 0 29 0 35 0 0 0 29 0 30 0 0 0 0 0 0 0 0 0 0 0 0 0 0 0 0 0 0 0 0 0 0 0 0 0 0 0 0 0 0 0 0 0 29 0 
29 0 0 0 18 0 18 0 0 0 18 0 30 0 0 0 0 0 0 0 0 0 0 0 0 0 0 0 0 0 0 0 0 0 0 0 0 0 0 0 0 0 0 0 0 0 29 0 
29 0 0 0 29 0 35 0 0 0 29 0 30 0 0 0 0 0 0 0 0 0 0 0 0 0 0 0 0 0 0 0 0 0 0 0 0 0 0 0 0 0 0 0 0 0 29 0 
29 0 0 0 29 0 35 0 0 0 29 0 30 0 0 0 0 0 0 0 18 0 54 0 18 0 0 0 0 0 0 0 58 0 0 0 0 0 0 0 59 0 60 0 0 0 29 0 
29 0 0 0 56 0 61 0 0 0 29 0 30 0 0 0 0 0 0 0 49 0 62 0 35 0 0 0 0 0 0 0 0 0 0 0 0 0 0 0 0 0 0 0 0 0 29 0 
29 0 0 0 35 0 0 0 0 0 29 0 30 0 0 0 0 0 0 0 0 0 0 0 35 0 0 0 0 0 0 0 0 0 0 0 0 0 0 0 0 0 0 0 0 0 29 0 
29 0 0 0 57 0 28 0 0 0 29 0 49 0 0 0 0 0 0 0 0 0 0 0 18 0 27 0 27 0 27 0 27 0 27 0 27 0 27 0 27 0 27 0 27 0 45 0 
29 0 0 0 18 0 18 0 0 0 18 0 18 0 18 0 0 0 0 0 0 0 0 0 0 0 18 0 0 0 0 0 0 0 63 0 20 0 27 0 27 0 27 0 28 0 63 0 
29 0 0 0 18 0 0 0 0 0 0 0 0 0 18 0 0 0 0 0 0 0 0 0 0 0 18 0 0 0 0 0 0 0 63 0 29 0 34 0 34 0 34 0 35 0 63 0 
29 0 0 0 18 0 0 0 0 0 0 0 0 0 0 0 0 0 0 0 18 0 0 0 0 0 0 0 0 0 0 0 0 0 63 0 29 0 34 0 34 0 34 0 35 0 63 0 
29 0 18 0 18 0 39 0 0 0 18 0 37 0 18 0 0 0 0 0 0 0 0 0 0 0 0 0 0 0 0 0 0 0 63 0 42 0 43 0 43 0 43 0 61 0 63 0 
29 0 64 0 64 0 0 0 0 0 18 0 49 0 18 0 0 0 0 0 0 0 0 0 0 0 18 0 54 0 54 0 54 0 18 0 54 0 54 0 54 0 54 0 54 0 18 0 
29 0 64 0 64 0 56 0 43 0 44 0 0 0 0 0 0 0 0 0 0 0 18 0 18 0 18 0 0 0 0 0 0 0 0 0 0 0 0 0 0 0 0 0 0 0 0 0 
29 0 64 0 64 0 35 0 50 0 29 0 0 0 18 0 0 0 0 0 0 0 63 0 0 0 0 0 0 0 0 0 0 0 0 0 0 0 0 0 0 0 0 0 0 0 0 0 
29 0 64 0 64 0 57 0 27 0 45 0 0 0 18 0 0 0 0 0 18 0 18 0 0 0 0 0 0 0 0 0 0 0 0 0 0 0 0 0 0 0 0 0 0 0 0 0 
29 0 64 0 64 0 56 0 43 0 44 0 0 0 18 0 0 0 0 0 0 0 49 0 0 0 0 0 0 0 0 0 0 0 0 0 0 0 0 0 0 0 0 0 0 0 0 0 
29 0 64 0 64 0 35 0 50 0 29 0 0 0 0 0 0 0 0 0 0 0 63 0 0 0 0 0 0 0 0 0 0 0 0 0 0 0 0 0 0 0 0 0 0 0 0 0 
29 0 64 0 64 0 57 0 27 0 45 0 39 0 0 0 0 0 0 0 0 0 63 0 0 0 0 0 0 0 0 0 0 0 0 0 0 0 0 0 0 0 0 0 0 0 0 0 
29 0 18 0 18 0 18 0 18 0 18 0 0 0 0 0 0 0 0 0 0 0 63 0 0 0 0 0 0 0 0 0 0 0 0 0 0 0 0 0 0 0 0 0 0 0 0 0 
42 0 18 0 18 0 18 0 18 0 18 0 18 0 18 0 18 0 18 0 18 0 18 0 0 0 0 0 0 0 0 0 0 0 0 0 0 0 0 0 0 0 0 0 0 0 0 0 
decorations 12
519 1402 65 0
599 1281 65 0
520 1600 66 0
400 1639 65 0
399 1639 67 0
285 727 68 0
374 726 69 0
205 727 70 0
206 737 71 0
320 640 72 0
220 639 73 0
254 639 73 0

layer // layer 3
name noname
offset 0 0
cells_offset 360 960
scroll_scale_factor_1 1 1
scroll_scale_factor_2 1 1
cell_size 40 40
width 16
height 7
no_cells
sprite_cells
0 0 0 0 0 0 0 0 0 0 0 0 0 0 0 0 0 0 0 0 0 0 0 0 0 0 0 0 21 0 21 0 
0 0 0 0 0 0 0 0 0 0 0 0 0 0 0 0 0 0 0 0 0 0 0 0 0 0 0 0 0 0 0 0 
0 0 0 0 0 0 0 0 0 0 0 0 0 0 0 0 0 0 0 0 0 0 0 0 0 0 0 0 0 0 0 0 
0 0 0 0 0 0 0 0 0 0 0 0 0 0 0 0 0 0 0 0 0 0 0 0 0 0 0 0 0 0 0 0 
30 0 0 0 0 0 0 0 0 0 0 0 0 0 0 0 0 0 0 0 0 0 0 0 0 0 0 0 0 0 0 0 
0 0 0 0 0 0 0 0 0 0 0 0 0 0 0 0 0 0 0 0 0 0 0 0 0 0 0 0 0 0 0 0 
30 0 0 0 0 0 0 0 0 0 0 0 0 0 0 0 0 0 0 0 0 0 0 0 0 0 0 0 0 0 0 0 
decorations 2
922 920 74 0
921 960 75 0

} // layers

entities { 
hero/Magneto 1 {
position_in_layer 520 280
layer_index 2
}
thorns/big_N 2 {
position_in_layer 519 616
layer_index 2
}
AcidPool 4 {
size 3 1
position_in_layer 440 1760
layer_index 2
}
AcidPool 5 {
size 10 1
position_in_layer 640 1240
layer_index 2
}
ortho/cyclop_spider 6 {
move_distance 80
delay_to_fwd 1000
position_in_layer 619 1057
layer_index 2
}
ortho/cyclop_spider 7 {
move_distance 80
delay_to_fwd 1500
position_in_layer 779 895
layer_index 2
}
ortho/cyclop_spider 8 {
speed_bwd 160
move_distance 300
delay_to_fwd 1000
position_in_layer 661 896
layer_index 2
}
spikes_W 9 {
position_in_layer 920 960
layer_index 2
}
spikes40_E 10 {
position_in_layer 360 1200
layer_index 2
}
spikes40_E 11 {
position_in_layer 360 1120
layer_index 2
}
shooter/drop 12 {
shot_delay 1500 1500
shot_delay2 250 250
position_in_layer 580 1260
layer_index 2
}
THORNBALL/medium 13 {
position_in_layer 566 389
layer_index 2
}
ortho/crocodile 14 {
position_in_layer 442 522
layer_index 2
}
Device/Respawn 15 {
position_in_layer 360 1680
layer_index 2
}
DoorV 16 {
position_in_layer 640 1400
layer_index 2
}
Device/Respawn 19 {
position_in_layer 360 840
layer_index 2
}
Device/Lever_E 20 {
on true
operate 26
position_in_layer 200 920
layer_index 2
}
DoorSingleH 21 {
start_opened true
position_in_layer 280 1080
layer_index 2
}
DoorSingleH 22 {
start_opened true
position_in_layer 280 1320
layer_index 2
}
teeth40_E 24 {
position_in_layer 220 1240
layer_index 2
}
Device/Lever_E 25 {
on true
operate 26
on_switch_on_action run
position_in_layer 200 880
layer_index 2
}
Spec/SignalPlexor 26 {
operate_1 21
operate_2 22
invert true
switch true
position_in_layer -7 1050
layer_index 2
}
Break/Wall 33 {
position_in_layer 400 1400
layer_index 2
}
Device/Respawn 34 {
position_in_layer 240 1400
layer_index 2
}
Spec/LevelExit 35 {
position_in_layer 720 1440
layer_index 2
}
Device/FloorPermanent 37 {
operate 39
position_in_layer 360 1440
layer_index 2
}
SoundMachine 38 {
size 100 40
position_in_layer 250 696
layer_index 2
}
Spec/Actions/Camera 39 {
a1_target 16
a2_target 16
a3_target 16
position_in_layer 490 1332
layer_index 2
}
} // entities
