sprite_table {
 blueplate_19 1
 blueplate_23 2
 blueplate_17 3
 dirt 4
 dirt_small 5
 blueplate_00 6
 dirt/bone 7
 blueplate_01 8
 blueplate_06 9
 blueplate_09 10
 dirt/skull 11
 dirt/boulder2 12
 blueplate_20 13
 blueplate_03 14
 blueplate_14 15
 blueplate_13 16
 blueplate_07 17
 blueplate_18 18
 blueplate_22 19
 blueplate_08 20
 dirt/tablet 21
 blueplate_21 22
 dirt/boulder3 23
 dirt/boulder4 24
 dirt/hole 25
 wall_yellow_02 26
 wall_yellowx_3 27
 wall_yellowx_4 28
 wall_yellowx_5 29
 crane10 30
 crane_platform 31
 shadow_fix_02 32
 shadow_fix_01 33
 wall_stoneA_15 34
 wall_yellow_04 35
 metal_ramp_02 36
 thornball_big 37
 thornball_medium 38
 thornball_small 39
 wall_yellow_03 40
 deco_rocket01 41
 crane11 42
 wire_2H 43
 crane12 44
 wall_yellow_01 45
 deco_rocket07 46
 deco_rocket02 47
 deco_rocket06 48
 crane13 49
 deco_rocket05 50
 deco_rocket03 51
 deco_rocket04 52
 metal_pipeend 53
 wall_metalA_02 54
 metal_pipejoint_04 55
 wall_yellow_06 56
 nogumS 57
 wall_yellow_11 58
 wall_noidea_12 59
 nobubble_field 60
 wall_yellow_10 61
 wall_stoneB_02 62
 nogumN 63
 metal_ramp_01 64
 metal_ramp_03 65
 glowing 66
 wall_stoneA_03 67
 wall_stoneB_00 68
 wall_stoneB_01 69
 halfplate_04b 70
 halfplate_07 71
 halfplate_06 72
 halfplate_02 73
 halfplate_03 74
 sign/doorH 75
 sign/arrow1 76
 wire_2E 77
 wire_2S 78
 wire_2V 79
 wire_2N 80
 wire_4 81
 bgr/plate3 82
 metal_fatpipe_03 83
 metal_fatpipe_01 84
 sign/acid1 85
 liquid/acid_full 86
} // sprite_table

layers {
clear_screen true
layer // layer 0
name noname
offset 0 0
cells_offset -240 240
scroll_scale_factor_1 1 1
scroll_scale_factor_2 1 1
cell_size 40 40
width 37
height 23
no_cells
sprite_cells
0 0 0 0 0 0 0 0 0 0 0 0 0 0 0 0 0 0 0 0 0 0 0 0 0 0 0 0 0 0 0 0 0 0 0 0 0 0 0 0 1 0 1 0 1 0 0 0 0 0 1 0 1 0 1 0 0 0 0 0 0 0 0 0 0 0 0 0 0 0 0 0 0 0 
0 0 0 0 0 0 0 0 0 0 0 0 0 0 0 0 0 0 0 0 0 0 0 0 0 0 0 0 0 0 0 0 0 0 0 0 0 0 0 0 1 0 1 0 1 0 1 0 1 0 1 0 1 0 1 0 1 0 1 0 0 0 0 0 0 0 0 0 0 0 0 0 0 0 
0 0 0 0 0 0 0 0 0 0 0 0 0 0 0 0 0 0 0 0 0 0 0 0 0 0 0 0 0 0 0 0 0 0 0 0 0 0 0 0 1 0 2 0 2 0 1 0 1 0 1 0 2 0 2 0 1 0 0 0 0 0 0 0 0 0 0 0 0 0 0 0 0 0 
0 0 0 0 0 0 0 0 0 0 0 0 0 0 0 0 0 0 0 0 0 0 0 0 0 0 0 0 0 0 0 0 0 0 0 0 0 0 0 0 1 0 1 0 1 0 1 0 1 0 1 0 1 0 1 0 1 0 0 0 0 0 0 0 0 0 0 0 0 0 0 0 0 0 
0 0 0 0 0 0 0 0 0 0 0 0 0 0 0 0 0 0 0 0 0 0 0 0 0 0 0 0 0 0 0 0 0 0 0 0 0 0 3 0 3 0 3 0 3 0 3 0 3 0 0 0 0 0 0 0 0 0 0 0 0 0 0 0 0 0 0 0 0 0 0 0 0 0 
0 0 0 0 0 0 0 0 0 0 0 0 0 0 0 0 0 0 0 0 0 0 0 0 0 0 0 0 0 0 0 0 0 0 0 0 0 0 0 0 0 0 0 0 0 0 0 0 0 0 0 0 0 0 0 0 0 0 0 0 0 0 0 0 0 0 0 0 0 0 0 0 0 0 
0 0 0 0 0 0 0 0 0 0 0 0 0 0 0 0 0 0 0 0 0 0 0 0 0 0 0 0 0 0 0 0 0 0 0 0 0 0 0 0 1 0 1 0 1 0 0 0 0 0 0 0 0 0 0 0 0 0 0 0 0 0 0 0 0 0 0 0 0 0 0 0 0 0 
0 0 0 0 0 0 0 0 0 0 0 0 0 0 0 0 0 0 0 0 0 0 0 0 0 0 0 0 0 0 0 0 0 0 0 0 0 0 0 0 1 0 1 0 1 0 1 0 1 0 1 0 1 0 1 0 0 0 0 0 0 0 0 0 0 0 0 0 0 0 0 0 0 0 
0 0 0 0 0 0 0 0 0 0 0 0 0 0 0 0 0 0 0 0 0 0 0 0 0 0 0 0 0 0 0 0 0 0 0 0 0 0 0 0 0 0 1 0 1 0 1 0 1 0 2 0 2 0 1 0 0 0 0 0 0 0 0 0 0 0 0 0 0 0 0 0 0 0 
4 0 0 0 5 0 0 0 0 0 0 0 6 0 6 0 0 0 6 0 6 0 0 0 6 0 6 0 0 0 6 0 6 0 6 0 0 0 0 0 0 0 0 0 1 0 0 0 1 0 1 0 1 0 1 0 0 0 0 0 0 0 0 0 0 0 0 0 0 0 0 0 0 0 
0 0 7 0 0 0 0 0 8 0 8 0 8 0 8 0 8 0 8 0 8 0 8 0 8 0 8 0 8 0 8 0 8 0 8 0 0 0 0 0 0 0 0 0 1 0 1 0 1 0 2 0 2 0 1 0 0 0 0 0 0 0 9 0 9 0 9 0 0 0 0 0 0 0 
4 0 0 0 5 0 0 0 0 0 0 0 0 0 0 0 0 0 0 0 0 0 0 0 0 0 0 0 0 0 0 0 0 0 0 0 0 0 0 0 0 0 0 0 0 0 0 0 0 0 1 0 1 0 1 0 1 0 1 0 1 0 9 0 9 0 9 0 10 0 10 0 6 0 
11 0 0 0 12 0 0 0 13 0 13 0 0 0 13 0 13 0 0 0 13 0 13 0 0 0 13 0 13 0 0 0 13 0 13 0 0 0 6 0 6 0 6 0 6 0 6 0 0 0 10 0 10 0 0 0 0 0 0 0 0 0 0 0 0 0 0 0 0 0 0 0 6 0 
0 0 0 0 0 0 0 0 8 0 8 0 14 0 8 0 8 0 14 0 8 0 8 0 14 0 8 0 8 0 14 0 8 0 8 0 0 0 8 0 8 0 8 0 8 0 8 0 15 0 16 0 16 0 15 0 14 0 16 0 16 0 17 0 17 0 17 0 16 0 15 0 6 0 
18 0 18 0 18 0 18 0 0 0 0 0 0 0 0 0 0 0 0 0 0 0 0 0 0 0 0 0 0 0 0 0 0 0 0 0 6 0 0 0 0 0 0 0 0 0 0 0 0 0 0 0 0 0 0 0 0 0 0 0 0 0 17 0 17 0 17 0 0 0 0 0 6 0 
18 0 18 0 0 0 0 0 0 0 0 0 0 0 0 0 0 0 0 0 0 0 0 0 0 0 0 0 0 0 0 0 0 0 9 0 9 0 9 0 0 0 0 0 0 0 0 0 0 0 1 0 1 0 1 0 0 0 0 0 0 0 0 0 0 0 0 0 0 0 0 0 0 0 
19 0 19 0 19 0 0 0 0 0 0 0 0 0 0 0 0 0 0 0 0 0 4 0 0 0 0 0 0 0 0 0 0 0 9 0 9 0 9 0 0 0 20 0 0 0 6 0 18 0 18 0 18 0 18 0 18 0 6 0 17 0 20 0 0 0 9 0 9 0 9 0 6 0 
0 0 0 0 18 0 0 0 0 0 0 0 4 0 0 0 4 0 21 0 0 0 0 0 0 0 12 0 0 0 4 0 0 0 9 0 9 0 9 0 0 0 6 0 20 0 0 0 18 0 18 0 18 0 18 0 18 0 6 0 17 0 20 0 0 0 9 0 9 0 9 0 6 0 
0 0 0 0 22 0 19 0 19 0 0 0 23 0 0 0 0 0 0 0 0 0 0 0 0 0 0 0 0 0 0 0 0 0 9 0 9 0 9 0 0 0 20 0 0 0 6 0 18 0 18 0 18 0 18 0 18 0 6 0 17 0 20 0 0 0 9 0 9 0 9 0 6 0 
0 0 0 0 0 0 0 0 18 0 0 0 4 0 24 0 4 0 0 0 0 0 6 0 8 0 6 0 0 0 25 0 26 0 9 0 9 0 9 0 0 0 6 0 20 0 0 0 18 0 18 0 18 0 18 0 18 0 6 0 17 0 20 0 0 0 9 0 9 0 9 0 6 0 
0 0 0 0 0 0 0 0 18 0 0 0 0 0 0 0 0 0 0 0 0 0 0 0 0 0 0 0 0 0 0 0 0 0 6 0 6 0 6 0 0 0 20 0 0 0 6 0 18 0 18 0 18 0 18 0 18 0 6 0 17 0 20 0 0 0 9 0 9 0 9 0 6 0 
0 0 0 0 0 0 0 0 22 0 19 0 19 0 19 0 19 0 0 0 0 0 17 0 8 0 17 0 0 0 0 0 0 0 0 0 0 0 0 0 0 0 6 0 20 0 0 0 0 0 1 0 18 0 18 0 20 0 6 0 17 0 20 0 0 0 9 0 9 0 9 0 6 0 
0 0 0 0 0 0 0 0 0 0 0 0 0 0 0 0 18 0 18 0 18 0 17 0 0 0 17 0 10 0 10 0 0 0 0 0 0 0 0 0 0 0 20 0 0 0 0 0 0 0 1 0 18 0 1 0 0 0 0 0 17 0 20 0 0 0 9 0 9 0 9 0 6 0 
decorations 0

layer // layer 1
name noname
offset 15 15
cells_offset -280 240
scroll_scale_factor_1 1 1
scroll_scale_factor_2 1 1
cell_size 40 40
width 38
height 24
shadow
no_cells
sprite_cells
0 0 0 0 0 0 0 0 0 0 0 0 0 0 0 0 0 0 0 0 0 0 0 0 0 0 0 0 0 0 0 0 0 0 0 0 0 0 0 0 6 0 27 0 28 0 29 0 6 0 6 0 27 0 28 0 29 0 6 0 0 0 0 0 0 0 0 0 0 0 0 0 0 0 0 0 
0 0 0 0 0 0 0 0 0 0 0 0 0 0 0 0 0 0 0 0 0 0 0 0 0 0 0 0 0 0 0 0 0 0 0 0 0 0 0 0 6 0 0 0 0 0 0 0 0 0 0 0 0 0 0 0 0 0 0 0 0 0 0 0 0 0 0 0 0 0 0 0 0 0 0 0 
0 0 0 0 0 0 0 0 0 0 0 0 0 0 0 0 0 0 0 0 0 0 0 0 0 0 0 0 0 0 0 0 0 0 0 0 0 0 0 0 6 0 0 0 0 0 0 0 0 0 0 0 0 0 0 0 0 0 0 0 0 0 0 0 0 0 0 0 0 0 0 0 0 0 0 0 
0 0 0 0 0 0 0 0 0 0 0 0 0 0 0 0 0 0 0 0 0 0 0 0 0 0 0 0 0 0 0 0 0 0 0 0 0 0 0 0 6 0 0 0 0 0 0 0 0 0 0 0 0 0 0 0 0 0 0 0 0 0 0 0 0 0 0 0 0 0 0 0 0 0 0 0 
0 0 0 0 0 0 0 0 0 0 0 0 0 0 0 0 0 0 0 0 0 0 0 0 0 0 0 0 0 0 0 0 0 0 0 0 0 0 0 0 6 0 0 0 0 0 0 0 30 0 31 0 0 0 0 0 0 0 0 0 0 0 0 0 0 0 0 0 0 0 0 0 0 0 0 0 
0 0 0 0 0 0 0 0 0 0 0 0 0 0 0 0 0 0 0 0 0 0 0 0 0 0 0 0 0 0 0 0 0 0 0 0 0 0 0 0 6 0 0 0 0 0 0 0 0 0 0 0 0 0 0 0 0 0 0 0 0 0 0 0 0 0 0 0 0 0 0 0 0 0 0 0 
0 0 0 0 0 0 0 0 0 0 0 0 0 0 0 0 0 0 0 0 0 0 0 0 0 0 0 0 0 0 0 0 0 0 0 0 0 0 0 0 6 0 0 0 0 0 32 0 6 0 6 0 6 0 6 0 6 0 0 0 0 0 0 0 0 0 0 0 0 0 0 0 0 0 0 0 
0 0 0 0 0 0 0 0 0 0 0 0 0 0 0 0 0 0 0 0 0 0 0 0 0 0 0 0 0 0 0 0 0 0 0 0 0 0 0 0 6 0 33 0 0 0 0 0 34 0 0 0 0 0 0 0 0 0 0 0 0 0 0 0 0 0 0 0 0 0 0 0 0 0 0 0 
35 0 35 0 35 0 35 0 0 0 0 0 0 0 0 0 0 0 0 0 0 0 0 0 0 0 0 0 0 0 0 0 0 0 0 0 0 0 0 0 0 0 1 0 33 0 0 0 34 0 0 0 0 0 0 0 0 0 0 0 0 0 0 0 0 0 0 0 0 0 0 0 0 0 0 0 
35 0 0 0 0 0 0 0 35 0 35 0 1 0 27 0 29 0 1 0 27 0 29 0 1 0 27 0 29 0 1 0 27 0 28 0 29 0 0 0 0 0 0 0 1 0 32 0 6 0 0 0 0 0 0 0 0 0 0 0 0 0 1 0 1 0 1 0 1 0 0 0 0 0 0 0 
35 0 0 0 0 0 0 0 35 0 0 0 0 0 0 0 0 0 0 0 0 0 0 0 0 0 0 0 0 0 0 0 0 0 0 0 0 0 0 0 0 0 0 0 1 0 0 0 0 0 33 0 0 0 0 0 32 0 1 0 1 0 1 0 0 0 0 0 32 0 1 0 1 0 1 0 
35 0 0 0 0 0 0 0 35 0 0 0 0 0 33 0 0 0 0 0 33 0 0 0 0 0 33 0 0 0 0 0 33 0 0 0 0 0 1 0 1 0 1 0 1 0 1 0 1 0 1 0 0 0 0 0 0 0 0 0 0 0 0 0 0 0 0 0 0 0 0 0 33 0 0 0 
35 0 0 0 0 0 0 0 35 0 0 0 32 0 35 0 0 0 32 0 35 0 0 0 32 0 35 0 0 0 32 0 35 0 0 0 0 0 1 0 0 0 0 0 0 0 33 0 32 0 1 0 0 0 32 0 1 0 1 0 1 0 1 0 1 0 1 0 1 0 1 0 1 0 0 0 
35 0 35 0 35 0 35 0 35 0 0 0 0 0 0 0 0 0 0 0 0 0 0 0 0 0 0 0 0 0 0 0 0 0 0 0 32 0 1 0 0 0 0 0 0 0 1 0 0 0 0 0 0 0 0 0 0 0 0 0 0 0 0 0 0 0 0 0 0 0 0 0 0 0 0 0 
35 0 0 0 0 0 0 0 0 0 0 0 0 0 0 0 0 0 0 0 0 0 0 0 0 0 0 0 0 0 0 0 0 0 33 0 0 0 0 0 0 0 0 0 0 0 1 0 0 0 0 0 0 0 0 0 0 0 0 0 0 0 0 0 0 0 0 0 0 0 0 0 0 0 0 0 
35 0 0 0 32 0 35 0 0 0 0 0 0 0 0 0 0 0 0 0 0 0 0 0 0 0 0 0 0 0 0 0 0 0 35 0 0 0 0 0 0 0 35 0 35 0 35 0 35 0 35 0 27 0 28 0 29 0 35 0 35 0 35 0 35 0 35 0 35 0 35 0 35 0 35 0 
35 0 0 0 33 0 0 0 0 0 35 0 35 0 35 0 35 0 35 0 35 0 35 0 35 0 35 0 35 0 35 0 35 0 35 0 0 0 0 0 0 0 35 0 0 0 0 0 0 0 0 0 0 0 0 0 0 0 0 0 0 0 0 0 0 0 0 0 0 0 0 0 0 0 0 0 
0 0 0 0 35 0 32 0 35 0 35 0 35 0 0 0 0 0 0 0 0 0 35 0 0 0 0 0 0 0 35 0 0 0 35 0 0 0 0 0 0 0 35 0 0 0 0 0 0 0 0 0 0 0 0 0 0 0 0 0 0 0 0 0 0 0 0 0 0 0 0 0 0 0 0 0 
0 0 0 0 35 0 0 0 33 0 0 0 35 0 0 0 0 0 0 0 0 0 35 0 35 0 35 0 35 0 35 0 0 0 35 0 0 0 0 0 0 0 35 0 0 0 0 0 0 0 0 0 0 0 0 0 0 0 0 0 0 0 0 0 0 0 0 0 0 0 0 0 0 0 0 0 
0 0 0 0 0 0 0 0 35 0 0 0 35 0 0 0 0 0 0 0 0 0 35 0 33 0 0 0 0 0 35 0 0 0 35 0 0 0 0 0 0 0 35 0 0 0 0 0 0 0 0 0 0 0 0 0 33 0 0 0 0 0 0 0 0 0 0 0 0 0 0 0 0 0 0 0 
0 0 0 0 0 0 0 0 35 0 32 0 35 0 35 0 35 0 35 0 35 0 35 0 35 0 32 0 35 0 0 0 0 0 35 0 0 0 0 0 0 0 35 0 0 0 0 0 0 0 0 0 35 0 36 0 35 0 33 0 0 0 0 0 0 0 0 0 0 0 0 0 0 0 0 0 
0 0 0 0 0 0 0 0 35 0 0 0 0 0 0 0 33 0 32 0 35 0 35 0 0 0 0 0 32 0 35 0 35 0 0 0 0 0 0 0 0 0 35 0 0 0 0 0 0 0 35 0 35 0 0 0 35 0 35 0 33 0 0 0 0 0 0 0 0 0 0 0 0 0 0 0 
0 0 0 0 0 0 0 0 0 0 0 0 0 0 0 0 35 0 0 0 0 0 0 0 0 0 0 0 0 0 0 0 0 0 0 0 0 0 0 0 0 0 35 0 0 0 0 0 0 0 35 0 35 0 0 0 35 0 0 0 35 0 0 0 0 0 0 0 0 0 0 0 0 0 0 0 
0 0 0 0 0 0 0 0 0 0 0 0 0 0 0 0 0 0 0 0 0 0 0 0 0 0 0 0 0 0 0 0 0 0 0 0 0 0 0 0 0 0 0 0 0 0 0 0 0 0 0 0 0 0 0 0 35 0 0 0 0 0 0 0 0 0 0 0 0 0 0 0 0 0 0 0 
decorations 4
640 375 32 0
1051 912 37 0
1152 946 38 0
1100 1007 39 0

layer // layer 2
name Main
offset 0 0
cells_offset -280 240
scroll_scale_factor_1 1 1
scroll_scale_factor_2 1 1
cell_size 40 40
width 39
height 24
cells
0 0 0 0 0 0 0 0 0 0 0 0 0 0 0 0 0 0 0 0 2 2 2 2 2 2 2 2 2 2 2 0 0 0 0 0 0 0 0 
0 0 0 0 0 0 0 0 0 0 0 0 0 0 0 0 0 0 0 0 2 0 0 0 0 0 0 0 0 0 2 0 0 0 0 0 0 0 0 
0 0 0 0 0 0 0 0 0 0 0 0 0 0 0 0 0 0 0 0 2 0 0 0 0 0 0 0 0 0 2 0 0 0 0 0 0 0 0 
0 0 0 0 0 0 0 0 0 0 0 0 0 0 0 0 0 0 0 0 2 0 0 0 0 0 0 0 0 0 2 0 0 0 0 0 0 0 0 
0 0 0 0 0 0 0 0 0 0 0 0 0 0 0 0 0 0 0 0 2 0 0 0 2 2 2 2 2 2 2 0 0 0 0 0 0 0 0 
0 0 0 0 0 0 0 0 0 0 0 0 0 0 0 0 0 0 0 0 2 0 0 0 0 0 2 0 0 0 0 0 0 0 0 0 0 0 0 
0 0 0 0 0 0 0 0 0 0 0 0 0 0 0 0 0 0 0 0 2 0 0 0 2 2 2 2 2 2 0 0 0 0 0 0 0 0 0 
0 0 0 0 0 0 0 0 0 0 0 0 0 0 0 0 0 0 0 0 2 0 0 0 2 0 0 0 0 2 0 0 0 0 0 0 0 0 0 
0 0 0 0 0 0 0 0 0 0 0 0 0 0 0 0 0 0 0 0 2 2 0 0 2 0 0 0 0 2 0 0 0 0 0 0 0 0 0 
0 0 0 0 2 2 12290 2 2 12290 2 2 12290 2 2 12290 2 2 2 2 2 2 2 0 2 0 0 0 0 2 0 2 2 2 2 2 0 0 0 
0 0 0 0 2 0 0 0 0 0 0 0 0 0 0 0 0 0 0 194 2 2 2 0 0 0 0 0 0 2 2 2 0 0 0 2 2 2 2 
0 0 0 0 2 0 0 0 0 0 0 0 0 0 0 0 0 0 0 194 12290 2 2 2 2 2 0 0 0 0 0 0 0 0 0 0 0 0 2 
0 0 0 0 2 0 0 2 0 0 2 0 0 2 0 0 2 0 0 194 0 0 0 0 0 2 0 0 2 2 2 2 2 2 2 2 2 0 2 
2 2 2 2 2 0 0 0 0 0 0 0 0 0 0 0 0 0 0 194 0 0 0 2 0 0 0 0 0 0 0 0 0 0 0 0 0 0 2 
2 0 0 0 0 0 0 0 0 0 0 0 0 0 0 0 0 0 0 0 0 0 0 2 0 0 0 0 0 0 0 0 0 0 0 0 0 0 2 
2 0 0 2 2 2 2 2 2 2 2 2 2 2 2 2 2 1538 0 0 0 2 2 2 2 2 2 2 2 2 2 2 2 2 2 2 2 2 2 
2 0 0 0 2 0 0 0 0 0 0 0 0 0 0 0 0 1538 0 0 0 194 0 0 0 0 0 0 0 0 0 0 0 0 0 0 0 0 2 
2 2 2 0 2 2 2 0 0 0 0 0 0 0 0 0 0 1538 0 0 0 194 0 0 0 0 0 0 0 0 0 0 0 0 0 0 0 0 2 
0 0 2 0 0 0 2 0 0 0 0 2 2 12290 2 2 0 1538 0 0 0 194 0 0 0 0 0 0 0 0 0 0 0 0 0 0 0 0 2 
0 0 2 2 2 0 2 0 0 0 0 2 0 0 0 2 0 1538 0 0 0 194 0 0 0 0 0 0 0 0 0 0 0 0 0 0 0 0 2 
0 0 0 0 2 0 2 2 2 2 2 2 2 0 2 2 2 2 0 0 0 2 0 0 0 0 2 2 2 0 0 0 0 0 0 0 0 0 2 
0 0 0 0 2 0 0 0 0 0 2 2 0 0 0 2 2 2 2 2 2 2 0 0 0 2 0 0 0 2 0 0 0 0 0 0 0 0 2 
0 0 0 0 2 2 2 2 2 0 0 0 0 0 0 0 0 0 0 0 0 0 0 0 2 0 0 0 0 0 2 0 0 0 0 0 0 0 2 
0 0 0 0 0 0 0 0 2 2 2 2 2 2 2 2 2 26 26 26 26 26 2 2 0 0 0 0 0 0 0 2 2 2 2 2 2 2 2 
sprite_cells
0 0 0 0 0 0 0 0 0 0 0 0 0 0 0 0 0 0 0 0 0 0 0 0 0 0 0 0 0 0 0 0 0 0 0 0 0 0 35 0 26 0 27 0 28 0 29 0 40 0 0 0 27 0 28 0 29 0 40 0 0 0 0 0 0 0 0 0 0 0 0 0 0 0 0 0 0 0 
0 0 0 0 0 0 0 0 0 0 0 0 0 0 0 0 0 0 0 0 0 0 0 0 0 0 0 0 0 0 0 0 0 0 0 0 0 0 26 0 0 0 0 0 0 0 0 0 0 0 0 0 0 0 0 0 0 0 0 0 26 0 0 0 0 0 0 0 0 0 0 0 35 0 0 0 0 0 
0 0 0 0 0 0 0 0 0 0 0 0 0 0 0 0 0 0 0 0 0 0 0 0 0 0 0 0 0 0 0 0 0 0 0 0 0 0 0 0 26 0 0 0 0 0 0 0 0 0 0 0 0 0 0 0 0 0 0 0 0 0 0 0 0 0 41 0 0 0 0 0 42 0 0 0 0 0 
0 0 0 0 0 0 0 0 0 0 0 0 0 0 0 0 0 0 0 0 0 0 0 0 0 0 0 0 0 0 0 0 0 0 0 0 0 0 26 0 0 0 0 0 0 0 0 0 0 0 0 0 0 0 0 0 0 0 0 0 26 0 0 0 0 0 0 0 43 0 43 0 44 0 0 0 0 0 
0 0 0 0 0 0 0 0 0 0 0 0 0 0 0 0 0 0 0 0 0 0 0 0 0 0 0 0 0 0 0 0 0 0 0 0 0 0 0 0 26 0 0 0 0 0 0 0 30 0 31 0 45 0 0 0 45 0 0 0 0 0 0 0 46 0 47 0 48 0 0 0 49 0 0 0 0 0 
0 0 0 0 0 0 0 0 0 0 0 0 0 0 0 0 0 0 0 0 0 0 0 0 0 0 0 0 0 0 0 0 0 0 0 0 0 0 26 0 0 0 0 0 0 0 0 0 0 0 0 0 0 0 0 0 0 0 0 0 26 0 0 0 0 0 47 0 0 0 0 0 49 0 0 0 0 0 
0 0 0 0 0 0 0 0 0 0 0 0 0 0 0 0 0 0 0 0 0 0 0 0 0 0 0 0 0 0 0 0 0 0 0 0 0 0 0 0 26 0 0 0 0 0 0 0 35 0 40 0 0 0 40 0 0 0 26 0 0 0 0 0 0 0 47 0 43 0 43 0 44 0 0 0 0 0 
0 0 0 0 0 0 0 0 0 0 0 0 0 0 0 0 0 0 0 0 0 0 0 0 0 0 0 0 0 0 0 0 0 0 0 0 0 0 26 0 0 0 0 0 0 0 0 0 34 0 0 0 0 0 0 0 0 0 0 0 26 0 0 0 50 0 51 0 52 0 0 0 49 0 0 0 0 0 
40 0 0 0 40 0 0 0 40 0 0 0 40 0 0 0 40 0 0 0 40 0 0 0 40 0 0 0 40 0 0 0 40 0 0 0 35 0 0 0 40 0 0 0 0 0 0 0 34 0 0 0 0 0 0 0 0 0 26 0 0 0 0 0 0 0 0 0 0 0 0 0 49 0 0 0 0 0 
26 0 0 0 0 0 0 0 26 0 35 0 53 0 27 0 29 0 54 0 27 0 29 0 53 0 27 0 29 0 55 0 27 0 28 0 29 0 40 0 0 0 40 0 0 0 0 0 56 0 0 0 0 0 0 0 0 0 0 0 35 0 26 0 57 0 57 0 57 0 26 0 40 0 0 0 26 0 
0 0 0 0 0 0 0 0 0 0 0 0 0 0 0 0 0 0 0 0 0 0 0 0 0 0 0 0 0 0 0 0 0 0 0 0 0 0 58 0 40 0 0 0 26 0 0 0 0 0 0 0 0 0 0 0 0 0 35 0 59 0 0 0 60 0 60 0 60 0 0 0 35 0 35 0 0 0 
26 0 0 0 0 0 0 0 35 0 0 0 0 0 0 0 0 0 0 0 0 0 0 0 0 0 0 0 0 0 0 0 0 0 0 0 0 0 61 0 53 0 35 0 0 0 35 0 40 0 0 0 0 0 0 0 0 0 0 0 0 0 0 0 60 0 60 0 60 0 0 0 0 0 0 0 58 0 
0 0 0 0 0 0 0 0 26 0 0 0 0 0 62 0 0 0 0 0 62 0 0 0 0 0 62 0 0 0 0 0 62 0 0 0 0 0 61 0 0 0 0 0 0 0 0 0 0 0 35 0 0 0 0 0 40 0 0 0 40 0 0 0 63 0 63 0 63 0 40 0 0 0 0 0 61 0 
40 0 0 0 40 0 0 0 0 0 0 0 0 0 0 0 0 0 0 0 0 0 0 0 0 0 0 0 0 0 0 0 0 0 0 0 0 0 35 0 0 0 0 0 0 0 64 0 0 0 0 0 0 0 0 0 0 0 0 0 0 0 0 0 0 0 0 0 0 0 0 0 0 0 0 0 61 0 
26 0 0 0 0 0 0 0 0 0 0 0 0 0 0 0 0 0 0 0 0 0 0 0 0 0 0 0 0 0 0 0 0 0 0 0 0 0 0 0 0 0 0 0 0 0 65 0 0 0 0 0 0 0 0 0 0 0 0 0 0 0 0 0 0 0 0 0 0 0 0 0 0 0 0 0 61 0 
0 0 0 0 0 0 40 0 0 0 40 0 0 0 66 0 66 0 66 0 66 0 66 0 66 0 66 0 66 0 40 0 0 0 26 0 0 0 0 0 0 0 26 0 40 0 0 0 40 0 0 0 27 0 28 0 29 0 40 0 0 0 40 0 0 0 40 0 0 0 40 0 0 0 40 0 0 0 
35 0 0 0 0 0 0 0 67 0 0 0 40 0 0 0 40 0 0 0 40 0 0 0 40 0 0 0 40 0 0 0 35 0 0 0 0 0 0 0 0 0 0 0 0 0 0 0 0 0 0 0 0 0 0 0 0 0 0 0 0 0 0 0 0 0 0 0 0 0 0 0 0 0 0 0 58 0 
68 0 56 0 68 0 0 0 35 0 40 0 0 0 0 0 0 0 0 0 0 0 58 0 0 0 0 0 0 0 58 0 0 0 26 0 0 0 0 0 0 0 26 0 0 0 0 0 0 0 0 0 0 0 0 0 0 0 0 0 0 0 0 0 0 0 0 0 0 0 0 0 0 0 0 0 61 0 
0 0 68 0 0 0 0 0 0 0 0 0 67 0 0 0 0 0 0 0 0 0 40 0 0 0 53 0 40 0 0 0 0 0 0 0 0 0 0 0 0 0 0 0 0 0 0 0 0 0 0 0 0 0 0 0 0 0 0 0 0 0 0 0 0 0 0 0 0 0 0 0 0 0 0 0 61 0 
68 0 0 0 68 0 67 0 68 0 0 0 35 0 0 0 0 0 0 0 0 0 26 0 0 0 0 0 0 0 26 0 0 0 26 0 0 0 0 0 0 0 26 0 0 0 0 0 0 0 0 0 0 0 0 0 0 0 0 0 0 0 0 0 0 0 0 0 0 0 0 0 0 0 0 0 61 0 
0 0 68 0 0 0 68 0 0 0 0 0 40 0 0 0 35 0 40 0 0 0 0 0 67 0 0 0 67 0 0 0 35 0 0 0 0 0 0 0 0 0 0 0 0 0 0 0 0 0 0 0 64 0 36 0 64 0 0 0 0 0 0 0 0 0 0 0 0 0 0 0 0 0 0 0 26 0 
68 0 0 0 68 0 0 0 68 0 0 0 0 0 0 0 0 0 0 0 67 0 67 0 0 0 0 0 0 0 67 0 67 0 67 0 0 0 0 0 0 0 67 0 0 0 0 0 0 0 26 0 65 0 0 0 65 0 26 0 0 0 0 0 0 0 0 0 0 0 0 0 0 0 0 0 0 0 
0 0 68 0 0 0 68 0 0 0 67 0 69 0 0 0 56 0 0 0 0 0 0 0 0 0 0 0 0 0 0 0 0 0 0 0 0 0 0 0 0 0 0 0 0 0 0 0 26 0 0 0 65 0 0 0 65 0 0 0 26 0 0 0 0 0 0 0 0 0 0 0 0 0 0 0 35 0 
56 0 0 0 56 0 0 0 56 0 69 0 0 0 69 0 0 0 40 0 0 0 40 0 0 0 40 0 0 0 40 0 0 0 67 0 67 0 67 0 67 0 67 0 40 0 0 0 0 0 40 0 0 0 35 0 40 0 0 0 0 0 40 0 0 0 40 0 0 0 40 0 0 0 40 0 0 0 
decorations 16
560 920 70 0
420 960 70 0
420 920 70 0
420 880 70 0
480 760 71 0
481 640 72 0
480 680 70 0
481 720 70 0
400 841 73 0
400 1000 74 0
560 880 72 0
560 960 70 0
560 1000 71 0
840 834 75 0
839 719 75 0
340 1160 76 0

layer // layer 3
name noname
offset 0 0
cells_offset -160 880
scroll_scale_factor_1 1 1
scroll_scale_factor_2 1 1
cell_size 40 40
width 19
height 8
no_cells
sprite_cells
0 0 40 0 0 0 0 0 0 0 0 0 0 0 0 0 0 0 0 0 0 0 0 0 0 0 0 0 0 0 0 0 0 0 0 0 0 0 
0 0 0 0 0 0 0 0 0 0 0 0 0 0 0 0 0 0 0 0 0 0 0 0 0 0 0 0 0 0 0 0 0 0 0 0 0 0 
0 0 0 0 0 0 35 0 0 0 0 0 0 0 0 0 77 0 43 0 43 0 43 0 78 0 0 0 0 0 0 0 0 0 0 0 0 0 
35 0 0 0 0 0 0 0 0 0 0 0 0 0 0 0 79 0 0 0 0 0 0 0 79 0 0 0 0 0 0 0 0 0 0 0 0 0 
0 0 0 0 0 0 0 0 0 0 0 0 0 0 0 0 80 0 0 0 0 0 0 0 81 0 78 0 0 0 0 0 0 0 0 0 0 0 
0 0 0 0 0 0 0 0 0 0 0 0 0 0 35 0 35 0 0 0 0 0 0 0 40 0 0 0 35 0 82 0 82 0 82 0 35 0 
0 0 0 0 35 0 0 0 0 0 0 0 0 0 0 0 0 0 0 0 0 0 0 0 0 0 0 0 83 0 84 0 84 0 84 0 83 0 
0 0 0 0 0 0 0 0 0 0 0 0 0 0 0 0 0 0 0 0 0 0 0 0 0 0 0 0 40 0 0 0 35 0 40 0 0 0 
decorations 13
-161 999 85 0
-81 1120 85 0
119 1079 85 0
-40 958 85 0
-120 878 85 0
320 1078 79 0
440 1080 36 0
480 1080 36 0
520 1080 36 0
440 1080 86 0
480 1080 86 0
520 1080 86 0
360 1079 79 0

} // layers

entities { 
Crate/solid 2 {
position_in_layer 820 700
layer_index 2
}
Crate/solid 3 {
position_in_layer 840 660
layer_index 2
}
Crate/solid 4 {
position_in_layer 800 660
layer_index 2
}
Crate/solid 5 {
position_in_layer 860 620
layer_index 2
}
Crate/solid 6 {
position_in_layer 860 580
layer_index 2
}
Crate/solid 7 {
position_in_layer 820 580
layer_index 2
}
Crate/solid 10 {
position_in_layer 800 620
layer_index 2
}
Crate/solid 11 {
position_in_layer 780 580
layer_index 2
}
DoorSingleV 12 {
position_in_layer 1120 680
layer_index 2
}
DoorSingleV 16 {
position_in_layer 1160 680
layer_index 2
}
Spec/Actions 18 {
run_once false
a1_target 12
a1_action close
position_in_layer 1120 540
layer_index 2
}
Spec/Actions 19 {
run_once false
a1_target 16
a1_action close
position_in_layer 1160 540
layer_index 2
}
Spec/SignalPlexor 20 {
operate_1 16
operate_2 18
position_in_layer 993 474
layer_index 2
}
Spec/SignalPlexor 21 {
operate_1 19
operate_2 12
position_in_layer 1045 473
layer_index 2
}
Spec/SignalPlexor 22 {
operate_1 12
position_in_layer 1111 474
layer_index 2
}
Device/Lever_N 23 {
operate 20
position_in_layer 1000 680
layer_index 2
}
Device/Lever_N 24 {
operate 21
position_in_layer 1040 680
layer_index 2
}
Device/Lever_N 25 {
operate 22
position_in_layer 1080 680
layer_index 2
}
DoorH 27 {
position_in_layer 760 720
layer_index 2
}
Device/Lever_N 28 {
operate 27
position_in_layer 840 800
layer_index 2
}
hero/Magneto 29 {
position_in_layer 860 360
layer_index 2
}
ortho/spider 30 {
position_in_layer 499 817
layer_index 2
}
AcidPool 31 {
size 3 1
position_in_layer 440 1040
layer_index 2
}
Device/Respawn 32 {
position_in_layer 580 800
layer_index 2
}
Spec/Region 33 {
size 280 40
balloon true
killer true
magneto_killer true
position_in_layer 20 820
layer_index 2
}
ortho/threewheel 34 {
speed_fwd 180
speed_bwd 180
move_distance 460
shot_delay 200 200
position_in_layer -81 805
layer_index 2
}
Device/Respawn 35 {
position_in_layer 360 680
layer_index 2
}
teeth120_E 36 {
position_in_layer -100 680
layer_index 2
}
spikes40_N 40 {
position_in_layer -160 1000
layer_index 2
}
spikes40_N 41 {
position_in_layer -80 1120
layer_index 2
}
spikes40_W 42 {
position_in_layer 120 1080
layer_index 2
}
Device/Respawn 43 {
position_in_layer -240 880
layer_index 2
}
spikes40_W 45 {
position_in_layer -120 880
layer_index 2
}
spikes40_W 46 {
position_in_layer -40 960
layer_index 2
}
spikes_E 47 {
fwd_sound none
bwd_sound none
position_in_layer 120 1080
layer_index 2
}
spikes_W 48 {
position_in_layer 320 1080
layer_index 2
}
Device/FloorPermanent 49 {
operate 51
position_in_layer 200 1040
layer_index 2
}
Device/FloorPermanent 50 {
operate 52
position_in_layer 280 1040
layer_index 2
}
DoorSingleV 51 {
position_in_layer 320 1120
layer_index 2
}
DoorSingleV 52 {
position_in_layer 360 1120
layer_index 2
}
Device/Respawn 53 {
position_in_layer 800 1000
layer_index 2
}
Spec/LevelExit 55 {
position_in_layer 1160 1120
layer_index 2
}
walk/indy 56 {
position_in_layer 1046 1117
layer_index 2
}
shooter/cannon 57 {
shot_delay 250 250
shot_delay2 250 250
shot_delay3 1500 1500
position_in_layer 713 442
layer_index 2
}
Spec/Region 58 {
size 120 100
bubble true
balloon true
killer true
position_in_layer 1000 640
layer_index 2
}
THORNBALL/big 62 {
position_in_layer 1054 917
layer_index 2
}
THORNBALL/medium 63 {
position_in_layer 1160 953
layer_index 2
}
THORNBALL/small 64 {
position_in_layer 1109 1017
layer_index 2
}
} // entities
