sprite_table {
 bgr/rock_07 1
 bgr/rock_01 2
 bgr/wall_brick 3
 bgr/pipe2 4
 bgr/grate 5
 bgr/wall_brick2 6
 bgr/pipe1 7
 bgr/pipe6 8
 bgr/pipe4 9
 bgr/hole1 10
 bgr/wire2 11
 bgr/rock_02 12
 bgr/plate3 13
 bgr/plate1 14
 bgr/futro_V 15
 bgr/wire1 16
 bgr/rock_03 17
 bgr/arc_top1 18
 bgr/arc_top2 19
 bgr/arc_top3 20
 bgr/pipe3 21
 bgr/pipe5 22
 bgr/arc_left 23
 bgr/eyes 24
 bgr/eyes_big 25
 shadow_fix_02 26
 wall_stoneA_07 27
 tile/crate/solid 28
 wall_arc_01 29
 wall_arc_03 30
 shadow_fix_01 31
 wall_stoneA_04 32
 wall_arc_02 33
 pipeend_3 34
 crane06 35
 crane_platform 36
 crane09 37
 crane07 38
 wall_stoneA_02 39
 wall_stoneA_05 40
 wall_stoneA_03 41
 columnA_top 42
 columnA_middle 43
 wall_metalA_03 44
 tractor1 45
 tractor3 46
 bigcogwheel 47
 wall_metalA_02 48
 metal_fatpipe_03 49
 metal_pipe_09 50
 metal_pipejoint_01 51
 metal_pipeend 52
 pipeend_4 53
 tractor2 54
 tractor4 55
 columnA_bottom 56
 teleIN_dn 57
 acid_tank0 58
 wall_stoneA_06 59
 wall_stoneA_08 60
 acid_tank1 61
 wall_metalA_01 62
 teleOUT_dn 63
 teleOUT_up 64
 teleIN_up 65
 wall_stoneA_00 66
 crane12 67
 crane13 68
 wall_stoneA_11 69
 wall_stoneA_12 70
 wall_stoneA_13 71
 crane08 72
 crane14 73
 halfplate_07 74
 halfplate_06 75
 halfplate_01 76
 halfplate_10 77
 acid_tank_glass 78
 metal_pipe_07 79
 sign/stripe1 80
} // sprite_table

layers {
clear_screen true
layer // layer 0
name noname
offset 0 0
cells_offset 120 0
scroll_scale_factor_1 1 1
scroll_scale_factor_2 1 1
cell_size 40 40
width 42
height 19
no_cells
sprite_cells
1 0 0 0 1 0 0 0 1 0 0 0 1 0 0 0 1 0 0 0 0 0 0 0 0 0 0 0 0 0 0 0 0 0 0 0 0 0 0 0 0 0 0 0 0 0 0 0 0 0 0 0 0 0 0 0 0 0 0 0 0 0 0 0 0 0 0 0 0 0 0 0 0 0 0 0 0 0 0 0 0 0 0 0 
2 0 0 0 2 0 0 0 2 0 0 0 2 0 0 0 2 0 0 0 0 0 0 0 0 0 0 0 0 0 0 0 0 0 0 0 0 0 0 0 0 0 0 0 0 0 0 0 0 0 0 0 0 0 0 0 0 0 0 0 0 0 0 0 0 0 0 0 0 0 0 0 0 0 0 0 0 0 0 0 0 0 0 0 
0 0 0 0 0 0 0 0 0 0 0 0 0 0 0 0 0 0 0 0 0 0 0 0 0 0 0 0 0 0 0 0 0 0 0 0 0 0 0 0 0 0 0 0 0 0 0 0 0 0 0 0 0 0 0 0 0 0 0 0 0 0 0 0 0 0 0 0 0 0 0 0 0 0 0 0 0 0 0 0 0 0 0 0 
2 0 0 0 2 0 0 0 2 0 0 0 2 0 0 0 2 0 0 0 0 0 0 0 0 0 0 0 2 0 0 0 2 0 0 0 2 0 0 0 2 0 0 0 0 0 0 0 0 0 0 0 0 0 0 0 0 0 0 0 0 0 0 0 0 0 0 0 0 0 0 0 0 0 0 0 0 0 0 0 0 0 0 0 
0 0 0 0 0 0 0 0 0 0 0 0 0 0 0 0 0 0 0 0 0 0 0 0 0 0 0 0 0 0 0 0 0 0 0 0 0 0 0 0 0 0 0 0 0 0 0 0 0 0 0 0 0 0 0 0 0 0 0 0 0 0 0 0 0 0 0 0 0 0 0 0 0 0 0 0 0 0 0 0 0 0 0 0 
2 0 0 0 2 0 0 0 2 0 0 0 2 0 0 0 2 0 0 0 2 0 0 0 2 0 0 0 2 0 0 0 2 0 0 0 2 0 0 0 2 0 0 0 0 0 0 0 0 0 0 0 0 0 0 0 0 0 0 0 0 0 0 0 0 0 0 0 0 0 0 0 0 0 0 0 0 0 0 0 0 0 0 0 
0 0 0 0 0 0 0 0 0 0 0 0 0 0 0 0 0 0 0 0 0 0 0 0 0 0 0 0 0 0 0 0 0 0 0 0 0 0 0 0 0 0 0 0 0 0 0 0 0 0 0 0 0 0 0 0 0 0 0 0 0 0 0 0 0 0 0 0 0 0 3 0 0 0 3 0 0 0 3 0 0 0 3 0 
2 0 0 0 0 0 2 0 0 0 2 0 0 0 0 0 2 0 0 0 0 0 4 0 3 0 0 0 3 0 0 0 3 0 0 0 0 0 0 0 2 0 0 0 0 0 0 0 0 0 0 0 0 0 0 0 0 0 0 0 0 0 0 0 0 0 0 0 0 0 0 0 0 0 0 0 0 0 5 0 0 0 0 0 
0 0 0 0 0 0 0 0 0 0 0 0 0 0 0 0 0 0 0 0 0 0 4 0 0 0 0 0 0 0 0 0 0 0 0 0 6 0 0 0 0 0 0 0 0 0 0 0 0 0 0 0 0 0 0 0 0 0 0 0 0 0 0 0 0 0 0 0 0 0 7 0 7 0 7 0 0 0 0 0 0 0 0 0 
2 0 0 0 2 0 2 0 0 0 2 0 0 0 0 0 2 0 0 0 0 0 8 0 7 0 9 0 0 0 6 0 6 0 6 0 0 0 0 0 2 0 0 0 0 0 0 0 0 0 0 0 0 0 0 0 0 0 0 0 0 0 0 0 0 0 0 0 0 0 10 0 6 0 10 0 0 0 2 0 0 0 2 0 
0 0 0 0 0 0 0 0 0 0 0 0 2 0 0 0 0 0 0 0 0 0 3 0 0 0 4 0 3 0 0 0 3 0 5 0 6 0 0 0 0 0 0 0 0 0 3 0 0 0 6 0 0 0 0 0 0 0 0 0 0 0 0 0 0 0 0 0 0 0 7 0 7 0 7 0 0 0 0 0 0 0 0 0 
0 0 0 0 2 0 0 0 2 0 0 0 2 0 0 0 2 0 0 0 0 0 0 0 0 0 4 0 0 0 0 0 0 0 0 0 6 0 0 0 0 0 0 0 0 0 0 0 0 0 6 0 0 0 6 0 0 0 0 0 0 0 6 0 0 0 0 0 0 0 11 0 11 0 11 0 0 0 2 0 0 0 12 0 
0 0 0 0 0 0 0 0 0 0 0 0 0 0 0 0 0 0 0 0 0 0 0 0 13 0 4 0 13 0 14 0 0 0 6 0 6 0 6 0 6 0 15 0 16 0 3 0 0 0 3 0 0 0 3 0 5 0 3 0 4 0 6 0 6 0 6 0 6 0 3 0 0 0 3 0 0 0 0 0 0 0 0 0 
2 0 0 0 12 0 0 0 17 0 2 0 0 0 0 0 2 0 0 0 2 0 0 0 2 0 0 0 0 0 0 0 0 0 0 0 0 0 3 0 0 0 0 0 0 0 0 0 0 0 0 0 0 0 0 0 0 0 0 0 4 0 3 0 0 0 0 0 0 0 0 0 0 0 0 0 0 0 0 0 0 0 0 0 
0 0 0 0 0 0 0 0 0 0 0 0 0 0 0 0 0 0 0 0 0 0 0 0 0 0 0 0 3 0 0 0 6 0 0 0 6 0 0 0 0 0 0 0 3 0 0 0 18 0 19 0 20 0 3 0 0 0 21 0 22 0 0 0 0 0 6 0 4 0 3 0 0 0 3 0 0 0 6 0 0 0 0 0 
0 0 0 0 0 0 0 0 0 0 0 0 0 0 0 0 0 0 0 0 0 0 0 0 0 0 0 0 0 0 0 0 0 0 0 0 0 0 0 0 0 0 0 0 0 0 0 0 23 0 0 0 0 0 0 0 0 0 4 0 3 0 0 0 6 0 6 0 4 0 0 0 0 0 0 0 0 0 6 0 0 0 0 0 
0 0 0 0 0 0 0 0 0 0 0 0 0 0 0 0 0 0 0 0 0 0 0 0 0 0 0 0 0 0 0 0 0 0 0 0 0 0 0 0 0 0 0 0 3 0 0 0 23 0 0 0 0 0 0 0 0 0 4 0 0 0 0 0 6 0 6 0 8 0 7 0 7 0 7 0 9 0 6 0 0 0 0 0 
0 0 0 0 0 0 0 0 0 0 0 0 0 0 0 0 0 0 0 0 0 0 0 0 0 0 0 0 0 0 0 0 0 0 0 0 0 0 0 0 0 0 0 0 0 0 0 0 0 0 0 0 0 0 0 0 0 0 0 0 0 0 0 0 0 0 0 0 3 0 0 0 3 0 0 0 4 0 0 0 0 0 0 0 
0 0 0 0 0 0 0 0 0 0 0 0 0 0 0 0 0 0 0 0 0 0 0 0 0 0 0 0 0 0 0 0 0 0 0 0 0 0 0 0 0 0 0 0 0 0 0 0 0 0 0 0 0 0 0 0 0 0 0 0 0 0 0 0 0 0 0 0 0 0 5 0 0 0 5 0 4 0 0 0 0 0 0 0 
decorations 3
231 539 24 0
1126 603 25 0
1793 472 25 0

layer // layer 1
name noname
offset 15 15
cells_offset 80 -40
scroll_scale_factor_1 1 1
scroll_scale_factor_2 1 1
cell_size 40 40
width 44
height 20
shadow
no_cells
sprite_cells
11 0 11 0 11 0 11 0 11 0 11 0 11 0 11 0 11 0 0 0 0 0 0 0 0 0 0 0 0 0 0 0 0 0 0 0 0 0 0 0 0 0 0 0 0 0 0 0 0 0 0 0 0 0 0 0 0 0 0 0 0 0 0 0 0 0 0 0 0 0 0 0 0 0 0 0 0 0 0 0 0 0 0 0 0 0 0 0 
11 0 0 0 0 0 0 0 0 0 0 0 0 0 0 0 11 0 0 0 0 0 0 0 0 0 0 0 0 0 0 0 0 0 0 0 0 0 0 0 0 0 0 0 0 0 0 0 0 0 0 0 0 0 0 0 0 0 0 0 0 0 0 0 0 0 0 0 0 0 0 0 0 0 0 0 0 0 0 0 0 0 0 0 0 0 0 0 
11 0 0 0 0 0 0 0 0 0 0 0 0 0 0 0 11 0 26 0 4 0 0 0 0 0 0 0 0 0 0 0 0 0 0 0 0 0 0 0 0 0 0 0 0 0 0 0 0 0 0 0 0 0 0 0 0 0 0 0 0 0 0 0 0 0 0 0 0 0 0 0 0 0 0 0 0 0 0 0 0 0 0 0 0 0 0 0 
11 0 0 0 0 0 0 0 0 0 0 0 0 0 0 0 11 0 0 0 0 0 0 0 0 0 0 0 4 0 4 0 4 0 4 0 4 0 4 0 4 0 4 0 0 0 0 0 0 0 0 0 0 0 0 0 0 0 0 0 0 0 0 0 0 0 0 0 0 0 0 0 0 0 0 0 0 0 0 0 0 0 0 0 0 0 0 0 
11 0 0 0 0 0 0 0 0 0 0 0 0 0 0 0 11 0 0 0 0 0 0 0 0 0 0 0 4 0 0 0 0 0 0 0 0 0 0 0 0 0 0 0 0 0 0 0 0 0 0 0 0 0 0 0 0 0 0 0 0 0 0 0 0 0 0 0 0 0 0 0 0 0 0 0 0 0 0 0 0 0 0 0 0 0 0 0 
0 0 0 0 11 0 11 0 11 0 11 0 11 0 11 0 11 0 0 0 0 0 4 0 4 0 4 0 4 0 0 0 0 0 27 0 27 0 27 0 27 0 0 0 0 0 0 0 0 0 0 0 0 0 0 0 0 0 0 0 0 0 0 0 0 0 0 0 0 0 0 0 0 0 0 0 0 0 0 0 0 0 0 0 0 0 0 0 
0 0 11 0 11 0 0 0 0 0 0 0 0 0 0 0 0 0 0 0 0 0 0 0 0 0 0 0 0 0 0 0 0 0 27 0 0 0 0 0 0 0 0 0 0 0 0 0 0 0 0 0 0 0 0 0 0 0 0 0 0 0 0 0 0 0 0 0 0 0 28 0 28 0 28 0 28 0 28 0 28 0 28 0 28 0 28 0 
11 0 11 0 0 0 0 0 0 0 0 0 0 0 0 0 11 0 0 0 0 0 27 0 27 0 27 0 27 0 27 0 27 0 27 0 0 0 0 0 0 0 0 0 0 0 0 0 0 0 0 0 0 0 0 0 0 0 0 0 0 0 0 0 0 0 0 0 0 0 28 0 0 0 0 0 0 0 0 0 0 0 0 0 0 0 0 0 
11 0 0 0 0 0 11 0 11 0 29 0 30 0 11 0 11 0 0 0 0 0 27 0 0 0 0 0 0 0 31 0 26 0 22 0 22 0 22 0 27 0 0 0 0 0 0 0 0 0 0 0 0 0 0 0 0 0 0 0 0 0 0 0 0 0 0 0 0 0 28 0 0 0 0 0 0 0 0 0 0 0 0 0 0 0 0 0 
11 0 0 0 11 0 11 0 0 0 0 0 0 0 0 0 11 0 0 0 0 0 27 0 0 0 26 0 4 0 7 0 0 0 0 0 0 0 0 0 27 0 0 0 32 0 0 0 0 0 0 0 0 0 0 0 0 0 0 0 0 0 0 0 0 0 0 0 0 0 28 0 0 0 0 0 0 0 28 0 28 0 28 0 28 0 28 0 
11 0 0 0 0 0 11 0 0 0 0 0 0 0 0 0 11 0 0 0 0 0 27 0 0 0 0 0 0 0 27 0 29 0 33 0 30 0 27 0 27 0 0 0 0 0 0 0 0 0 0 0 0 0 0 0 0 0 0 0 0 0 0 0 0 0 0 0 0 0 28 0 0 0 0 0 0 0 28 0 0 0 0 0 0 0 0 0 
0 0 11 0 0 0 0 0 11 0 11 0 11 0 11 0 11 0 0 0 0 0 27 0 0 0 0 0 0 0 34 0 0 0 0 0 31 0 0 0 27 0 0 0 0 0 28 0 29 0 33 0 30 0 28 0 28 0 0 0 0 0 28 0 28 0 0 0 0 0 28 0 0 0 0 0 0 0 28 0 0 0 0 0 0 0 0 0 
0 0 0 0 11 0 0 0 0 0 0 0 0 0 0 0 0 0 0 0 0 0 27 0 31 0 0 0 0 0 0 0 0 0 7 0 7 0 26 0 28 0 28 0 28 0 28 0 0 0 0 0 0 0 28 0 26 0 28 0 28 0 28 0 26 0 28 0 28 0 28 0 0 0 0 0 0 0 28 0 0 0 0 0 0 0 0 0 
11 0 11 0 11 0 11 0 11 0 11 0 11 0 11 0 11 0 0 0 26 0 11 0 7 0 0 0 0 0 0 0 0 0 7 0 0 0 31 0 0 0 0 0 0 0 0 0 0 0 0 0 0 0 0 0 0 0 0 0 0 0 0 0 0 0 0 0 0 0 0 0 31 0 0 0 0 0 28 0 0 0 0 0 0 0 0 0 
11 0 0 0 0 0 0 0 0 0 0 0 11 0 11 0 11 0 0 0 0 0 26 0 11 0 11 0 7 0 7 0 7 0 7 0 7 0 7 0 26 0 7 0 28 0 28 0 35 0 36 0 36 0 36 0 36 0 36 0 36 0 36 0 36 0 28 0 28 0 28 0 37 0 0 0 26 0 28 0 0 0 0 0 0 0 0 0 
11 0 0 0 0 0 0 0 0 0 0 0 0 0 0 0 11 0 0 0 0 0 0 0 0 0 0 0 7 0 0 0 0 0 0 0 7 0 0 0 0 0 0 0 28 0 0 0 38 0 0 0 0 0 0 0 31 0 0 0 0 0 0 0 0 0 28 0 28 0 0 0 0 0 0 0 0 0 0 0 0 0 0 0 0 0 0 0 
0 0 0 0 0 0 0 0 0 0 0 0 0 0 0 0 0 0 0 0 0 0 0 0 0 0 0 0 0 0 0 0 0 0 0 0 0 0 0 0 0 0 0 0 28 0 0 0 38 0 0 0 0 0 0 0 28 0 31 0 0 0 31 0 0 0 28 0 28 0 0 0 0 0 0 0 0 0 0 0 0 0 0 0 0 0 0 0 
0 0 0 0 0 0 0 0 0 0 0 0 0 0 0 0 0 0 0 0 0 0 0 0 0 0 0 0 0 0 0 0 0 0 0 0 0 0 0 0 0 0 0 0 28 0 0 0 38 0 0 0 0 0 0 0 0 0 28 0 0 0 28 0 0 0 28 0 28 0 0 0 0 0 0 0 0 0 0 0 0 0 0 0 0 0 0 0 
0 0 0 0 0 0 0 0 0 0 0 0 0 0 0 0 0 0 0 0 0 0 0 0 0 0 0 0 0 0 0 0 0 0 0 0 0 0 0 0 0 0 0 0 0 0 0 0 0 0 0 0 0 0 0 0 0 0 0 0 0 0 0 0 0 0 0 0 28 0 0 0 0 0 0 0 0 0 0 0 0 0 0 0 0 0 0 0 
0 0 0 0 0 0 0 0 0 0 0 0 0 0 0 0 0 0 0 0 0 0 0 0 0 0 0 0 0 0 0 0 0 0 0 0 0 0 0 0 0 0 0 0 0 0 0 0 0 0 0 0 0 0 0 0 0 0 0 0 0 0 0 0 0 0 0 0 28 0 0 0 0 0 0 0 0 0 0 0 0 0 0 0 0 0 0 0 
decorations 0

layer // layer 2
name Main
offset 0 0
cells_offset 80 -40
scroll_scale_factor_1 1 1
scroll_scale_factor_2 1 1
cell_size 40 40
width 45
height 21
cells
0 0 0 0 0 0 0 2 2 2 2 2 0 0 0 0 0 0 0 0 0 0 0 0 0 0 0 0 0 0 0 0 0 0 0 0 0 0 0 0 0 0 0 0 0 
0 0 0 0 0 0 0 0 2 0 0 2 0 0 0 0 0 0 0 0 0 0 0 0 0 0 0 0 0 0 0 0 0 0 0 0 0 0 0 0 0 0 0 0 0 
0 0 0 0 0 0 0 0 2 0 2 2 0 0 0 0 0 0 0 0 0 0 0 0 0 0 0 0 0 0 0 0 0 0 0 0 0 0 0 0 0 0 0 0 0 
0 0 0 0 0 0 0 0 2 0 0 2 0 0 2 2 12290 12290 12290 12290 12290 12290 2 0 0 0 0 0 0 0 0 0 0 0 0 0 0 0 0 0 0 0 0 0 0 
0 0 0 0 0 0 0 0 2 0 0 2 0 0 2 0 0 0 0 0 0 0 2 0 0 0 0 0 0 0 0 0 0 0 0 0 0 0 0 0 0 0 0 0 0 
0 0 2 2 2 2 2 2 2 0 0 2 2 2 2 0 0 2 2 2 2 0 2 0 0 0 0 0 0 0 0 0 0 0 0 0 0 0 0 0 0 0 0 0 0 
0 2 2 0 0 0 0 0 0 0 0 0 0 0 0 0 0 2 0 0 0 0 2 0 0 0 0 0 0 0 0 0 0 0 0 2 12290 12290 12290 2 2 2 2 2 2 
2 13826 0 0 2 2 2 2 2 0 0 194 12290 2 2 2 2 2 0 0 0 0 2 0 0 0 0 0 0 0 0 0 0 0 0 1538 0 0 0 0 0 0 0 0 2 
2 0 0 2 2 2 2 2 2 0 0 194 0 0 0 0 0 2 2 2 2 0 2 0 0 0 0 0 0 0 0 0 0 0 0 1538 0 0 0 0 0 0 0 0 2 
2 0 2 2 0 0 0 0 2 0 0 2 0 0 2 2 0 0 0 0 2 0 2 2 0 0 0 0 0 0 0 0 0 0 0 1538 0 0 0 2 2 2 2 2 2 
2 0 0 2 2 0 0 2 2 0 0 1538 0 0 0 2 2 2 2 2 2 0 0 2 0 0 0 0 0 0 0 0 0 0 0 1538 0 0 0 194 0 0 0 0 0 
2 2 0 0 2 2 2 2 2 0 0 2 0 0 0 14018 0 0 0 0 2 0 2 2 2 2 2 2 12290 2 2 2 12290 2 0 1538 0 0 0 194 0 0 0 0 0 
0 2 2 0 0 0 0 0 0 0 0 2 0 0 0 0 0 2 2 0 12290 2 2 2 0 0 0 2 0 2 2 2 0 2 2 2 0 0 0 194 0 0 0 0 0 
0 0 2 2 2 2 2 2 2 0 0 2 2 0 0 0 0 2 0 0 0 0 0 0 0 0 0 0 0 0 0 0 0 0 0 0 0 0 0 194 0 0 0 0 0 
0 0 0 0 0 0 0 0 2 0 0 0 2 2 2 2 2 2 2 2 0 2 2 2 2 2 2 2 2 2 2 2 2 2 2 2 2 0 0 2 2 0 2 0 0 
0 0 0 0 0 0 0 0 2 0 0 0 0 0 2 0 0 0 2 0 0 0 2 0 0 0 0 0 0 0 0 0 0 0 2 0 0 0 0 0 2 0 0 0 0 
0 0 0 0 0 0 0 0 2 2 2 2 2 2 2 0 0 0 2 2 2 2 2 0 0 0 0 0 0 0 0 0 0 0 2 0 0 0 0 0 2 0 0 0 0 
0 0 0 0 0 0 0 0 0 0 0 0 0 0 0 0 0 0 0 0 0 0 0 0 0 0 0 0 0 0 0 0 0 0 2 0 0 0 0 0 2 0 0 0 0 
0 0 0 0 0 0 0 0 0 0 0 0 0 0 0 0 0 0 0 0 0 0 0 0 0 0 0 0 0 0 0 0 0 0 2 0 0 0 0 0 2 0 0 0 0 
0 0 0 0 0 0 0 0 0 0 0 0 0 0 0 0 0 0 0 0 0 0 0 0 0 0 0 0 0 0 0 0 0 0 2 0 0 0 0 0 2 0 0 0 0 
0 0 0 0 0 0 0 0 0 0 0 0 0 0 0 0 0 0 0 0 0 0 0 0 0 0 0 0 0 0 0 0 0 0 2 2 2 2 2 2 2 0 0 0 0 
sprite_cells
39 0 40 0 0 0 40 0 0 0 40 0 0 0 41 0 40 0 0 0 40 0 0 0 0 0 0 0 0 0 0 0 0 0 0 0 0 0 0 0 0 0 0 0 0 0 0 0 0 0 0 0 0 0 0 0 0 0 0 0 0 0 0 0 0 0 0 0 0 0 0 0 0 0 0 0 0 0 0 0 0 0 0 0 0 0 0 0 0 0 
0 0 0 0 0 0 0 0 0 0 0 0 0 0 0 0 42 0 0 0 0 0 41 0 0 0 0 0 0 0 0 0 0 0 0 0 0 0 0 0 0 0 0 0 0 0 0 0 0 0 0 0 0 0 0 0 0 0 0 0 0 0 0 0 0 0 0 0 0 0 0 0 0 0 0 0 0 0 0 0 0 0 0 0 0 0 0 0 0 0 
39 0 0 0 0 0 0 0 0 0 0 0 0 0 0 0 43 0 0 0 40 0 0 0 44 0 0 0 44 0 0 0 44 0 0 0 44 0 0 0 44 0 0 0 44 0 0 0 0 0 0 0 0 0 0 0 0 0 0 0 0 0 0 0 0 0 0 0 0 0 0 0 0 0 0 0 0 0 0 0 0 0 0 0 0 0 0 0 0 0 
0 0 0 0 0 0 0 0 45 0 46 0 0 0 0 0 43 0 0 0 0 0 41 0 47 0 0 0 41 0 41 0 48 0 49 0 49 0 49 0 48 0 50 0 51 0 52 0 53 0 0 0 0 0 0 0 0 0 0 0 0 0 0 0 0 0 0 0 0 0 0 0 0 0 0 0 0 0 0 0 0 0 0 0 0 0 0 0 0 0 
39 0 0 0 0 0 0 0 54 0 55 0 0 0 0 0 56 0 0 0 0 0 39 0 0 0 0 0 39 0 0 0 0 0 0 0 0 0 0 0 0 0 0 0 39 0 0 0 0 0 0 0 0 0 0 0 0 0 0 0 0 0 0 0 0 0 0 0 0 0 0 0 0 0 0 0 0 0 0 0 0 0 0 0 0 0 0 0 0 0 
0 0 39 0 41 0 40 0 0 0 40 0 0 0 40 0 0 0 0 0 0 0 0 0 40 0 0 0 0 0 0 0 0 0 39 0 57 0 40 0 0 0 0 0 0 0 58 0 0 0 0 0 0 0 0 0 0 0 0 0 0 0 0 0 0 0 0 0 0 0 0 0 0 0 0 0 0 0 0 0 0 0 0 0 0 0 0 0 0 0 
39 0 0 0 41 0 0 0 0 0 0 0 0 0 0 0 0 0 0 0 0 0 0 0 0 0 0 0 0 0 0 0 0 0 0 0 0 0 0 0 0 0 0 0 39 0 0 0 0 0 0 0 0 0 0 0 0 0 0 0 0 0 0 0 0 0 0 0 39 0 41 0 44 0 0 0 48 0 40 0 0 0 40 0 0 0 40 0 0 0 
0 0 48 0 0 0 0 0 40 0 0 0 41 0 40 0 0 0 0 0 0 0 59 0 27 0 27 0 27 0 27 0 27 0 60 0 0 0 0 0 0 0 0 0 0 0 61 0 0 0 0 0 0 0 0 0 0 0 0 0 0 0 0 0 0 0 0 0 0 0 62 0 0 0 0 0 0 0 0 0 0 0 0 0 0 0 0 0 39 0 
39 0 0 0 0 0 41 0 63 0 29 0 30 0 57 0 41 0 0 0 0 0 41 0 0 0 0 0 0 0 0 0 0 0 40 0 0 0 40 0 0 0 0 0 32 0 0 0 0 0 0 0 0 0 0 0 0 0 0 0 0 0 0 0 0 0 0 0 39 0 0 0 0 0 0 0 0 0 0 0 0 0 0 0 0 0 0 0 0 0 
0 0 0 0 41 0 39 0 0 0 0 0 0 0 0 0 39 0 0 0 0 0 39 0 0 0 0 0 41 0 39 0 0 0 0 0 0 0 0 0 41 0 0 0 40 0 0 0 32 0 40 0 0 0 40 0 0 0 40 0 0 0 40 0 0 0 32 0 0 0 62 0 0 0 0 0 0 0 41 0 40 0 0 0 40 0 0 0 39 0 
39 0 0 0 0 0 0 0 64 0 0 0 0 0 65 0 0 0 0 0 0 0 0 0 0 0 0 0 0 0 0 0 29 0 33 0 30 0 64 0 39 0 0 0 0 0 41 0 40 0 0 0 40 0 0 0 40 0 0 0 40 0 0 0 40 0 0 0 39 0 0 0 0 0 0 0 0 0 62 0 0 0 0 0 0 0 0 0 0 0 
0 0 39 0 0 0 0 0 41 0 40 0 0 0 40 0 0 0 0 0 0 0 41 0 0 0 0 0 0 0 34 0 0 0 0 0 0 0 0 0 0 0 0 0 66 0 0 0 29 0 33 0 30 0 39 0 48 0 39 0 39 0 39 0 48 0 41 0 0 0 48 0 0 0 0 0 0 0 0 0 0 0 0 0 0 0 0 0 39 0 
39 0 0 0 41 0 0 0 0 0 0 0 0 0 0 0 0 0 0 0 0 0 39 0 0 0 0 0 0 0 0 0 0 0 40 0 0 0 0 0 40 0 0 0 0 0 0 0 0 0 0 0 0 0 0 0 0 0 0 0 0 0 0 0 0 0 40 0 0 0 32 0 0 0 0 0 0 0 62 0 0 0 0 0 0 0 0 0 0 0 
0 0 40 0 0 0 40 0 0 0 40 0 0 0 32 0 39 0 0 0 0 0 0 0 41 0 0 0 0 0 0 0 0 0 41 0 0 0 0 0 0 0 0 0 0 0 0 0 0 0 0 0 0 0 0 0 0 0 0 0 0 0 0 0 0 0 0 0 0 0 0 0 0 0 0 0 0 0 0 0 0 0 0 0 0 0 0 0 39 0 
39 0 0 0 0 0 0 0 0 0 0 0 0 0 0 0 0 0 0 0 0 0 0 0 40 0 0 0 40 0 0 0 40 0 0 0 40 0 0 0 0 0 41 0 40 0 0 0 35 0 36 0 36 0 36 0 36 0 36 0 36 0 36 0 36 0 67 0 40 0 0 0 37 0 0 0 0 0 40 0 0 0 39 0 40 0 0 0 0 0 
0 0 0 0 0 0 0 0 0 0 0 0 0 0 0 0 39 0 0 0 0 0 0 0 0 0 0 0 39 0 0 0 0 0 0 0 39 0 0 0 0 0 0 0 39 0 0 0 38 0 0 0 0 0 0 0 0 0 0 0 0 0 0 0 0 0 68 0 42 0 0 0 0 0 0 0 0 0 0 0 42 0 0 0 0 0 0 0 0 0 
40 0 0 0 40 0 0 0 40 0 0 0 40 0 0 0 0 0 69 0 70 0 70 0 70 0 71 0 0 0 40 0 0 0 32 0 0 0 69 0 70 0 71 0 0 0 0 0 38 0 0 0 0 0 28 0 28 0 0 0 0 0 0 0 0 0 68 0 43 0 0 0 0 0 0 0 0 0 0 0 43 0 32 0 0 0 0 0 0 0 
0 0 0 0 0 0 0 0 0 0 0 0 0 0 0 0 0 0 0 0 0 0 0 0 0 0 0 0 0 0 0 0 0 0 0 0 0 0 0 0 0 0 0 0 39 0 0 0 72 0 0 0 28 0 28 0 28 0 28 0 0 0 28 0 0 0 73 0 56 0 0 0 0 0 0 0 0 0 0 0 56 0 39 0 0 0 0 0 0 0 
0 0 0 0 0 0 0 0 0 0 0 0 0 0 0 0 0 0 0 0 0 0 0 0 0 0 0 0 0 0 0 0 0 0 0 0 0 0 0 0 0 0 0 0 0 0 40 0 0 0 40 0 0 0 40 0 0 0 40 0 0 0 40 0 0 0 40 0 0 0 0 0 0 0 0 0 0 0 0 0 39 0 0 0 0 0 0 0 0 0 
0 0 0 0 0 0 0 0 0 0 0 0 0 0 0 0 0 0 0 0 0 0 0 0 0 0 0 0 0 0 0 0 0 0 0 0 0 0 0 0 0 0 0 0 0 0 0 0 0 0 0 0 0 0 0 0 0 0 0 0 0 0 0 0 0 0 0 0 39 0 0 0 0 0 0 0 0 0 0 0 0 0 39 0 0 0 0 0 0 0 
0 0 0 0 0 0 0 0 0 0 0 0 0 0 0 0 0 0 0 0 0 0 0 0 0 0 0 0 0 0 0 0 0 0 0 0 0 0 0 0 0 0 0 0 0 0 0 0 0 0 0 0 0 0 0 0 0 0 0 0 0 0 0 0 0 0 0 0 0 0 40 0 0 0 40 0 0 0 40 0 0 0 0 0 0 0 0 0 0 0 
decorations 7
520 280 74 0
520 240 75 0
520 360 76 0
560 240 77 0
880 440 77 0
1022 205 78 0
1004 121 79 0

layer // layer 3
name noname
offset 0 0
cells_offset 960 200
scroll_scale_factor_1 1 1
scroll_scale_factor_2 1 1
cell_size 40 40
width 1
height 1
no_cells
sprite_cells
39 0 
decorations 2
960 200 80 0
960 239 80 0

} // layers

entities { 
hero/Magneto 3 {
position_in_layer 600 560
layer_index 2
}
Crate/solid 4 {
position_in_layer 460 580
layer_index 2
}
Crate/solid 5 {
position_in_layer 500 580
layer_index 2
}
DoorSingleV 6 {
position_in_layer 400 200
layer_index 2
}
DoorSingleV 7 {
position_in_layer 520 200
layer_index 2
}
Device/FloorPermanent 8 {
operate 9
position_in_layer 320 240
layer_index 2
}
Spec/SignalPlexor 9 {
operate_1 6
operate_2 7
position_in_layer 345 89
layer_index 2
}
AcidPool 10 {
size 4 1
position_in_layer 600 480
layer_index 2
}
Device/button_W 13 {
operate 14
position_in_layer 920 220
layer_index 2
}
DoorV 14 {
position_in_layer 880 200
layer_index 2
}
spikes40_W 15 {
position_in_layer 960 200
draw_order 2
layer_index 2
}
spikes40_W 16 {
position_in_layer 960 240
draw_order 2
layer_index 2
}
Crate/solid 17 {
position_in_layer 940 420
layer_index 2
}
Device/Respawn 21 {
position_in_layer 700 200
layer_index 2
}
Device/Teleport 22 {
target 23
position_in_layer 800 200
layer_index 2
}
Device/Teleport 23 {
position_in_layer 240 320
layer_index 2
}
Device/Teleport 24 {
target 25
position_in_layer 360 320
layer_index 2
}
Device/Teleport 25 {
position_in_layer 840 320
layer_index 2
}
ortho/spider 26 {
move_distance 170
position_in_layer 617 300
layer_index 2
}
shooter/drop 27 {
shot_delay 1500 1500
position_in_layer 700 460
layer_index 2
}
Device/Respawn 28 {
position_in_layer 300 360
layer_index 2
}
ortho/crocodile 29 {
anim_fwd sadstewie
anim_bwd sadstewie
speed_fwd 200
speed_bwd 200
move_distance 120
delay_to_fwd 1000
delay_to_bwd 1000
col_size 35 25
position_in_layer 799 484
layer_index 2
}
DoorSingleV 32 {
position_in_layer 960 480
layer_index 2
}
Device/button_E 33 {
operate 35
position_in_layer 840 560
layer_index 2
}
Device/button_W 34 {
operate 35
position_in_layer 920 560
layer_index 2
}
Spec/SignalCombiner 35 {
threshold 2
operate 32
position_in_layer 883 553
layer_index 2
}
ortho/crocodile 37 {
anim_fwd sadstewie
anim_bwd sadstewie
speed_fwd 200
speed_bwd 200
move_distance 120
delay_to_fwd 1000
delay_to_bwd 1000
col_size 35 25
position_in_layer 1160 489
layer_index 2
}
Device/Respawn 40 {
position_in_layer 1080 480
layer_index 2
}
ortho/crocodile 41 {
anim_fwd sadstewie
anim_bwd sadstewie
speed_fwd 200
speed_bwd 200
move_distance 120
delay_to_fwd 1000
delay_to_bwd 1000
start_delay 2500 2500
col_size 35 25
position_in_layer 1319 489
layer_index 2
}
ortho/spider 45 {
speed_fwd 260
speed_bwd 260
move_distance 340
delay_to_fwd 500
position_in_layer 1577 260
layer_index 2
}
multishot/angryHubert 46 {
shot_delay 3000 3000
position_in_layer 1495 612
layer_index 2
}
Device/button_N 47 {
operate 51
position_in_layer 1560 720
layer_index 2
}
Break/Bridge 49 {
broken false
position_in_layer 1520 360
layer_index 2
}
Spec/Actions/Camera 51 {
a1_target 52
a2_target 52
a2_action signal0
position_in_layer 1561 571
layer_index 2
}
Spec/SignalPlexor 52 {
operate_1 49
operate_2 54
position_in_layer 1561 360
layer_index 2
}
Break/Bridge 54 {
broken false
position_in_layer 1600 360
layer_index 2
}
Spec/LevelExit 57 {
position_in_layer 1760 280
layer_index 2
}
SoundMachine 58 {
position_in_layer 577 98
layer_index 2
}
} // entities
