sprite_table {
 bgr/rock_05 1
 bgr/rock_06 2
 bgr/rock_01 3
 spikes2_W 4
 spikes2_E0 5
 blueplate_10 6
 spikes2_W2 7
 steelspikes_omni 8
 wall_metalA_02 9
 metal_fatpipe_08 10
 metal_fatpipe_09 11
 metal_fatpipe_10 12
 redwall_02 13
 wall_noidea_13 14
 redwall_03 15
 redwall_04 16
 glowing 17
 nogumS 18
 wall_noidea_10 19
 redwall_01 20
 redwall_00 21
 nogumE 22
 nobubble_field 23
 nogumW 24
 wall_metalA_01 25
 wall_metalA_03 26
 wall_noidea_12 27
 halfplate_02 28
 halfplate_06 29
 halfplate_04 30
 halfplate_04b 31
 halfplate_03 32
 halfplate_07 33
 metal_pipe_01 34
 metal_pipe_06 35
 metal_pipe_02 36
 wall_noidea_11 37
 metal_pipe_05 38
 cogwheelA 39
 metal_pipe_07 40
 cogwheelB 41
 metal_pipejoint_02 42
 metal_pipe_10 43
 redwall_06 44
 redwall_07 45
 spikes_W 46
 halfplate_11 47
 spikes_E 48
 sign/acid2 49
 crane_grab 50
 halfplate_14 51
 metal_fatpipe_02 52
 metal_fatpipe_01 53
 metal_quadpipe 54
 metal_fatpipe_04 55
 metal_fatpipe_03 56
 metal_fatpipe_07 57
 bgr/diode01 58
 halfplate_09 59
 halfplate_12 60
} // sprite_table

layers {
clear_screen true
layer // layer 0
name noname
offset 0 0
cells_offset 80 -40
scroll_scale_factor_1 1 1
scroll_scale_factor_2 1 1
cell_size 40 40
width 49
height 18
no_cells
sprite_cells
0 0 0 0 0 0 0 0 0 0 0 0 0 0 0 0 0 0 0 0 0 0 0 0 0 0 0 0 0 0 0 0 0 0 0 0 0 0 0 0 0 0 0 0 1 0 0 0 2 0 0 0 1 0 0 0 2 0 0 0 1 0 0 0 2 0 1 0 0 0 2 0 0 0 1 0 0 0 2 0 0 0 1 0 0 0 2 0 0 0 0 0 0 0 0 0 0 0 
0 0 0 0 0 0 0 0 0 0 0 0 0 0 0 0 0 0 0 0 0 0 0 0 0 0 0 0 0 0 0 0 0 0 0 0 0 0 0 0 0 0 0 0 3 0 0 0 3 0 0 0 3 0 0 0 3 0 0 0 3 0 0 0 3 0 0 0 3 0 0 0 3 0 0 0 3 0 0 0 3 0 0 0 3 0 0 0 0 0 0 0 0 0 0 0 0 0 
0 0 0 0 0 0 0 0 0 0 0 0 0 0 0 0 0 0 0 0 0 0 0 0 0 0 0 0 0 0 0 0 0 0 0 0 0 0 0 0 0 0 0 0 0 0 0 0 0 0 0 0 0 0 0 0 0 0 0 0 0 0 0 0 0 0 0 0 0 0 0 0 0 0 0 0 0 0 0 0 0 0 0 0 0 0 0 0 0 0 0 0 0 0 0 0 0 0 
0 0 0 0 0 0 0 0 0 0 0 0 0 0 0 0 3 0 0 0 3 0 0 0 3 0 0 0 3 0 0 0 3 0 0 0 3 0 0 0 0 0 0 0 3 0 0 0 3 0 0 0 3 0 0 0 3 0 0 0 3 0 0 0 3 0 0 0 3 0 0 0 3 0 0 0 3 0 0 0 3 0 0 0 3 0 0 0 0 0 0 0 0 0 0 0 0 0 
0 0 0 0 0 0 0 0 0 0 0 0 0 0 0 0 0 0 0 0 0 0 0 0 0 0 0 0 0 0 0 0 0 0 0 0 0 0 0 0 0 0 0 0 0 0 0 0 0 0 0 0 0 0 0 0 0 0 0 0 0 0 0 0 0 0 0 0 0 0 0 0 0 0 0 0 0 0 0 0 0 0 0 0 0 0 0 0 0 0 0 0 0 0 0 0 0 0 
0 0 0 0 0 0 0 0 0 0 0 0 3 0 0 0 3 0 0 0 3 0 0 0 3 0 0 0 3 0 0 0 3 0 0 0 3 0 0 0 0 0 0 0 3 0 0 0 3 0 0 0 3 0 0 0 3 0 0 0 3 0 0 0 3 0 0 0 3 0 0 0 3 0 0 0 3 0 0 0 3 0 0 0 3 0 0 0 0 0 0 0 0 0 0 0 0 0 
0 0 0 0 0 0 0 0 0 0 0 0 0 0 0 0 0 0 0 0 0 0 0 0 0 0 0 0 0 0 0 0 0 0 0 0 0 0 0 0 0 0 0 0 0 0 0 0 0 0 0 0 0 0 0 0 0 0 0 0 0 0 0 0 0 0 0 0 0 0 0 0 0 0 0 0 0 0 0 0 0 0 0 0 0 0 0 0 0 0 0 0 0 0 0 0 0 0 
0 0 0 0 0 0 0 0 0 0 0 0 3 0 0 0 3 0 0 0 3 0 4 0 3 0 5 0 3 0 0 0 3 0 0 0 3 0 0 0 0 0 0 0 3 0 0 0 3 0 0 0 3 0 0 0 3 0 0 0 3 0 0 0 3 0 0 0 3 0 0 0 3 0 0 0 3 0 0 0 3 0 0 0 3 0 0 0 0 0 0 0 0 0 0 0 0 0 
0 0 0 0 0 0 0 0 0 0 0 0 0 0 0 0 0 0 0 0 0 0 0 0 6 0 0 0 0 0 0 0 0 0 0 0 0 0 0 0 0 0 0 0 0 0 0 0 0 0 0 0 0 0 0 0 0 0 0 0 0 0 0 0 0 0 0 0 0 0 0 0 0 0 0 0 0 0 0 0 0 0 0 0 0 0 0 0 0 0 0 0 0 0 0 0 0 0 
0 0 0 0 0 0 0 0 0 0 0 0 3 0 0 0 3 0 0 0 3 0 0 0 3 0 0 0 3 0 0 0 3 0 0 0 3 0 0 0 0 0 0 0 3 0 0 0 3 0 0 0 3 0 0 0 3 0 0 0 3 0 0 0 3 0 0 0 3 0 0 0 3 0 0 0 3 0 0 0 3 0 0 0 3 0 0 0 0 0 0 0 0 0 0 0 0 0 
0 0 0 0 0 0 0 0 0 0 0 0 0 0 0 0 0 0 0 0 0 0 0 0 0 0 0 0 0 0 0 0 0 0 0 0 0 0 0 0 0 0 0 0 0 0 0 0 0 0 0 0 0 0 0 0 0 0 0 0 0 0 0 0 0 0 0 0 0 0 0 0 0 0 0 0 0 0 0 0 0 0 0 0 0 0 0 0 0 0 0 0 0 0 0 0 0 0 
0 0 0 0 0 0 0 0 3 0 0 0 3 0 0 0 3 0 0 0 3 0 0 0 3 0 0 0 3 0 0 0 3 0 0 0 3 0 0 0 0 0 0 0 3 0 0 0 3 0 0 0 3 0 0 0 3 0 0 0 3 0 0 0 3 0 0 0 3 0 0 0 3 0 0 0 3 0 0 0 3 0 0 0 3 0 0 0 0 0 0 0 0 0 0 0 0 0 
0 0 0 0 0 0 0 0 0 0 0 0 0 0 0 0 0 0 0 0 0 0 0 0 0 0 0 0 0 0 0 0 0 0 0 0 0 0 0 0 0 0 0 0 0 0 0 0 0 0 0 0 0 0 0 0 0 0 0 0 0 0 0 0 0 0 0 0 0 0 0 0 0 0 0 0 0 0 0 0 0 0 0 0 0 0 0 0 0 0 0 0 0 0 0 0 0 0 
0 0 0 0 0 0 0 0 0 0 0 0 3 0 0 0 3 0 0 0 3 0 0 0 3 0 0 0 3 0 0 0 3 0 0 0 3 0 0 0 0 0 0 0 3 0 0 0 3 0 0 0 3 0 0 0 3 0 0 0 3 0 0 0 3 0 0 0 3 0 0 0 3 0 0 0 3 0 0 0 3 0 0 0 3 0 0 0 0 0 0 0 0 0 0 0 0 0 
0 0 0 0 0 0 0 0 0 0 0 0 0 0 0 0 0 0 0 0 0 0 0 0 0 0 0 0 0 0 0 0 0 0 0 0 0 0 0 0 0 0 0 0 0 0 0 0 0 0 0 0 0 0 0 0 0 0 0 0 0 0 0 0 0 0 0 0 0 0 0 0 0 0 0 0 0 0 0 0 0 0 0 0 0 0 0 0 0 0 0 0 0 0 0 0 0 0 
0 0 0 0 0 0 0 0 3 0 0 0 3 0 0 0 3 0 0 0 3 0 0 0 3 0 0 0 3 0 0 0 3 0 0 0 3 0 0 0 0 0 0 0 3 0 0 0 3 0 0 0 3 0 0 0 3 0 0 0 3 0 0 0 3 0 0 0 3 0 0 0 3 0 0 0 3 0 0 0 3 0 0 0 3 0 0 0 0 0 0 0 0 0 0 0 0 0 
0 0 0 0 0 0 0 0 0 0 0 0 0 0 0 0 0 0 0 0 0 0 0 0 0 0 0 0 0 0 0 0 0 0 0 0 0 0 0 0 0 0 0 0 0 0 0 0 0 0 0 0 0 0 0 0 0 0 0 0 0 0 0 0 0 0 0 0 0 0 0 0 0 0 0 0 0 0 0 0 0 0 0 0 0 0 0 0 0 0 0 0 0 0 0 0 0 0 
3 0 0 0 3 0 0 0 3 0 0 0 3 0 0 0 3 0 0 0 3 0 0 0 3 0 0 0 3 0 0 0 3 0 0 0 3 0 0 0 3 0 0 0 3 0 0 0 3 0 0 0 3 0 0 0 3 0 0 0 3 0 0 0 3 0 0 0 3 0 0 0 3 0 0 0 3 0 0 0 3 0 0 0 3 0 0 0 3 0 0 0 3 0 0 0 3 0 
decorations 35
506 639 4 0
506 600 4 0
508 557 4 0
509 519 4 0
613 559 5 0
612 598 5 0
613 639 5 0
615 471 5 0
614 432 5 0
615 393 5 0
509 472 7 0
507 430 7 0
507 387 7 0
499 309 8 0
500 348 8 0
621 348 8 0
620 310 8 0
689 311 8 0
651 352 8 0
431 311 8 0
470 353 8 0
469 422 8 0
431 382 8 0
651 423 8 0
689 383 8 0
526 200 8 0
596 201 8 0
533 639 5 0
532 600 5 0
533 560 5 0
534 521 5 0
590 639 4 0
590 599 4 0
590 562 4 0
587 519 4 0

layer // layer 1
name noname
offset 15 15
cells_offset 40 -80
scroll_scale_factor_1 1 1
scroll_scale_factor_2 1 1
cell_size 40 40
width 50
height 20
shadow
no_cells
sprite_cells
0 0 0 0 0 0 0 0 0 0 0 0 0 0 0 0 0 0 0 0 0 0 0 0 0 0 0 0 0 0 0 0 0 0 0 0 0 0 0 0 0 0 0 0 9 0 9 0 9 0 9 0 9 0 9 0 9 0 9 0 9 0 9 0 9 0 9 0 9 0 9 0 9 0 9 0 9 0 9 0 9 0 9 0 9 0 9 0 9 0 0 0 0 0 0 0 0 0 0 0 
0 0 0 0 0 0 0 0 0 0 0 0 0 0 0 0 0 0 0 0 0 0 0 0 0 0 0 0 0 0 0 0 0 0 0 0 0 0 0 0 0 0 0 0 9 0 0 0 0 0 0 0 0 0 0 0 0 0 0 0 0 0 0 0 0 0 0 0 0 0 0 0 0 0 0 0 0 0 0 0 0 0 0 0 0 0 0 0 0 0 0 0 0 0 0 0 0 0 0 0 
0 0 0 0 0 0 0 0 0 0 0 0 0 0 0 0 0 0 0 0 0 0 0 0 0 0 0 0 0 0 0 0 0 0 0 0 0 0 0 0 0 0 0 0 9 0 0 0 0 0 0 0 0 0 0 0 0 0 0 0 0 0 0 0 0 0 0 0 0 0 0 0 0 0 0 0 0 0 0 0 0 0 0 0 0 0 0 0 0 0 0 0 0 0 0 0 0 0 0 0 
0 0 0 0 0 0 0 0 0 0 0 0 0 0 0 0 0 0 0 0 9 0 9 0 9 0 9 0 9 0 9 0 0 0 0 0 0 0 0 0 0 0 0 0 9 0 0 0 0 0 0 0 0 0 0 0 0 0 0 0 0 0 0 0 0 0 0 0 0 0 9 0 0 0 0 0 0 0 0 0 0 0 0 0 0 0 0 0 0 0 0 0 0 0 0 0 0 0 0 0 
0 0 0 0 0 0 0 0 0 0 0 0 0 0 0 0 9 0 9 0 9 0 0 0 0 0 0 0 9 0 0 0 9 0 0 0 0 0 0 0 0 0 0 0 9 0 0 0 0 0 0 0 0 0 0 0 0 0 0 0 0 0 0 0 0 0 0 0 9 0 9 0 9 0 0 0 0 0 0 0 0 0 0 0 0 0 0 0 0 0 0 0 0 0 0 0 0 0 0 0 
0 0 0 0 0 0 0 0 0 0 0 0 0 0 0 0 9 0 0 0 0 0 0 0 0 0 0 0 0 0 0 0 0 0 9 0 9 0 9 0 0 0 0 0 9 0 0 0 0 0 0 0 0 0 0 0 0 0 0 0 9 0 0 0 0 0 0 0 0 0 9 0 0 0 0 0 0 0 0 0 0 0 0 0 0 0 0 0 0 0 0 0 0 0 0 0 0 0 0 0 
0 0 0 0 0 0 0 0 0 0 0 0 0 0 9 0 9 0 9 0 0 0 0 0 0 0 0 0 0 0 0 0 0 0 9 0 0 0 0 0 0 0 0 0 9 0 0 0 0 0 0 0 0 0 9 0 9 0 9 0 9 0 9 0 10 0 0 0 0 0 9 0 0 0 0 0 0 0 0 0 0 0 0 0 0 0 0 0 0 0 0 0 0 0 0 0 0 0 0 0 
0 0 0 0 0 0 0 0 0 0 0 0 0 0 9 0 0 0 9 0 0 0 0 0 0 0 9 0 0 0 0 0 0 0 0 0 0 0 0 0 0 0 0 0 9 0 0 0 0 0 0 0 0 0 0 0 9 0 0 0 0 0 0 0 9 0 0 0 0 0 9 0 0 0 0 0 0 0 9 0 0 0 0 0 0 0 0 0 0 0 0 0 0 0 0 0 0 0 0 0 
0 0 0 0 0 0 0 0 0 0 0 0 9 0 9 0 0 0 0 0 0 0 0 0 0 0 0 0 0 0 0 0 0 0 0 0 0 0 0 0 0 0 0 0 9 0 0 0 0 0 0 0 0 0 0 0 0 0 0 0 0 0 0 0 9 0 0 0 0 0 9 0 0 0 0 0 0 0 9 0 0 0 0 0 0 0 0 0 0 0 0 0 0 0 0 0 0 0 0 0 
0 0 0 0 0 0 0 0 0 0 0 0 9 0 0 0 0 0 0 0 0 0 0 0 0 0 0 0 0 0 0 0 0 0 0 0 0 0 9 0 0 0 0 0 9 0 0 0 0 0 0 0 0 0 0 0 0 0 0 0 0 0 0 0 9 0 9 0 9 0 11 0 0 0 0 0 9 0 11 0 0 0 0 0 0 0 0 0 0 0 0 0 0 0 0 0 0 0 0 0 
0 0 0 0 0 0 0 0 0 0 0 0 9 0 0 0 0 0 0 0 9 0 9 0 0 0 0 0 9 0 9 0 9 0 0 0 0 0 0 0 0 0 0 0 9 0 0 0 0 0 0 0 0 0 0 0 0 0 0 0 0 0 0 0 9 0 0 0 0 0 0 0 0 0 0 0 9 0 0 0 0 0 0 0 0 0 0 0 0 0 0 0 0 0 0 0 0 0 0 0 
0 0 0 0 0 0 0 0 0 0 0 0 9 0 9 0 0 0 0 0 9 0 9 0 0 0 0 0 9 0 9 0 9 0 0 0 0 0 9 0 9 0 0 0 9 0 0 0 0 0 0 0 0 0 0 0 0 0 0 0 0 0 0 0 9 0 0 0 0 0 0 0 0 0 0 0 9 0 0 0 0 0 0 0 0 0 0 0 0 0 0 0 0 0 0 0 0 0 0 0 
0 0 0 0 0 0 0 0 0 0 9 0 9 0 0 0 0 0 0 0 9 0 9 0 0 0 0 0 9 0 9 0 9 0 0 0 0 0 9 0 0 0 0 0 9 0 0 0 0 0 0 0 0 0 0 0 9 0 0 0 0 0 0 0 9 0 0 0 0 0 0 0 0 0 9 0 9 0 9 0 9 0 9 0 9 0 0 0 0 0 0 0 0 0 0 0 0 0 0 0 
0 0 0 0 0 0 0 0 0 0 9 0 0 0 0 0 0 0 0 0 9 0 9 0 0 0 0 0 9 0 9 0 9 0 0 0 0 0 0 0 0 0 0 0 9 0 0 0 0 0 0 0 0 0 9 0 9 0 9 0 0 0 0 0 12 0 0 0 9 0 0 0 0 0 0 0 9 0 0 0 0 0 9 0 0 0 0 0 0 0 0 0 0 0 0 0 0 0 0 0 
0 0 0 0 0 0 0 0 0 0 0 0 0 0 9 0 0 0 0 0 9 0 9 0 0 0 9 0 9 0 9 0 9 0 0 0 0 0 9 0 0 0 0 0 9 0 0 0 0 0 0 0 0 0 0 0 9 0 0 0 0 0 0 0 0 0 0 0 9 0 0 0 0 0 0 0 9 0 0 0 0 0 0 0 0 0 0 0 0 0 0 0 0 0 0 0 0 0 0 0 
0 0 0 0 0 0 0 0 0 0 9 0 9 0 9 0 0 0 0 0 0 0 9 0 9 0 9 0 9 0 9 0 0 0 0 0 0 0 0 0 0 0 0 0 9 0 0 0 0 0 0 0 0 0 0 0 9 0 0 0 0 0 0 0 0 0 0 0 9 0 0 0 0 0 0 0 9 0 0 0 0 0 0 0 0 0 0 0 0 0 0 0 0 0 0 0 0 0 0 0 
0 0 0 0 0 0 0 0 0 0 9 0 0 0 9 0 9 0 0 0 0 0 0 0 9 0 0 0 9 0 0 0 0 0 0 0 0 0 0 0 0 0 0 0 9 0 0 0 0 0 0 0 0 0 0 0 12 0 9 0 10 0 0 0 0 0 0 0 9 0 9 0 9 0 9 0 11 0 0 0 0 0 0 0 0 0 0 0 0 0 0 0 0 0 0 0 0 0 0 0 
9 0 9 0 9 0 0 0 0 0 9 0 0 0 0 0 0 0 0 0 0 0 0 0 9 0 0 0 9 0 0 0 0 0 0 0 9 0 0 0 0 0 0 0 9 0 0 0 0 0 0 0 0 0 0 0 0 0 0 0 9 0 9 0 9 0 9 0 9 0 0 0 0 0 0 0 0 0 0 0 0 0 0 0 0 0 0 0 0 0 0 0 0 0 0 0 0 0 0 0 
9 0 0 0 0 0 9 0 9 0 9 0 9 0 9 0 0 0 0 0 0 0 0 0 9 0 0 0 9 0 9 0 0 0 0 0 0 0 9 0 9 0 9 0 9 0 0 0 0 0 0 0 0 0 0 0 0 0 0 0 0 0 0 0 0 0 0 0 9 0 0 0 0 0 0 0 0 0 0 0 0 0 0 0 0 0 0 0 0 0 9 0 9 0 9 0 9 0 9 0 
9 0 0 0 0 0 0 0 0 0 0 0 0 0 0 0 0 0 0 0 0 0 0 0 9 0 0 0 9 0 0 0 0 0 0 0 0 0 0 0 0 0 0 0 0 0 0 0 0 0 0 0 0 0 0 0 0 0 0 0 0 0 0 0 0 0 0 0 9 0 0 0 0 0 0 0 0 0 0 0 0 0 0 0 0 0 0 0 0 0 0 0 0 0 0 0 0 0 0 0 
decorations 0

layer // layer 2
name Main
offset 0 0
cells_offset 40 -120
scroll_scale_factor_1 1 1
scroll_scale_factor_2 1 1
cell_size 40 40
width 51
height 22
cells
0 0 0 0 0 0 0 0 0 0 0 0 0 0 0 0 0 0 0 0 0 0 0 0 0 0 0 0 0 0 0 0 0 0 0 0 0 0 0 0 0 0 0 0 0 0 0 0 0 0 0 
0 0 0 0 0 0 0 0 0 0 0 0 0 0 0 0 0 0 0 0 0 0 0 2 2 2 2 2 2 2 2 2 2 2 2 2 2 2 2 2 2 2 2 2 2 2 0 0 0 0 0 
0 0 0 0 0 0 0 0 0 0 0 0 0 0 0 0 0 0 0 0 0 0 2 0 0 0 0 0 0 0 0 0 0 0 0 0 0 0 0 0 0 0 0 0 0 2 0 0 0 0 0 
0 0 0 0 0 0 0 0 0 0 0 0 0 0 0 0 0 0 0 0 0 0 2 0 0 0 0 0 0 0 0 0 0 0 0 0 0 0 0 0 0 0 0 0 0 2 0 0 0 0 0 
0 0 0 0 0 0 0 0 0 0 0 12290 12290 12290 0 12290 0 0 0 0 0 0 2 0 0 0 0 0 0 0 0 0 0 0 0 1754 0 0 0 0 0 0 0 0 0 2 0 0 0 0 0 
0 0 0 0 0 0 0 0 0 12290 13826 0 0 0 14042 0 12482 0 0 0 0 0 2 0 0 0 0 0 0 0 0 0 0 0 12506 0 13850 0 0 0 0 0 0 0 0 2 0 0 0 0 0 
0 0 0 0 0 0 0 0 1538 0 0 0 0 0 0 0 0 194 12290 12290 0 0 2 0 0 0 0 0 0 0 1754 0 0 0 0 1730 0 0 0 0 0 0 0 0 0 2 0 0 0 0 0 
0 0 0 0 0 0 0 0 12290 1562 0 0 0 0 0 0 0 14018 0 0 194 0 2 0 0 0 0 12506 26 12314 12290 12314 1562 0 0 1730 0 0 0 0 0 0 0 0 0 2 0 0 0 0 0 
0 0 0 0 0 0 0 1538 0 14042 0 0 0 2 0 0 0 0 0 0 194 0 2 0 0 0 0 0 14018 0 0 0 1730 0 0 1730 0 0 0 1754 0 0 0 0 0 2 0 0 0 0 0 
0 0 0 0 0 0 0 13826 0 0 0 0 0 2 0 0 0 0 0 218 0 0 2 0 0 0 0 0 0 0 0 0 1730 0 0 1730 0 0 0 1730 0 0 0 0 0 2 0 0 0 0 0 
0 0 0 0 0 0 1538 0 0 0 0 0 0 2 0 0 0 0 0 12482 0 0 2 0 0 0 0 0 0 0 0 0 194 12314 12314 13826 0 0 218 13826 0 0 0 0 0 2 0 0 0 0 0 
0 0 0 0 0 0 1538 0 0 0 2 2 2 2 2 2 2 0 0 0 194 0 2 0 0 0 0 0 0 0 0 0 1730 0 0 0 0 0 1730 0 0 0 0 0 0 2 0 0 0 0 0 
0 0 0 0 0 0 0 13850 0 0 2 2 2 2 2 2 2 0 0 218 12290 0 2 0 0 0 0 0 0 0 0 0 1730 0 0 0 0 0 1730 0 0 1754 0 0 0 2 0 0 0 0 0 
0 0 0 0 0 0 13826 0 0 0 2 2 2 2 2 2 2 0 0 14018 0 194 2 0 0 0 0 0 1754 0 0 0 1730 0 0 0 0 12506 0 12314 12314 0 13850 0 0 2 0 0 0 0 0 
0 0 0 0 0 1538 0 0 0 0 2 2 2 2 2 2 2 0 0 0 0 194 2 0 0 0 0 12506 0 13850 0 0 12482 12314 1562 0 0 0 1730 0 0 14018 0 0 0 0 0 0 0 0 0 
0 0 0 0 0 0 26 1562 0 0 0 2 2 2 2 2 0 0 0 12506 26 0 2 0 0 0 0 0 1730 0 0 0 0 0 1730 0 0 0 1730 0 0 0 0 0 0 2 0 0 0 0 0 
0 0 0 0 0 0 12290 1538 0 0 0 0 2 0 2 0 0 0 0 0 194 2 2 0 0 0 0 0 1730 0 0 0 0 0 1730 0 0 0 1730 0 0 0 0 0 0 2 0 0 0 0 0 
0 0 0 0 0 1538 0 12482 13850 0 0 0 2 0 2 0 0 0 0 0 194 2 2 0 0 0 0 0 12482 12314 1562 0 0 0 194 12314 12314 12314 13826 0 0 0 0 0 0 2 0 0 0 0 0 
2 2 2 2 0 1538 0 0 0 0 0 0 2 0 2 0 0 0 12506 26 0 2 2 0 0 0 0 0 0 0 12482 12314 12314 12314 1538 0 0 0 0 0 0 0 0 0 0 2 0 0 0 0 0 
2 0 0 2 2 2 12314 13850 0 0 0 0 2 0 2 0 0 0 0 12482 2 2 2 0 0 0 0 0 0 0 0 0 0 0 1730 0 0 0 0 0 0 0 0 0 0 2 2 2 2 2 2 
2 0 0 0 0 0 0 0 0 0 0 0 2 0 2 0 0 0 0 0 0 0 0 0 0 0 0 0 0 0 0 0 0 0 1730 0 0 0 0 0 0 0 0 0 0 0 0 0 0 0 2 
2 2 2 2 2 2 2 2 2 2 2 2 2 2 2 2 2 2 2 2 2 2 2 2 2 2 2 2 2 2 2 2 2 2 2 2 2 2 2 2 2 2 2 2 2 2 2 2 2 2 2 
sprite_cells
0 0 0 0 0 0 0 0 0 0 0 0 0 0 0 0 0 0 0 0 0 0 0 0 0 0 0 0 0 0 0 0 0 0 0 0 0 0 0 0 0 0 13 0 14 0 15 0 0 0 0 0 0 0 0 0 0 0 0 0 0 0 0 0 0 0 0 0 0 0 0 0 0 0 0 0 0 0 0 0 0 0 0 0 0 0 0 0 13 0 14 0 15 0 0 0 0 0 0 0 0 0 
13 0 14 0 14 0 15 0 13 0 15 0 16 0 13 0 14 0 14 0 14 0 14 0 15 0 13 0 14 0 14 0 14 0 14 0 13 0 14 0 14 0 15 0 17 0 18 0 18 0 18 0 18 0 18 0 18 0 18 0 18 0 18 0 18 0 18 0 18 0 18 0 18 0 18 0 18 0 18 0 18 0 18 0 18 0 18 0 18 0 17 0 19 0 0 0 0 0 0 0 0 0 
20 0 15 0 16 0 20 0 21 0 19 0 13 0 21 0 13 0 14 0 14 0 14 0 21 0 19 0 13 0 14 0 14 0 14 0 21 0 13 0 15 0 19 0 22 0 23 0 23 0 23 0 23 0 23 0 23 0 23 0 23 0 23 0 23 0 23 0 23 0 23 0 23 0 23 0 23 0 23 0 23 0 23 0 23 0 23 0 23 0 24 0 21 0 0 0 0 0 0 0 0 0 
13 0 21 0 13 0 14 0 14 0 21 0 20 0 15 0 19 0 13 0 14 0 14 0 14 0 21 0 20 0 14 0 14 0 14 0 15 0 19 0 19 0 19 0 22 0 23 0 23 0 23 0 23 0 23 0 23 0 23 0 23 0 23 0 23 0 23 0 23 0 23 0 23 0 23 0 23 0 23 0 23 0 23 0 23 0 23 0 23 0 24 0 0 0 0 0 0 0 0 0 0 0 
20 0 15 0 19 0 13 0 14 0 14 0 15 0 19 0 20 0 21 0 25 0 9 0 26 0 0 0 9 0 26 0 0 0 9 0 19 0 19 0 20 0 21 0 22 0 23 0 23 0 23 0 23 0 23 0 23 0 23 0 23 0 23 0 23 0 23 0 23 0 0 0 23 0 23 0 23 0 23 0 23 0 23 0 23 0 23 0 23 0 24 0 0 0 0 0 0 0 0 0 0 0 
13 0 21 0 19 0 19 0 13 0 15 0 19 0 19 0 9 0 9 0 0 0 0 0 0 0 0 0 9 0 0 0 9 0 27 0 21 0 20 0 14 0 15 0 22 0 23 0 23 0 23 0 23 0 23 0 23 0 23 0 23 0 23 0 23 0 23 0 0 0 0 0 0 0 23 0 23 0 23 0 23 0 23 0 23 0 23 0 23 0 24 0 0 0 0 0 0 0 0 0 0 0 
20 0 15 0 19 0 20 0 21 0 19 0 20 0 21 0 9 0 0 0 0 0 0 0 0 0 0 0 0 0 0 0 0 0 25 0 9 0 26 0 0 0 19 0 22 0 23 0 23 0 23 0 23 0 23 0 23 0 23 0 0 0 23 0 23 0 23 0 23 0 0 0 23 0 23 0 23 0 23 0 23 0 23 0 23 0 23 0 23 0 24 0 0 0 0 0 0 0 0 0 0 0 
13 0 21 0 20 0 14 0 15 0 20 0 15 0 26 0 0 0 9 0 0 0 0 0 0 0 0 0 0 0 0 0 0 0 0 0 0 0 0 0 9 0 19 0 22 0 23 0 23 0 23 0 23 0 0 0 0 0 0 0 0 0 0 0 0 0 23 0 23 0 0 0 23 0 23 0 23 0 23 0 23 0 23 0 23 0 23 0 23 0 24 0 0 0 0 0 0 0 0 0 0 0 
20 0 14 0 14 0 15 0 19 0 13 0 21 0 9 0 0 0 9 0 0 0 0 0 28 0 9 0 29 0 0 0 0 0 0 0 0 0 0 0 9 0 19 0 22 0 23 0 23 0 23 0 23 0 23 0 0 0 23 0 23 0 23 0 0 0 23 0 23 0 0 0 23 0 23 0 23 0 0 0 23 0 23 0 23 0 23 0 23 0 24 0 0 0 0 0 0 0 0 0 0 0 
13 0 14 0 15 0 19 0 19 0 19 0 25 0 9 0 0 0 0 0 0 0 0 0 30 0 0 0 31 0 0 0 0 0 0 0 0 0 26 0 0 0 19 0 22 0 23 0 23 0 23 0 23 0 23 0 23 0 23 0 23 0 23 0 0 0 23 0 23 0 0 0 23 0 23 0 23 0 0 0 23 0 23 0 23 0 23 0 23 0 24 0 0 0 0 0 0 0 0 0 0 0 
19 0 16 0 19 0 19 0 19 0 19 0 0 0 0 0 0 0 0 0 0 0 0 0 32 0 0 0 33 0 0 0 0 0 0 0 0 0 9 0 9 0 19 0 22 0 23 0 23 0 23 0 23 0 23 0 23 0 23 0 23 0 23 0 0 0 0 0 0 0 0 0 23 0 23 0 0 0 0 0 23 0 23 0 23 0 23 0 23 0 24 0 0 0 0 0 0 0 0 0 0 0 
20 0 15 0 19 0 19 0 19 0 19 0 9 0 0 0 0 0 0 0 34 0 35 0 9 0 9 0 9 0 35 0 36 0 0 0 0 0 0 0 25 0 19 0 22 0 23 0 23 0 23 0 23 0 23 0 23 0 23 0 23 0 23 0 0 0 23 0 23 0 23 0 23 0 23 0 0 0 23 0 23 0 23 0 23 0 23 0 23 0 24 0 0 0 0 0 0 0 0 0 0 0 
37 0 19 0 20 0 21 0 20 0 21 0 25 0 9 0 0 0 0 0 38 0 34 0 25 0 39 0 25 0 36 0 40 0 0 0 0 0 25 0 0 0 9 0 22 0 23 0 23 0 23 0 23 0 23 0 23 0 23 0 23 0 23 0 0 0 23 0 23 0 23 0 23 0 23 0 0 0 23 0 23 0 0 0 23 0 23 0 23 0 24 0 0 0 0 0 0 0 0 0 0 0 
19 0 19 0 13 0 14 0 15 0 25 0 0 0 0 0 0 0 0 0 38 0 38 0 0 0 9 0 0 0 40 0 40 0 0 0 0 0 0 0 0 0 25 0 22 0 23 0 23 0 23 0 23 0 23 0 0 0 23 0 23 0 23 0 0 0 23 0 23 0 23 0 23 0 0 0 0 0 0 0 0 0 0 0 0 0 23 0 23 0 24 0 0 0 0 0 0 0 0 0 0 0 
19 0 19 0 20 0 15 0 19 0 0 0 0 0 0 0 0 0 0 0 38 0 38 0 25 0 41 0 25 0 40 0 40 0 0 0 0 0 0 0 0 0 0 0 22 0 23 0 23 0 23 0 23 0 0 0 0 0 0 0 23 0 23 0 0 0 0 0 0 0 23 0 23 0 23 0 0 0 23 0 23 0 0 0 23 0 23 0 23 0 24 0 0 0 0 0 0 0 0 0 0 0 
19 0 19 0 16 0 19 0 19 0 9 0 9 0 25 0 0 0 0 0 0 0 38 0 0 0 9 0 0 0 40 0 0 0 0 0 0 0 26 0 0 0 9 0 22 0 23 0 23 0 23 0 23 0 23 0 0 0 23 0 23 0 23 0 23 0 23 0 0 0 23 0 23 0 23 0 0 0 23 0 23 0 23 0 23 0 23 0 23 0 24 0 0 0 0 0 0 0 0 0 0 0 
19 0 20 0 14 0 21 0 19 0 9 0 9 0 0 0 0 0 0 0 0 0 0 0 42 0 0 0 42 0 0 0 0 0 0 0 0 0 0 0 9 0 37 0 22 0 23 0 23 0 23 0 23 0 23 0 0 0 23 0 23 0 23 0 23 0 23 0 0 0 23 0 23 0 23 0 0 0 23 0 23 0 23 0 23 0 23 0 23 0 24 0 0 0 0 0 0 0 0 0 0 0 
20 0 14 0 14 0 14 0 21 0 25 0 0 0 26 0 0 0 0 0 0 0 0 0 43 0 0 0 43 0 0 0 0 0 0 0 0 0 0 0 9 0 19 0 22 0 23 0 23 0 23 0 23 0 23 0 0 0 0 0 0 0 23 0 23 0 23 0 0 0 0 0 0 0 0 0 0 0 23 0 23 0 23 0 23 0 23 0 23 0 24 0 0 0 0 0 0 0 0 0 0 0 
44 0 45 0 45 0 44 0 16 0 0 0 0 0 0 0 0 0 0 0 0 0 0 0 43 0 0 0 43 0 0 0 0 0 0 0 9 0 9 0 37 0 19 0 22 0 23 0 23 0 23 0 23 0 23 0 0 0 23 0 23 0 0 0 0 0 0 0 0 0 23 0 23 0 23 0 23 0 23 0 23 0 23 0 23 0 23 0 23 0 24 0 0 0 0 0 0 0 0 0 0 0 
45 0 0 0 0 0 45 0 45 0 45 0 26 0 0 0 0 0 0 0 0 0 0 0 43 0 0 0 43 0 0 0 0 0 0 0 0 0 9 0 20 0 21 0 22 0 23 0 23 0 23 0 23 0 23 0 23 0 23 0 23 0 23 0 23 0 23 0 0 0 23 0 23 0 23 0 23 0 23 0 23 0 23 0 23 0 23 0 23 0 24 0 27 0 14 0 14 0 14 0 44 0 
45 0 0 0 0 0 0 0 0 0 0 0 0 0 0 0 0 0 0 0 46 0 47 0 11 0 0 0 12 0 48 0 0 0 0 0 49 0 0 0 0 0 0 0 0 0 0 0 0 0 0 0 0 0 0 0 0 0 0 0 0 0 0 0 0 0 0 0 0 0 0 0 0 0 0 0 0 0 0 0 0 0 0 0 0 0 0 0 0 0 0 0 0 0 0 0 0 0 0 0 44 0 
44 0 27 0 14 0 14 0 14 0 14 0 14 0 14 0 14 0 14 0 14 0 14 0 14 0 14 0 14 0 14 0 14 0 14 0 14 0 44 0 44 0 44 0 44 0 27 0 14 0 14 0 14 0 14 0 14 0 14 0 14 0 14 0 14 0 14 0 44 0 27 0 14 0 14 0 14 0 14 0 14 0 14 0 14 0 14 0 14 0 14 0 14 0 14 0 14 0 14 0 44 0 
decorations 5
471 518 50 0
429 478 50 0
650 517 50 0
689 476 50 0
640 680 51 0

layer // layer 3
name noname
offset 0 0
cells_offset 560 40
scroll_scale_factor_1 1 1
scroll_scale_factor_2 1 1
cell_size 40 40
width 30
height 17
no_cells
sprite_cells
0 0 0 0 0 0 0 0 0 0 0 0 0 0 0 0 0 0 0 0 0 0 0 0 0 0 0 0 0 0 0 0 0 0 0 0 0 0 0 0 0 0 0 0 52 0 0 0 0 0 0 0 0 0 0 0 0 0 0 0 
0 0 0 0 0 0 0 0 0 0 0 0 0 0 0 0 0 0 0 0 0 0 0 0 0 0 0 0 0 0 0 0 0 0 0 0 0 0 0 0 0 0 53 0 54 0 53 0 0 0 0 0 0 0 0 0 0 0 0 0 
0 0 0 0 0 0 0 0 0 0 0 0 0 0 0 0 0 0 0 0 0 0 0 0 0 0 0 0 0 0 0 0 0 0 52 0 0 0 0 0 0 0 0 0 55 0 0 0 0 0 0 0 0 0 0 0 0 0 0 0 
0 0 0 0 0 0 0 0 0 0 0 0 0 0 0 0 0 0 0 0 0 0 0 0 0 0 0 0 53 0 54 0 53 0 54 0 53 0 10 0 0 0 0 0 52 0 0 0 0 0 0 0 0 0 0 0 0 0 0 0 
0 0 0 0 0 0 0 0 0 0 0 0 0 0 0 0 0 0 0 0 0 0 0 0 0 0 0 0 0 0 52 0 0 0 0 0 0 0 52 0 0 0 0 0 54 0 0 0 0 0 0 0 52 0 0 0 0 0 0 0 
9 0 0 0 0 0 0 0 0 0 0 0 0 0 0 0 0 0 0 0 0 0 0 0 0 0 0 0 0 0 0 0 0 0 0 0 0 0 55 0 0 0 0 0 52 0 0 0 0 0 0 0 52 0 0 0 0 0 0 0 
0 0 0 0 0 0 0 0 0 0 0 0 0 0 0 0 0 0 0 0 0 0 0 0 0 0 0 0 0 0 0 0 0 0 0 0 0 0 54 0 56 0 53 0 11 0 0 0 0 0 57 0 11 0 0 0 0 0 0 0 
9 0 0 0 0 0 0 0 0 0 0 0 0 0 0 0 0 0 0 0 0 0 0 0 0 0 0 0 0 0 0 0 0 0 0 0 0 0 52 0 0 0 0 0 0 0 0 0 0 0 52 0 0 0 0 0 0 0 0 0 
0 0 0 0 0 0 0 0 0 0 0 0 0 0 0 0 0 0 0 0 0 0 0 0 0 0 0 0 0 0 0 0 0 0 0 0 0 0 54 0 0 0 0 0 0 0 0 0 0 0 55 0 0 0 0 0 52 0 0 0 
0 0 0 0 0 0 0 0 0 0 0 0 0 0 0 0 0 0 0 0 0 0 0 0 0 0 0 0 0 0 52 0 0 0 0 0 0 0 52 0 0 0 0 0 0 0 0 0 53 0 54 0 54 0 53 0 54 0 53 0 
0 0 0 0 0 0 0 0 0 0 0 0 0 0 0 0 0 0 0 0 0 0 0 0 0 0 0 0 53 0 54 0 53 0 0 0 0 0 12 0 54 0 10 0 0 0 0 0 0 0 55 0 0 0 0 0 52 0 0 0 
0 0 0 0 0 0 0 0 0 0 0 0 0 0 0 0 0 0 0 0 0 0 0 0 0 0 0 0 0 0 55 0 0 0 0 0 0 0 0 0 0 0 52 0 0 0 0 0 0 0 52 0 0 0 0 0 0 0 0 0 
0 0 0 0 0 0 0 0 0 0 0 0 0 0 0 0 0 0 0 0 0 0 0 0 0 0 0 0 0 0 52 0 0 0 0 0 0 0 0 0 0 0 52 0 0 0 0 0 0 0 52 0 0 0 0 0 0 0 0 0 
0 0 0 0 0 0 0 0 0 0 0 0 0 0 0 0 0 0 0 0 0 0 0 0 0 0 0 0 0 0 12 0 53 0 10 0 0 0 0 0 0 0 54 0 56 0 53 0 53 0 11 0 0 0 0 0 0 0 0 0 
0 0 0 0 0 0 0 0 0 0 0 0 0 0 0 0 0 0 0 0 0 0 0 0 0 0 0 0 0 0 0 0 0 0 12 0 53 0 53 0 56 0 54 0 0 0 0 0 0 0 0 0 0 0 0 0 0 0 0 0 
0 0 0 0 0 0 0 0 0 0 0 0 0 0 0 0 0 0 0 0 0 0 0 0 0 0 0 0 0 0 0 0 0 0 0 0 0 0 0 0 0 0 52 0 0 0 0 0 0 0 0 0 0 0 0 0 0 0 0 0 
0 0 0 0 0 0 0 0 0 0 0 0 0 0 0 0 0 0 0 0 0 0 0 0 0 0 0 0 0 0 0 0 0 0 0 0 0 0 0 0 0 0 52 0 0 0 0 0 0 0 0 0 0 0 0 0 0 0 0 0 
decorations 25
554 242 58 0
553 246 58 0
556 251 58 0
558 245 58 0
560 250 58 0
563 247 58 0
562 242 58 0
564 251 58 0
567 246 58 0
565 242 58 0
559 241 58 0
587 244 58 0
591 242 58 0
591 246 58 0
588 248 58 0
593 251 58 0
597 247 58 0
590 250 58 0
594 246 58 0
598 250 58 0
600 245 58 0
595 241 58 0
579 227 59 0
539 227 60 0
560 235 8 0

} // layers

entities { 
spikes40_N 1 {
position_in_layer 560 320
layer_index 2
}
hero/Magneto 2 {
position_in_layer 2000 680
layer_index 2
}
spikes40_S 3 {
position_in_layer 560 240
layer_index 2
}
Spec/Region 5 {
size 280 40
balloon true
killer true
magneto_killer true
position_in_layer 440 680
layer_index 2
}
Spec/Region 6 {
size 145 376
balloon true
killer true
magneto_killer true
position_in_layer 507 304
layer_index 2
}
Spec/Region 7 {
size 299 206
balloon true
killer true
magneto_killer true
position_in_layer 430 309
layer_index 2
}
Spec/Region 9 {
size 109 137
balloon true
killer true
magneto_killer true
position_in_layer 525 168
layer_index 2
}
Spec/Region 10 {
size 219 43
balloon true
killer true
magneto_killer true
position_in_layer 471 515
layer_index 2
}
spikes_N 12 {
start_delay 0 5000
position_in_layer 1680 360
layer_index 2
}
spikes_N 13 {
start_delay 0 5000
position_in_layer 1600 200
layer_index 2
}
spikes_N 14 {
start_delay 0 5000
position_in_layer 1440 40
layer_index 2
}
spikes_N 15 {
start_delay 0 5000
position_in_layer 1240 120
layer_index 2
}
spikes_N 16 {
start_delay 1800 1800
position_in_layer 1160 400
layer_index 2
}
spikes_N 17 {
position_in_layer 1160 160
layer_index 2
}
spikes_E 18 {
start_delay 0 5000
position_in_layer 1680 400
layer_index 2
}
spikes_E 19 {
start_delay 0 5000
position_in_layer 1160 440
layer_index 2
}
spikes_E 20 {
start_delay 0 5000
position_in_layer 1360 600
layer_index 2
}
spikes_E 21 {
start_delay 0 5000
position_in_layer 1440 80
layer_index 2
}
spikes_W 23 {
start_delay 0 5000
position_in_layer 1120 160
layer_index 2
}
spikes_W 24 {
start_delay 0 5000
position_in_layer 1120 440
layer_index 2
}
spikes_W 25 {
start_delay 0 5000
position_in_layer 1400 560
layer_index 2
}
spikes_W 26 {
start_delay 0 5000
position_in_layer 1520 400
layer_index 2
}
spikes_W 27 {
start_delay 0 5000
position_in_layer 1320 280
layer_index 2
}
spikes_W 28 {
start_delay 0 5000
position_in_layer 1400 80
layer_index 2
}
spikes_S 29 {
start_delay 0 5000
position_in_layer 1680 400
layer_index 2
}
spikes_S 30 {
start_delay 0 5000
position_in_layer 1240 120
layer_index 2
}
spikes_S 31 {
position_in_layer 1160 160
layer_index 2
}
Break/Bridge 32 {
broken false
position_in_layer 1480 160
layer_index 2
}
Break/Bridge 33 {
broken false
position_in_layer 1120 120
layer_index 2
}
Break/Bridge 34 {
broken false
position_in_layer 1160 600
layer_index 2
}
teeth120_N 35 {
position_in_layer 1080 640
layer_index 2
}
teeth120_N 36 {
position_in_layer 960 640
layer_index 2
}
teeth120_S 37 {
position_in_layer 1080 640
layer_index 2
}
teeth120_S 38 {
position_in_layer 960 640
layer_index 2
}
teeth120_S 40 {
position_in_layer 1520 640
layer_index 2
}
teeth120_S 41 {
position_in_layer 1640 640
layer_index 2
}
teeth120_N 42 {
position_in_layer 1520 640
layer_index 2
}
teeth120_N 43 {
position_in_layer 1640 640
layer_index 2
}
Spec/Actions/Camera 46 {
a1_target 32
a2_target 32
a2_action signal0
position_in_layer 1475 389
layer_index 2
}
Spec/Actions/Camera 47 {
a1_target 33
a2_target 33
a2_action signal0
position_in_layer 1268 33
layer_index 2
}
Break/Bridge 51 {
broken false
position_in_layer 1160 680
layer_index 2
}
spikes40_N 52 {
position_in_layer 1360 440
layer_index 2
}
spikes40_S 53 {
position_in_layer 1360 440
layer_index 2
}
steelspikes_omni 57 {
position_in_layer 1120 300
layer_index 2
}
steelspikes_omni 58 {
position_in_layer 1220 300
layer_index 2
}
steelspikes_omni 59 {
position_in_layer 1400 360
layer_index 2
}
steelspikes_omni 60 {
position_in_layer 1520 200
layer_index 2
}
steelspikes_omni 61 {
position_in_layer 1480 480
layer_index 2
}
spikes40_E 62 {
start_delay 0 5000
position_in_layer 1440 200
layer_index 2
}
spikes40_W 63 {
start_delay 0 5000
position_in_layer 1440 200
layer_index 2
}
spikes40_W 64 {
start_delay 0 5000
position_in_layer 1320 360
layer_index 2
}
spikes40_E 65 {
start_delay 0 5000
position_in_layer 1320 360
layer_index 2
}
spikes40_N 67 {
start_delay 0 5000
position_in_layer 1600 400
layer_index 2
}
spikes40_S 68 {
start_delay 0 5000
position_in_layer 1600 400
layer_index 2
}
Spec/Region 69 {
size 880 720
balloon true
killer true
position_in_layer 960 -40
layer_index 2
}
Device/Respawn 70 {
position_in_layer 1200 520
layer_index 2
}
Device/Respawn 71 {
position_in_layer 1440 520
layer_index 2
}
Spec/LevelExit 72 {
position_in_layer 100 680
layer_index 2
}
Device/button_W 73 {
operate 46
position_in_layer 1520 480
layer_index 2
}
Device/button_N 74 {
operate 47
position_in_layer 1360 240
layer_index 2
}
Device/button_N 75 {
operate 34
on_signal 0
position_in_layer 1320 560
layer_index 2
}
Device/Respawn 76 {
position_in_layer 780 560
layer_index 2
}
Device/button_W 77 {
operate 51
on_signal 0
position_in_layer 1360 660
layer_index 2
}
} // entities
