sprite_table {
 bgr/hugegrate 1
 bgr/plate_01 2
 bgr/plate_03 3
 bgr/plate_09 4
 bgr/plate_10 5
 bgr/plate_02 6
 bgr/plate_06 7
 bgr/plate_04 8
 bgr/plate_wire_1 9
 bgr/hugepipe01 10
 bgr/hugepipe02 11
 bgr/hugepipe04 12
 bgr/hugepipe03 13
 bgr/plate_wire_2 14
 bgr/plate_13 15
 bgr/plate_07 16
 bgr/plate_08 17
 bgr/plate_05 18
 bgr/plate_11 19
 shadow_fix_02 20
 shadow_fix_01 21
 wall_stoneA_14 22
 metal_ramp_02 23
 metal_pipe_01 24
 metal_pipe_04 25
 metal_pipejoint_01 26
 metal_pipe_02 27
 metal_pipe_03 28
 metal_pipe_05 29
 wall_metalA_01 30
 metal_pipeend 31
 wall_metalA_02 32
 wall_metalA_03 33
 wall_yellow_03 34
 wall_yellow_02 35
 metal_fatpipe_02 36
 wall_yellow_04 37
 wall_yellow_12 38
 wall_yellow_09b 39
 pipeend_2 40
 wall_yellow_06 41
 metal_grate 42
 wall_yellow_11 43
 wall_yellow_10 44
 metal_ramp_01 45
 bigcogwheel 46
 teleOUT_up 47
 wall_yellow_01 48
 teleIN_up 49
 metal_fatpipe_01 50
 metal_fatpipe_08 51
 metal_pipe_09 52
 wall_stoneB_01 53
 pistyV 54
 wall_stoneB_02 55
 metal_ramp_03 56
 metal_fatpipe_04 57
 wall_yellowx_1 58
 teleOUT_dn 59
 wall_stoneA_03 60
 metal_fatpipe_07 61
 metal_fatpipe_10 62
 wall_metalA_00 63
 metal_pipejoint_02 64
 metal_pipe_10 65
 metal_pipejoint_04 66
 metal_pipe_07 67
 wall_green_24a 68
 wall_green_24b 69
 wall_yellow_07 70
 wall_yellow_09 71
 wall_yellow_08 72
 wall_stoneB_00 73
 wall_yellow_13 74
 sign/number1 75
 halfplate_11 76
 halfplate_05 77
 yellow_half_3 78
 halfplate_10 79
 halfplate_07 80
 sign/acid1 81
 sign/gaugeB 82
 sign/electricity 83
 yellow_half_1 84
 halfplate_06 85
 halfplate_01 86
 sign/eye 87
 halfplate_04b 88
 sign/number6 89
 sign/number2 90
 sign/gaugeA 91
 halfplate_14 92
 sign/number4 93
 sign/number3 94
 sign/number5 95
 halfplate_box 96
 brownpipe2 97
 brownpipe1 98
 metal_fatpipe_09 99
 metal_ring1 100
} // sprite_table

layers {
clear_screen true
layer // layer 0
name noname
offset 0 0
cells_offset 440 -40
scroll_scale_factor_1 1 1
scroll_scale_factor_2 1 1
cell_size 40 40
width 9
height 113
no_cells
sprite_cells
0 0 1 0 0 0 2 0 2 0 2 0 3 0 0 0 3 0 
0 0 0 0 0 0 2 0 2 0 2 0 0 0 0 0 0 0 
0 0 2 0 2 0 2 0 2 0 2 0 0 0 0 0 0 0 
0 0 2 0 4 0 2 0 5 0 2 0 2 0 0 0 0 0 
0 0 2 0 2 0 2 0 2 0 2 0 2 0 2 0 2 0 
0 0 2 0 6 0 2 0 2 0 2 0 2 0 6 0 2 0 
0 0 2 0 2 0 2 0 0 0 0 0 0 0 0 0 2 0 
0 0 2 0 2 0 2 0 2 0 2 0 2 0 6 0 2 0 
0 0 7 0 0 0 7 0 0 0 7 0 0 0 7 0 0 0 
0 0 8 0 8 0 8 0 8 0 8 0 8 0 8 0 8 0 
0 0 0 0 0 0 0 0 0 0 0 0 0 0 0 0 0 0 
0 0 2 0 2 0 2 0 2 0 6 0 2 0 2 0 2 0 
0 0 2 0 2 0 5 0 2 0 2 0 2 0 2 0 2 0 
0 0 2 0 0 0 0 0 0 0 6 0 2 0 0 0 2 0 
0 0 2 0 2 0 2 0 2 0 2 0 2 0 2 0 2 0 
0 0 2 0 2 0 2 0 6 0 2 0 2 0 2 0 2 0 
0 0 2 0 9 0 2 0 2 0 10 0 0 0 11 0 6 0 
0 0 2 0 0 0 2 0 5 0 12 0 0 0 0 0 2 0 
0 0 2 0 9 0 2 0 2 0 0 0 13 0 0 0 6 0 
0 0 2 0 0 0 2 0 6 0 2 0 2 0 2 0 2 0 
0 0 2 0 0 0 2 0 2 0 2 0 2 0 0 0 2 0 
0 0 2 0 2 0 2 0 0 0 14 0 0 0 14 0 0 0 
0 0 2 0 6 0 2 0 2 0 2 0 2 0 2 0 2 0 
0 0 2 0 10 0 0 0 11 0 2 0 2 0 6 0 2 0 
0 0 2 0 12 0 0 0 0 0 2 0 5 0 2 0 2 0 
0 0 2 0 0 0 13 0 0 0 2 0 6 0 2 0 2 0 
0 0 2 0 2 0 2 0 2 0 2 0 2 0 2 0 2 0 
0 0 0 0 2 0 2 0 2 0 2 0 2 0 6 0 2 0 
0 0 0 0 14 0 0 0 0 0 0 0 2 0 2 0 0 0 
0 0 15 0 0 0 15 0 0 0 15 0 0 0 15 0 0 0 
0 0 0 0 0 0 0 0 0 0 0 0 0 0 0 0 0 0 
15 0 0 0 15 0 0 0 1 0 0 0 15 0 0 0 15 0 
0 0 0 0 0 0 0 0 0 0 0 0 0 0 0 0 0 0 
0 0 15 0 0 0 15 0 0 0 15 0 0 0 0 0 0 0 
0 0 0 0 0 0 0 0 0 0 0 0 0 0 0 0 0 0 
0 0 14 0 0 0 0 0 0 0 0 0 0 0 0 0 0 0 
0 0 2 0 16 0 2 0 2 0 0 0 0 0 0 0 0 0 
0 0 2 0 2 0 3 0 0 0 3 0 0 0 3 0 0 0 
0 0 0 0 0 0 0 0 0 0 0 0 0 0 0 0 0 0 
0 0 0 0 0 0 3 0 0 0 3 0 0 0 3 0 0 0 
0 0 0 0 2 0 0 0 0 0 0 0 0 0 0 0 0 0 
0 0 2 0 2 0 3 0 0 0 3 0 0 0 3 0 0 0 
0 0 2 0 2 0 0 0 0 0 0 0 0 0 0 0 0 0 
0 0 6 0 2 0 2 0 2 0 0 0 0 0 2 0 2 0 
0 0 17 0 2 0 2 0 2 0 2 0 0 0 0 0 0 0 
0 0 2 0 6 0 2 0 2 0 2 0 2 0 2 0 2 0 
0 0 2 0 1 0 0 0 2 0 2 0 2 0 2 0 2 0 
0 0 2 0 0 0 0 0 3 0 2 0 2 0 2 0 2 0 
0 0 2 0 2 0 16 0 0 0 2 0 2 0 2 0 2 0 
0 0 7 0 0 0 0 0 0 0 7 0 0 0 7 0 0 0 
0 0 2 0 8 0 2 0 8 0 2 0 8 0 2 0 8 0 
0 0 8 0 0 0 8 0 0 0 8 0 0 0 8 0 0 0 
0 0 0 0 8 0 0 0 8 0 0 0 8 0 0 0 8 0 
0 0 8 0 0 0 8 0 0 0 8 0 0 0 8 0 0 0 
0 0 0 0 8 0 0 0 8 0 0 0 8 0 0 0 8 0 
0 0 8 0 0 0 8 0 0 0 8 0 0 0 8 0 0 0 
0 0 0 0 2 0 0 0 2 0 0 0 0 0 0 0 17 0 
0 0 15 0 0 0 15 0 0 0 15 0 0 0 15 0 0 0 
0 0 0 0 0 0 0 0 0 0 0 0 0 0 0 0 0 0 
0 0 2 0 2 0 2 0 0 0 0 0 0 0 0 0 2 0 
0 0 2 0 0 0 0 0 0 0 1 0 0 0 0 0 2 0 
0 0 6 0 0 0 3 0 0 0 0 0 0 0 0 0 2 0 
0 0 2 0 0 0 0 0 0 0 0 0 0 0 0 0 2 0 
0 0 16 0 18 0 0 0 0 0 0 0 2 0 2 0 6 0 
0 0 2 0 0 0 2 0 15 0 0 0 15 0 0 0 2 0 
0 0 2 0 18 0 2 0 0 0 0 0 0 0 0 0 2 0 
0 0 2 0 0 0 17 0 2 0 15 0 0 0 0 0 2 0 
0 0 2 0 0 0 2 0 2 0 0 0 0 0 2 0 2 0 
3 0 0 0 3 0 0 0 2 0 2 0 15 0 0 0 5 0 
0 0 0 0 0 0 0 0 0 0 2 0 0 0 0 0 2 0 
3 0 0 0 3 0 0 0 2 0 15 0 0 0 15 0 0 0 
0 0 0 0 0 0 0 0 2 0 0 0 0 0 0 0 0 0 
0 0 0 0 7 0 0 0 7 0 0 0 0 0 2 0 2 0 
0 0 2 0 2 0 2 0 16 0 2 0 2 0 2 0 2 0 
0 0 2 0 6 0 2 0 2 0 2 0 2 0 6 0 2 0 
0 0 2 0 2 0 0 0 2 0 10 0 0 0 11 0 2 0 
0 0 2 0 2 0 6 0 2 0 12 0 0 0 0 0 2 0 
0 0 19 0 2 0 2 0 2 0 0 0 13 0 0 0 2 0 
0 0 2 0 19 0 2 0 8 0 17 0 8 0 2 0 8 0 
0 0 8 0 2 0 19 0 0 0 8 0 0 0 8 0 0 0 
0 0 0 0 8 0 2 0 19 0 0 0 8 0 0 0 8 0 
0 0 8 0 0 0 8 0 2 0 19 0 0 0 8 0 0 0 
0 0 0 0 17 0 0 0 5 0 2 0 19 0 0 0 2 0 
0 0 15 0 0 0 15 0 0 0 15 0 0 0 0 0 0 0 
0 0 0 0 0 0 0 0 0 0 0 0 0 0 2 0 2 0 
0 0 7 0 0 0 7 0 0 0 0 0 14 0 0 0 0 0 
0 0 3 0 0 0 3 0 0 0 3 0 0 0 3 0 0 0 
0 0 0 0 0 0 0 0 0 0 0 0 0 0 0 0 0 0 
0 0 3 0 0 0 3 0 0 0 0 0 2 0 2 0 0 0 
0 0 0 0 0 0 0 0 0 0 18 0 8 0 8 0 2 0 
0 0 2 0 2 0 1 0 0 0 0 0 0 0 0 0 0 0 
0 0 2 0 2 0 0 0 0 0 18 0 2 0 2 0 0 0 
0 0 17 0 6 0 2 0 2 0 0 0 8 0 8 0 0 0 
0 0 2 0 2 0 6 0 2 0 18 0 0 0 0 0 0 0 
0 0 0 0 2 0 2 0 2 0 0 0 16 0 2 0 2 0 
0 0 8 0 8 0 15 0 0 0 0 0 8 0 8 0 2 0 
0 0 0 0 0 0 0 0 0 0 2 0 0 0 0 0 2 0 
0 0 2 0 2 0 2 0 2 0 2 0 2 0 2 0 2 0 
0 0 2 0 2 0 2 0 2 0 2 0 15 0 0 0 0 0 
0 0 2 0 2 0 2 0 2 0 19 0 0 0 0 0 2 0 
0 0 2 0 2 0 2 0 16 0 2 0 2 0 2 0 2 0 
0 0 2 0 2 0 2 0 2 0 2 0 2 0 2 0 2 0 
0 0 8 0 8 0 15 0 0 0 8 0 8 0 8 0 0 0 
0 0 0 0 0 0 0 0 0 0 0 0 0 0 0 0 0 0 
0 0 2 0 2 0 2 0 2 0 2 0 2 0 2 0 0 0 
0 0 14 0 0 0 14 0 0 0 14 0 0 0 14 0 0 0 
0 0 10 0 0 0 11 0 18 0 2 0 2 0 2 0 0 0 
0 0 12 0 0 0 0 0 0 0 15 0 0 0 2 0 0 0 
0 0 0 0 13 0 0 0 18 0 0 0 0 0 2 0 0 0 
0 0 2 0 2 0 0 0 0 0 15 0 0 0 0 0 0 0 
0 0 15 0 0 0 2 0 18 0 0 0 0 0 0 0 0 0 
0 0 0 0 0 0 16 0 0 0 2 0 2 0 17 0 2 0 
0 0 2 0 2 0 2 0 0 0 0 0 0 0 0 0 0 0 
decorations 0

layer // layer 1
name noname
offset 15 15
cells_offset 440 -80
scroll_scale_factor_1 1 1
scroll_scale_factor_2 1 1
cell_size 40 40
width 9
height 114
shadow
no_cells
sprite_cells
2 0 2 0 2 0 2 0 2 0 2 0 2 0 2 0 2 0 
2 0 0 0 0 0 0 0 0 0 0 0 0 0 0 0 0 0 
2 0 0 0 0 0 0 0 0 0 0 0 0 0 0 0 0 0 
2 0 0 0 0 0 0 0 0 0 20 0 2 0 0 0 0 0 
2 0 0 0 0 0 0 0 0 0 0 0 20 0 2 0 2 0 
2 0 0 0 0 0 0 0 0 0 0 0 0 0 0 0 0 0 
2 0 0 0 0 0 0 0 0 0 0 0 0 0 21 0 0 0 
2 0 0 0 0 0 20 0 2 0 2 0 2 0 2 0 0 0 
2 0 0 0 0 0 0 0 0 0 0 0 0 0 0 0 0 0 
2 0 0 0 0 0 0 0 0 0 0 0 0 0 0 0 0 0 
2 0 0 0 0 0 0 0 0 0 0 0 0 0 0 0 0 0 
2 0 0 0 0 0 0 0 0 0 0 0 0 0 20 0 2 0 
2 0 0 0 0 0 0 0 0 0 0 0 0 0 0 0 0 0 
2 0 0 0 0 0 0 0 21 0 0 0 0 0 21 0 0 0 
2 0 22 0 2 0 2 0 2 0 0 0 20 0 2 0 0 0 
2 0 0 0 0 0 0 0 0 0 0 0 0 0 0 0 0 0 
2 0 0 0 21 0 0 0 0 0 0 0 0 0 0 0 0 0 
2 0 20 0 2 0 0 0 0 0 0 0 0 0 0 0 0 0 
2 0 0 0 0 0 0 0 0 0 0 0 0 0 0 0 0 0 
2 0 0 0 0 0 0 0 0 0 0 0 0 0 0 0 0 0 
2 0 0 0 21 0 0 0 0 0 0 0 0 0 21 0 0 0 
2 0 20 0 2 0 0 0 21 0 0 0 20 0 2 0 0 0 
2 0 0 0 0 0 20 0 2 0 0 0 0 0 0 0 0 0 
2 0 0 0 0 0 0 0 0 0 0 0 0 0 0 0 0 0 
2 0 0 0 0 0 0 0 0 0 0 0 0 0 0 0 0 0 
2 0 0 0 0 0 0 0 0 0 0 0 0 0 20 0 2 0 
2 0 0 0 0 0 0 0 0 0 0 0 0 0 0 0 0 0 
2 0 21 0 0 0 0 0 0 0 0 0 0 0 0 0 0 0 
0 0 2 0 0 0 0 0 0 0 21 0 0 0 0 0 0 0 
2 0 2 0 20 0 2 0 2 0 2 0 0 0 20 0 2 0 
2 0 0 0 0 0 0 0 0 0 0 0 0 0 0 0 0 0 
2 0 0 0 0 0 0 0 0 0 0 0 0 0 0 0 0 0 
2 0 0 0 0 0 0 0 0 0 0 0 0 0 21 0 21 0 
2 0 21 0 0 0 0 0 0 0 0 0 0 0 2 0 23 0 
2 0 2 0 0 0 0 0 0 0 0 0 2 0 0 0 0 0 
2 0 0 0 0 0 0 0 0 0 2 0 0 0 0 0 0 0 
2 0 0 0 20 0 2 0 2 0 0 0 0 0 0 0 0 0 
2 0 0 0 0 0 0 0 20 0 2 0 2 0 2 0 2 0 
2 0 0 0 21 0 0 0 0 0 0 0 0 0 0 0 0 0 
0 0 0 0 2 0 0 0 0 0 0 0 0 0 21 0 0 0 
0 0 2 0 2 0 0 0 0 0 20 0 2 0 2 0 0 0 
2 0 2 0 0 0 0 0 0 0 0 0 0 0 0 0 0 0 
2 0 0 0 0 0 21 0 0 0 0 0 0 0 0 0 0 0 
2 0 0 0 24 0 2 0 0 0 0 0 21 0 0 0 0 0 
2 0 0 0 25 0 26 0 0 0 0 0 2 0 0 0 0 0 
2 0 0 0 0 0 25 0 26 0 0 0 0 0 0 0 0 0 
2 0 0 0 0 0 0 0 25 0 26 0 0 0 0 0 0 0 
2 0 0 0 0 0 0 0 0 0 25 0 26 0 0 0 0 0 
2 0 0 0 0 0 0 0 0 0 0 0 25 0 26 0 0 0 
2 0 0 0 0 0 0 0 21 0 0 0 0 0 25 0 26 0 
2 0 20 0 2 0 2 0 2 0 0 0 21 0 0 0 25 0 
2 0 0 0 21 0 0 0 0 0 20 0 2 0 0 0 0 0 
2 0 0 0 2 0 0 0 0 0 0 0 21 0 0 0 0 0 
2 0 0 0 2 0 0 0 0 0 20 0 2 0 0 0 0 0 
2 0 0 0 2 0 0 0 0 0 0 0 0 0 0 0 0 0 
2 0 20 0 2 0 0 0 0 0 0 0 0 0 0 0 0 0 
2 0 0 0 0 0 0 0 0 0 0 0 0 0 21 0 0 0 
2 0 0 0 0 0 0 0 20 0 2 0 2 0 2 0 0 0 
2 0 0 0 0 0 0 0 0 0 0 0 0 0 0 0 0 0 
2 0 0 0 0 0 0 0 0 0 0 0 0 0 21 0 0 0 
2 0 0 0 0 0 0 0 2 0 2 0 2 0 2 0 0 0 
2 0 0 0 2 0 2 0 2 0 0 0 0 0 2 0 0 0 
2 0 0 0 2 0 0 0 0 0 0 0 0 0 2 0 0 0 
2 0 0 0 2 0 0 0 0 0 2 0 2 0 2 0 0 0 
2 0 20 0 2 0 2 0 2 0 2 0 0 0 0 0 0 0 
2 0 0 0 0 0 0 0 0 0 0 0 0 0 0 0 0 0 
2 0 0 0 0 0 0 0 0 0 0 0 0 0 21 0 0 0 
2 0 0 0 21 0 0 0 0 0 0 0 20 0 2 0 0 0 
2 0 20 0 2 0 0 0 0 0 0 0 0 0 0 0 0 0 
2 0 0 0 0 0 0 0 21 0 0 0 0 0 0 0 0 0 
2 0 0 0 0 0 20 0 2 0 0 0 0 0 0 0 0 0 
2 0 0 0 0 0 0 0 0 0 0 0 0 0 0 0 0 0 
2 0 0 0 0 0 0 0 0 0 0 0 21 0 0 0 0 0 
2 0 2 0 0 0 0 0 0 0 20 0 2 0 0 0 0 0 
2 0 0 0 0 0 0 0 0 0 0 0 0 0 0 0 0 0 
2 0 0 0 0 0 21 0 0 0 0 0 0 0 0 0 0 0 
2 0 0 0 20 0 2 0 0 0 0 0 0 0 0 0 0 0 
2 0 0 0 0 0 0 0 0 0 0 0 0 0 0 0 0 0 
2 0 0 0 0 0 0 0 0 0 0 0 0 0 0 0 0 0 
2 0 0 0 0 0 0 0 0 0 0 0 0 0 0 0 0 0 
2 0 0 0 0 0 0 0 0 0 0 0 0 0 0 0 0 0 
2 0 0 0 0 0 0 0 0 0 0 0 0 0 0 0 0 0 
2 0 0 0 0 0 0 0 0 0 0 0 0 0 0 0 0 0 
2 0 0 0 0 0 0 0 0 0 0 0 0 0 0 0 0 0 
2 0 0 0 0 0 0 0 0 0 0 0 20 0 2 0 2 0 
2 0 0 0 0 0 0 0 0 0 0 0 21 0 0 0 0 0 
2 0 0 0 0 0 0 0 20 0 2 0 2 0 0 0 0 0 
2 0 0 0 0 0 0 0 0 0 0 0 0 0 0 0 0 0 
2 0 0 0 0 0 0 0 0 0 21 0 0 0 0 0 0 0 
2 0 0 0 0 0 0 0 20 0 2 0 0 0 0 0 0 0 
2 0 0 0 0 0 0 0 0 0 0 0 0 0 0 0 0 0 
2 0 0 0 0 0 0 0 0 0 0 0 0 0 0 0 0 0 
2 0 0 0 0 0 0 0 0 0 0 0 0 0 0 0 0 0 
2 0 0 0 0 0 0 0 0 0 0 0 0 0 0 0 0 0 
2 0 21 0 0 0 0 0 0 0 0 0 0 0 0 0 0 0 
2 0 2 0 0 0 0 0 0 0 21 0 0 0 0 0 0 0 
2 0 0 0 0 0 0 0 20 0 2 0 0 0 0 0 0 0 
2 0 0 0 0 0 0 0 0 0 0 0 0 0 0 0 0 0 
2 0 0 0 27 0 0 0 0 0 0 0 0 0 0 0 0 0 
17 0 0 0 2 0 0 0 0 0 0 0 0 0 20 0 2 0 
17 0 0 0 2 0 0 0 0 0 0 0 0 0 0 0 0 0 
17 0 0 0 2 0 0 0 0 0 0 0 0 0 0 0 0 0 
17 0 20 0 28 0 0 0 0 0 0 0 0 0 0 0 0 0 
17 0 0 0 0 0 0 0 0 0 20 0 2 0 0 0 0 0 
17 0 0 0 0 0 0 0 0 0 0 0 0 0 2 0 0 0 
17 0 0 0 0 0 0 0 21 0 0 0 0 0 29 0 0 0 
17 0 0 0 0 0 20 0 17 0 0 0 0 0 25 0 0 0 
17 0 0 0 0 0 0 0 0 0 0 0 0 0 0 0 0 0 
17 0 0 0 0 0 0 0 0 0 0 0 0 0 0 0 0 0 
17 0 0 0 0 0 0 0 21 0 0 0 0 0 0 0 0 0 
17 0 0 0 20 0 17 0 17 0 0 0 0 0 0 0 0 0 
17 0 0 0 0 0 0 0 0 0 0 0 20 0 17 0 17 0 
17 0 0 0 0 0 0 0 0 0 0 0 0 0 0 0 0 0 
17 0 0 0 0 0 0 0 0 0 0 0 0 0 0 0 0 0 
decorations 0

layer // layer 2
name Main
offset 0 0
cells_offset 440 -80
scroll_scale_factor_1 1 1
scroll_scale_factor_2 1 1
cell_size 40 40
width 12
height 115
cells
2 12290 12290 12290 12290 2 2 2 2 2 0 0 
1538 0 0 0 0 0 0 0 0 2 0 0 
1538 0 0 0 0 0 0 0 0 2 0 0 
1538 0 0 0 0 0 2 2 2 2 0 0 
1538 0 0 0 0 0 0 2 2 2 0 0 
1538 0 0 0 0 0 0 0 0 2 0 0 
1538 0 0 0 0 0 0 0 0 2 0 0 
2 0 0 0 2 2 2 13850 0 2 0 0 
2 0 0 0 0 0 0 0 0 2 0 0 
2 0 0 0 0 0 0 0 0 2 0 0 
2 0 0 0 0 0 0 0 0 2 0 0 
2 0 0 0 0 0 0 0 14042 2 0 0 
2 0 0 0 0 0 0 0 0 2 0 0 
2 0 0 0 0 0 0 0 0 2 0 0 
2 2 12506 12314 13850 0 0 14042 0 2 0 0 
2 0 0 0 0 0 0 0 0 2 0 0 
2 0 0 0 0 0 0 0 0 2 0 0 
2 0 14042 0 0 0 0 0 0 2 0 0 
2 0 0 0 0 0 0 0 0 2 0 0 
2 0 0 0 0 0 0 0 0 2 0 0 
2 0 0 0 0 0 0 0 0 2 0 0 
2 0 14042 0 0 0 0 14042 0 2 0 0 
2 0 0 0 14042 0 0 0 0 2 0 0 
2 0 0 0 0 0 0 0 0 2 0 0 
2 0 0 0 0 0 0 0 0 2 0 0 
2 0 0 0 0 0 0 0 14042 2 0 0 
2 0 0 0 0 0 0 0 0 2 0 0 
2 0 0 0 0 0 0 0 0 2 0 0 
2 2 0 0 0 0 0 0 0 2 0 0 
2 13850 0 2 2 2 0 0 2 2 0 0 
2 0 0 0 0 0 0 0 0 2 2 2 
2 0 0 0 0 0 0 0 0 0 0 2 
2 0 0 0 0 0 0 0 0 2 0 2 
2 0 0 0 0 0 0 2 2 2 0 2 
2 2 0 0 0 0 2 2 0 2 0 2 
2 0 0 0 0 2 2 0 0 2 0 2 
2 0 0 2 2 2 0 0 0 2 0 2 
2 0 0 0 0 2 2 2 2 2 0 2 
2 0 0 0 0 0 0 0 0 0 0 2 
2 2 2 0 0 0 0 0 0 218 2 2 
2 2 2 0 0 0 2 2 0 194 0 0 
2 2 0 0 0 0 0 0 0 194 0 0 
2 0 0 0 0 0 0 0 0 2 0 0 
2 0 218 1562 0 0 0 0 0 2 0 0 
2 0 12482 0 26 2 2 0 0 2 0 0 
2 0 0 12482 0 0 2 2 2 2 0 0 
2 0 0 0 12482 0 0 0 0 2 0 0 
2 0 0 0 0 12482 0 0 0 2 0 0 
2 0 0 0 0 0 12482 0 0 0 0 0 
2 0 0 0 0 0 0 12482 0 0 0 0 
2 0 2 2 2 0 0 0 12482 0 0 0 
2 0 0 0 0 0 2 0 0 194 0 0 
2 0 1754 0 0 0 0 0 0 194 0 0 
2 0 1730 0 0 0 14042 0 0 2 0 0 
2 0 1730 0 0 0 0 0 0 2 0 0 
2 0 14018 0 0 0 0 0 0 2 0 0 
2 0 0 0 0 0 0 0 0 2 0 0 
2 0 0 0 0 2 2 13826 0 2 0 0 
2 0 0 0 0 0 0 0 0 2 0 0 
2 0 0 0 0 0 0 0 0 2 0 0 
2 0 0 0 2 2 2 2 0 2 0 0 
2 0 194 2 2 0 0 2 0 2 0 0 
2 0 194 0 0 0 0 2 0 2 0 0 
2 0 194 0 0 2 2 2 0 2 0 0 
2 0 12482 2 2 2 0 0 0 2 0 0 
2 0 0 0 0 0 0 0 0 2 0 0 
2 0 0 0 0 0 0 0 0 194 0 0 
2 0 0 0 0 0 0 12290 0 194 0 0 
1538 0 2 0 0 0 0 0 0 194 0 0 
1538 0 0 0 0 0 0 0 0 2 0 0 
1538 0 0 0 12290 0 0 0 0 2 0 0 
1538 0 0 0 0 0 0 0 0 2 0 0 
1538 0 0 0 0 0 0 0 0 2 0 0 
2 12290 0 0 0 0 2 0 0 2 0 0 
2 0 0 0 0 0 0 0 0 2 0 0 
2 0 0 0 0 0 0 0 0 2 0 0 
2 0 0 2 0 0 0 0 0 2 0 0 
2 0 0 0 0 0 0 0 0 2 0 0 
2 0 0 0 0 0 0 0 0 2 0 0 
2 0 0 0 0 0 0 0 0 2 0 0 
2 0 0 0 0 0 0 0 0 2 0 0 
2 0 0 0 0 0 0 0 0 2 0 0 
2 0 0 0 0 0 0 0 0 2 0 0 
2 0 0 0 0 0 0 0 0 2 0 0 
2 0 0 0 0 0 0 2 2 2 0 0 
1538 0 0 0 0 0 0 0 0 2 0 0 
2 0 0 0 0 2 2 0 194 2 0 0 
2 0 0 0 0 0 0 0 194 0 0 0 
2 0 0 0 0 0 0 0 194 0 0 0 
2 0 0 0 0 1538 0 0 194 0 0 0 
2 0 0 0 0 0 0 0 194 0 0 0 
2 0 0 0 0 0 0 0 194 0 0 0 
2 0 0 0 0 0 0 0 194 0 0 0 
2 0 0 0 0 0 0 0 194 0 0 0 
2 0 0 0 0 0 0 0 194 0 0 0 
2 2 0 0 0 0 0 0 194 0 0 0 
2 0 0 0 0 12290 0 0 194 0 0 0 
2 0 0 0 0 0 0 0 194 0 0 0 
2 0 1562 0 0 0 0 0 194 0 0 0 
2 0 1538 0 0 0 0 0 194 2 0 0 
2 0 1730 0 0 0 0 0 0 2 0 0 
2 0 1538 0 0 0 0 0 0 2 0 0 
2 0 13826 0 0 0 0 0 0 2 0 0 
2 0 0 0 0 0 12482 2 2 2 0 0 
2 0 0 0 0 0 0 194 2 0 0 0 
2 0 0 0 0 0 0 194 2 0 0 0 
2 0 0 0 14042 0 0 12482 2 0 0 0 
2 0 0 0 0 0 0 0 2 0 0 0 
1538 0 0 0 0 0 0 0 2 0 0 0 
1538 0 0 0 0 0 0 0 2 0 0 0 
1538 0 0 2 2 0 0 2 2 0 0 0 
1538 0 0 0 0 0 0 2 2 2 0 0 
2 0 0 0 0 0 0 0 0 2 0 0 
2 0 0 0 2 2 2 2 2 2 0 0 
2 2 2 2 2 0 0 0 0 0 0 0 
sprite_cells
30 0 31 0 32 0 33 0 0 0 34 0 0 0 34 0 0 0 35 0 0 0 0 0 
0 0 0 0 0 0 0 0 0 0 0 0 0 0 0 0 0 0 0 0 0 0 0 0 
36 0 0 0 0 0 0 0 0 0 0 0 0 0 0 0 0 0 37 0 0 0 0 0 
31 0 0 0 0 0 0 0 0 0 0 0 37 0 35 0 38 0 35 0 0 0 0 0 
36 0 0 0 0 0 0 0 0 0 0 0 0 0 0 0 38 0 0 0 0 0 0 0 
36 0 0 0 0 0 0 0 0 0 0 0 0 0 0 0 0 0 39 0 0 0 0 0 
32 0 0 0 0 0 0 0 0 0 0 0 0 0 0 0 0 0 39 0 0 0 0 0 
35 0 0 0 0 0 0 0 34 0 0 0 37 0 32 0 0 0 39 0 0 0 0 0 
0 0 0 0 0 0 0 0 0 0 0 0 0 0 0 0 0 0 39 0 0 0 0 0 
37 0 0 0 0 0 0 0 0 0 0 0 0 0 0 0 0 0 39 0 0 0 0 0 
35 0 0 0 0 0 0 0 0 0 0 0 0 0 0 0 0 0 39 0 0 0 0 0 
0 0 0 0 0 0 0 0 0 0 0 0 0 0 0 0 40 0 35 0 0 0 0 0 
35 0 0 0 0 0 0 0 0 0 0 0 0 0 0 0 0 0 0 0 0 0 0 0 
0 0 0 0 0 0 0 0 0 0 0 0 0 0 0 0 0 0 35 0 0 0 0 0 
35 0 22 0 32 0 33 0 0 0 0 0 0 0 41 0 0 0 0 0 0 0 0 0 
0 0 0 0 0 0 0 0 0 0 0 0 0 0 0 0 0 0 37 0 0 0 0 0 
35 0 0 0 0 0 0 0 0 0 0 0 0 0 0 0 0 0 37 0 0 0 0 0 
0 0 0 0 0 0 0 0 0 0 0 0 0 0 0 0 0 0 35 0 0 0 0 0 
37 0 0 0 0 0 0 0 0 0 0 0 0 0 0 0 0 0 0 0 0 0 0 0 
37 0 0 0 0 0 0 0 0 0 0 0 0 0 0 0 0 0 37 0 0 0 0 0 
35 0 0 0 0 0 0 0 0 0 0 0 0 0 0 0 0 0 37 0 0 0 0 0 
0 0 0 0 31 0 0 0 0 0 0 0 0 0 42 0 0 0 35 0 0 0 0 0 
37 0 0 0 0 0 0 0 32 0 0 0 0 0 0 0 0 0 0 0 0 0 0 0 
37 0 0 0 0 0 0 0 0 0 0 0 0 0 0 0 0 0 35 0 0 0 0 0 
39 0 0 0 0 0 0 0 0 0 0 0 0 0 0 0 0 0 0 0 0 0 0 0 
37 0 0 0 0 0 0 0 0 0 0 0 0 0 0 0 32 0 35 0 0 0 0 0 
35 0 0 0 0 0 0 0 0 0 0 0 0 0 0 0 0 0 0 0 0 0 0 0 
0 0 0 0 0 0 0 0 0 0 0 0 0 0 0 0 0 0 35 0 0 0 0 0 
34 0 0 0 0 0 0 0 0 0 0 0 0 0 0 0 0 0 0 0 0 0 0 0 
35 0 32 0 0 0 34 0 0 0 37 0 0 0 0 0 37 0 35 0 0 0 0 0 
0 0 0 0 0 0 0 0 0 0 0 0 0 0 0 0 0 0 0 0 34 0 0 0 
35 0 0 0 0 0 0 0 0 0 0 0 0 0 0 0 0 0 0 0 0 0 43 0 
0 0 0 0 0 0 0 0 0 0 0 0 0 0 0 0 0 0 35 0 0 0 44 0 
37 0 0 0 0 0 0 0 0 0 0 0 0 0 45 0 23 0 0 0 0 0 44 0 
34 0 0 0 0 0 0 0 0 0 0 0 45 0 33 0 0 0 35 0 0 0 35 0 
37 0 0 0 0 0 0 0 0 0 45 0 30 0 46 0 0 0 0 0 0 0 0 0 
35 0 0 0 0 0 37 0 34 0 0 0 0 0 0 0 0 0 35 0 0 0 43 0 
0 0 0 0 0 0 0 0 0 0 34 0 0 0 34 0 0 0 0 0 0 0 44 0 
35 0 0 0 0 0 0 0 0 0 0 0 0 0 0 0 0 0 0 0 0 0 44 0 
0 0 47 0 35 0 0 0 0 0 0 0 0 0 0 0 0 0 32 0 34 0 0 0 
48 0 0 0 0 0 0 0 0 0 0 0 49 0 37 0 0 0 32 0 50 0 51 0 
0 0 0 0 0 0 0 0 0 0 0 0 0 0 0 0 0 0 32 0 0 0 36 0 
35 0 0 0 0 0 0 0 0 0 0 0 0 0 0 0 0 0 35 0 0 0 36 0 
0 0 0 0 24 0 42 0 0 0 0 0 0 0 0 0 0 0 0 0 33 0 0 0 
35 0 0 0 25 0 26 0 52 0 53 0 0 0 0 0 0 0 37 0 54 0 30 0 
0 0 0 0 0 0 25 0 26 0 52 0 34 0 0 0 34 0 0 0 0 0 0 0 
35 0 0 0 0 0 0 0 25 0 26 0 52 0 52 0 52 0 35 0 33 0 0 0 
0 0 0 0 0 0 0 0 0 0 25 0 26 0 52 0 52 0 0 0 54 0 30 0 
35 0 0 0 0 0 0 0 0 0 0 0 25 0 26 0 52 0 32 0 0 0 0 0 
0 0 0 0 0 0 0 0 0 0 0 0 0 0 25 0 26 0 31 0 33 0 0 0 
37 0 0 0 37 0 37 0 37 0 0 0 0 0 0 0 25 0 30 0 23 0 45 0 
37 0 0 0 0 0 0 0 0 0 0 0 55 0 0 0 0 0 0 0 0 0 56 0 
35 0 0 0 32 0 0 0 0 0 0 0 0 0 0 0 0 0 32 0 33 0 0 0 
0 0 0 0 57 0 0 0 0 0 0 0 31 0 0 0 0 0 35 0 0 0 0 0 
35 0 0 0 57 0 0 0 0 0 0 0 0 0 0 0 0 0 0 0 0 0 0 0 
0 0 0 0 32 0 0 0 0 0 0 0 0 0 0 0 0 0 35 0 0 0 0 0 
37 0 0 0 0 0 0 0 0 0 0 0 0 0 0 0 0 0 0 0 0 0 0 0 
35 0 0 0 0 0 0 0 0 0 34 0 0 0 37 0 0 0 37 0 0 0 0 0 
0 0 0 0 0 0 0 0 0 0 0 0 0 0 0 0 0 0 37 0 0 0 0 0 
58 0 0 0 0 0 0 0 0 0 0 0 0 0 0 0 0 0 58 0 0 0 0 0 
43 0 0 0 0 0 0 0 34 0 0 0 34 0 0 0 0 0 43 0 0 0 0 0 
44 0 0 0 35 0 59 0 60 0 0 0 0 0 35 0 0 0 44 0 0 0 0 0 
44 0 0 0 0 0 0 0 0 0 0 0 0 0 0 0 0 0 44 0 0 0 0 0 
44 0 0 0 37 0 0 0 0 0 60 0 49 0 37 0 0 0 44 0 0 0 0 0 
58 0 0 0 34 0 0 0 34 0 0 0 0 0 0 0 0 0 58 0 0 0 0 0 
37 0 0 0 0 0 0 0 0 0 0 0 0 0 0 0 0 0 37 0 0 0 0 0 
35 0 0 0 0 0 0 0 0 0 0 0 0 0 0 0 0 0 32 0 0 0 0 0 
0 0 0 0 0 0 0 0 0 0 0 0 0 0 41 0 0 0 30 0 0 0 0 0 
32 0 0 0 41 0 0 0 0 0 0 0 0 0 0 0 0 0 0 0 0 0 0 0 
36 0 0 0 0 0 0 0 0 0 0 0 0 0 0 0 0 0 39 0 0 0 0 0 
36 0 0 0 0 0 0 0 41 0 0 0 0 0 0 0 0 0 39 0 0 0 0 0 
36 0 0 0 0 0 0 0 0 0 0 0 0 0 0 0 0 0 35 0 0 0 0 0 
42 0 0 0 0 0 0 0 0 0 0 0 0 0 0 0 0 0 0 0 0 0 0 0 
35 0 41 0 0 0 0 0 0 0 0 0 60 0 0 0 0 0 39 0 0 0 0 0 
0 0 0 0 0 0 0 0 0 0 0 0 0 0 0 0 0 0 39 0 0 0 0 0 
35 0 0 0 0 0 0 0 0 0 0 0 0 0 0 0 0 0 35 0 0 0 0 0 
0 0 0 0 0 0 0 0 0 0 0 0 0 0 0 0 0 0 0 0 0 0 0 0 
35 0 0 0 0 0 0 0 0 0 0 0 0 0 0 0 0 0 37 0 0 0 0 0 
0 0 0 0 0 0 0 0 0 0 0 0 0 0 0 0 0 0 35 0 0 0 0 0 
37 0 0 0 0 0 0 0 0 0 0 0 0 0 0 0 0 0 0 0 0 0 0 0 
35 0 0 0 0 0 0 0 0 0 0 0 0 0 0 0 0 0 37 0 0 0 0 0 
0 0 0 0 0 0 0 0 0 0 0 0 0 0 0 0 0 0 37 0 0 0 0 0 
37 0 0 0 0 0 0 0 0 0 0 0 0 0 0 0 0 0 35 0 0 0 0 0 
35 0 0 0 0 0 0 0 0 0 0 0 0 0 0 0 0 0 0 0 0 0 0 0 
0 0 0 0 0 0 0 0 0 0 0 0 0 0 37 0 47 0 35 0 0 0 0 0 
32 0 0 0 0 0 0 0 0 0 0 0 0 0 0 0 0 0 0 0 0 0 0 0 
35 0 0 0 0 0 0 0 0 0 34 0 0 0 0 0 34 0 0 0 0 0 0 0 
0 0 0 0 0 0 0 0 0 0 0 0 0 0 0 0 32 0 30 0 0 0 0 0 
35 0 0 0 0 0 0 0 0 0 0 0 0 0 0 0 61 0 0 0 0 0 0 0 
0 0 0 0 0 0 0 0 0 0 37 0 0 0 0 0 57 0 32 0 0 0 0 0 
37 0 0 0 0 0 0 0 0 0 0 0 0 0 0 0 62 0 31 0 0 0 0 0 
58 0 0 0 0 0 0 0 0 0 0 0 0 0 0 0 63 0 0 0 0 0 0 0 
37 0 0 0 0 0 0 0 0 0 0 0 0 0 0 0 0 0 0 0 0 0 0 0 
35 0 0 0 0 0 0 0 0 0 0 0 0 0 0 0 42 0 35 0 0 0 0 0 
0 0 0 0 0 0 0 0 0 0 0 0 0 0 0 0 32 0 0 0 0 0 0 0 
37 0 49 0 0 0 0 0 0 0 0 0 0 0 0 0 64 0 35 0 0 0 0 0 
43 0 0 0 0 0 0 0 0 0 37 0 0 0 0 0 65 0 0 0 0 0 0 0 
37 0 0 0 0 0 0 0 0 0 0 0 0 0 0 0 65 0 35 0 0 0 0 0 
43 0 0 0 27 0 0 0 0 0 0 0 0 0 0 0 66 0 0 0 0 0 0 0 
37 0 0 0 67 0 0 0 0 0 0 0 0 0 0 0 34 0 0 0 0 0 0 0 
43 0 0 0 42 0 0 0 0 0 0 0 0 0 0 0 0 0 43 0 0 0 0 0 
37 0 0 0 67 0 0 0 0 0 0 0 0 0 0 0 0 0 44 0 0 0 0 0 
43 0 0 0 28 0 0 0 0 0 0 0 0 0 0 0 0 0 44 0 0 0 0 0 
37 0 0 0 0 0 0 0 0 0 0 0 37 0 34 0 0 0 37 0 0 0 0 0 
43 0 0 0 0 0 0 0 0 0 0 0 0 0 26 0 32 0 68 0 0 0 0 0 
37 0 0 0 0 0 0 0 0 0 0 0 0 0 29 0 30 0 69 0 0 0 0 0 
43 0 0 0 0 0 0 0 32 0 0 0 0 0 25 0 0 0 69 0 0 0 0 0 
37 0 0 0 0 0 0 0 0 0 0 0 0 0 0 0 48 0 0 0 0 0 0 0 
32 0 0 0 0 0 0 0 0 0 0 0 0 0 0 0 0 0 0 0 0 0 0 0 
42 0 0 0 0 0 0 0 0 0 0 0 0 0 0 0 39 0 69 0 0 0 0 0 
30 0 0 0 0 0 55 0 55 0 0 0 0 0 70 0 71 0 69 0 0 0 0 0 
0 0 0 0 0 0 0 0 0 0 0 0 0 0 70 0 72 0 71 0 0 0 0 0 
37 0 0 0 0 0 0 0 0 0 0 0 0 0 0 0 0 0 39 0 0 0 0 0 
35 0 0 0 0 0 0 0 35 0 73 0 37 0 37 0 37 0 73 0 0 0 0 0 
0 0 38 0 74 0 74 0 0 0 0 0 41 0 41 0 41 0 0 0 0 0 0 0 
decorations 51
720 4439 75 0
679 4439 75 0
679 4040 76 0
681 4039 77 0
759 4440 75 0
520 4000 78 0
640 3760 79 0
760 3880 80 0
758 3679 81 0
520 3960 78 0
520 3880 78 0
520 3840 78 0
766 3571 82 0
766 3597 82 0
802 3579 83 0
480 3740 84 0
760 3359 85 0
640 3481 86 0
760 3299 84 0
442 3475 87 0
480 2841 79 0
600 2721 79 0
720 2600 79 0
519 2480 76 0
520 2480 80 0
520 2440 88 0
520 2400 88 0
599 2479 89 0
639 2479 90 0
439 2640 91 0
680 2460 84 0
520 2359 85 0
720 2200 92 0
720 2200 86 0
559 2360 84 0
719 1719 93 0
759 1719 94 0
719 1400 94 0
759 1400 95 0
879 1757 83 0
882 1682 82 0
881 1798 82 0
680 1541 84 0
480 1499 84 0
479 1039 89 0
439 1039 90 0
599 480 90 0
560 479 75 0
638 199 95 0
678 39 75 0
720 480 96 0

layer // layer 3
name noname
offset 0 0
cells_offset 520 600
scroll_scale_factor_1 1 1
scroll_scale_factor_2 1 1
cell_size 40 40
width 9
height 60
no_cells
sprite_cells
32 0 0 0 0 0 0 0 0 0 0 0 0 0 0 0 0 0 
0 0 0 0 0 0 0 0 0 0 0 0 0 0 0 0 0 0 
0 0 0 0 0 0 0 0 0 0 0 0 0 0 0 0 0 0 
0 0 0 0 0 0 0 0 0 0 0 0 0 0 0 0 0 0 
0 0 0 0 0 0 0 0 0 0 0 0 0 0 0 0 0 0 
0 0 0 0 0 0 0 0 0 0 0 0 0 0 0 0 0 0 
0 0 0 0 0 0 0 0 0 0 0 0 0 0 0 0 0 0 
0 0 0 0 0 0 0 0 0 0 0 0 0 0 0 0 0 0 
0 0 0 0 0 0 0 0 0 0 0 0 0 0 0 0 0 0 
0 0 0 0 0 0 0 0 0 0 0 0 0 0 0 0 0 0 
0 0 0 0 0 0 0 0 0 0 0 0 0 0 0 0 0 0 
0 0 0 0 0 0 0 0 0 0 0 0 0 0 0 0 0 0 
0 0 0 0 0 0 0 0 0 0 0 0 0 0 0 0 0 0 
0 0 0 0 0 0 0 0 0 0 0 0 0 0 0 0 0 0 
0 0 0 0 0 0 0 0 0 0 0 0 0 0 97 0 51 0 
0 0 0 0 0 0 0 0 0 0 0 0 0 0 0 0 98 0 
0 0 0 0 0 0 0 0 0 0 0 0 0 0 0 0 98 0 
0 0 0 0 0 0 0 0 0 0 0 0 0 0 0 0 98 0 
0 0 0 0 0 0 0 0 0 0 0 0 0 0 0 0 98 0 
0 0 0 0 0 0 0 0 0 0 0 0 0 0 0 0 98 0 
0 0 0 0 0 0 0 0 0 0 0 0 0 0 0 0 98 0 
0 0 0 0 0 0 0 0 0 0 0 0 0 0 97 0 99 0 
0 0 0 0 0 0 0 0 0 0 0 0 0 0 0 0 0 0 
0 0 0 0 0 0 0 0 0 0 0 0 0 0 0 0 0 0 
0 0 0 0 0 0 0 0 0 0 0 0 0 0 0 0 0 0 
0 0 0 0 0 0 0 0 0 0 0 0 0 0 0 0 0 0 
0 0 0 0 0 0 0 0 0 0 0 0 0 0 0 0 0 0 
0 0 0 0 0 0 0 0 0 0 0 0 0 0 0 0 0 0 
0 0 0 0 0 0 0 0 0 0 0 0 0 0 0 0 0 0 
0 0 0 0 0 0 0 0 0 0 0 0 0 0 0 0 0 0 
0 0 0 0 0 0 0 0 0 0 0 0 0 0 0 0 0 0 
0 0 0 0 0 0 0 0 0 0 0 0 0 0 0 0 0 0 
0 0 0 0 0 0 0 0 0 0 0 0 0 0 0 0 0 0 
0 0 0 0 0 0 0 0 0 0 0 0 0 0 0 0 0 0 
0 0 0 0 0 0 0 0 0 0 0 0 0 0 0 0 0 0 
0 0 0 0 0 0 0 0 0 0 0 0 0 0 0 0 0 0 
0 0 0 0 0 0 0 0 0 0 0 0 0 0 0 0 0 0 
0 0 0 0 0 0 0 0 0 0 0 0 0 0 0 0 0 0 
0 0 0 0 0 0 0 0 0 0 0 0 0 0 0 0 0 0 
0 0 0 0 0 0 0 0 0 0 0 0 0 0 0 0 0 0 
0 0 0 0 0 0 0 0 0 0 0 0 0 0 0 0 0 0 
0 0 0 0 0 0 0 0 0 0 0 0 0 0 0 0 0 0 
0 0 0 0 0 0 0 0 0 0 0 0 0 0 0 0 0 0 
0 0 0 0 0 0 0 0 0 0 0 0 0 0 0 0 0 0 
0 0 0 0 37 0 0 0 0 0 0 0 0 0 0 0 0 0 
0 0 0 0 0 0 0 0 0 0 0 0 0 0 0 0 0 0 
0 0 0 0 0 0 37 0 0 0 0 0 0 0 0 0 0 0 
0 0 0 0 0 0 0 0 0 0 0 0 0 0 0 0 0 0 
0 0 0 0 0 0 0 0 0 0 0 0 0 0 0 0 0 0 
0 0 0 0 0 0 0 0 0 0 0 0 0 0 0 0 0 0 
0 0 0 0 0 0 0 0 0 0 0 0 0 0 0 0 0 0 
0 0 0 0 0 0 0 0 0 0 0 0 0 0 0 0 0 0 
0 0 0 0 0 0 0 0 0 0 0 0 0 0 0 0 0 0 
0 0 0 0 0 0 0 0 0 0 0 0 0 0 0 0 0 0 
0 0 0 0 0 0 0 0 0 0 0 0 0 0 0 0 0 0 
0 0 0 0 0 0 0 0 0 0 0 0 0 0 0 0 0 0 
0 0 0 0 0 0 0 0 41 0 0 0 0 0 0 0 0 0 
0 0 0 0 0 0 0 0 0 0 0 0 0 0 0 0 0 0 
0 0 0 0 0 0 0 0 0 0 0 0 0 0 0 0 0 0 
0 0 41 0 0 0 0 0 0 0 0 0 0 0 0 0 0 0 
decorations 2
800 1440 100 0
800 1160 100 0

} // layers

entities { 
Break/Wall 1 {
position_in_layer 480 4440
layer_index 2
}
Break/Wall 2 {
position_in_layer 520 4440
layer_index 2
}
Break/Wall 3 {
position_in_layer 560 4440
layer_index 2
}
hero/Magneto 4 {
position_in_layer 760 4400
layer_index 2
}
Break/Bridge 7 {
operate 15
position_in_layer 640 3920
layer_index 2
}
Device/Respawn 8 {
position_in_layer 640 3720
layer_index 2
}
DoorSingleH 9 {
position_in_layer 720 3360
layer_index 2
}
Device/Lever_W 10 {
operate 9
position_in_layer 720 3680
layer_index 2
}
shooter/drop 12 {
shot_delay 2300 2300
position_in_layer 740 3340
layer_index 2
}
Break/Wall 13 {
position_in_layer 480 3560
layer_index 2
}
Spec/Actions 15 {
run_on_startup true
run_once false
a1_delay 1000
a1_target 7
a1_action signal1
a2_delay 1000
a2_target 20
a2_action run
position_in_layer 883 4051
layer_index 2
}
Spec/Actions 20 {
run_once false
a1_target 7
a1_action signal0
a2_delay 1000
a2_target 15
a2_action run
position_in_layer 916 3942
layer_index 2
}
Device/Teleport 24 {
target 25
position_in_layer 480 3680
layer_index 2
}
Device/Teleport 25 {
position_in_layer 760 3240
layer_index 2
}
fly/jellyfish 26 {
speed 100 100
angle 0 0
position_in_layer 645 3960
layer_index 2
}
Break/Bridge 28 {
operate 29
position_in_layer 680 3240
layer_index 2
}
Break/Bridge 29 {
operate 30
position_in_layer 640 3200
layer_index 2
}
Break/Bridge 30 {
operate 31
position_in_layer 600 3160
layer_index 2
}
Break/Bridge 31 {
operate 32
position_in_layer 560 3120
layer_index 2
}
Break/Bridge 32 {
operate 33
position_in_layer 520 3080
layer_index 2
}
Break/Bridge 33 {
operate 36
position_in_layer 480 3040
layer_index 2
}
Spec/Region 34 {
trigger_once true
operate 28
off_signal_enabled false
position_in_layer 744 3227
layer_index 2
}
Spec/SignalPlexor 36 {
operate_1 28
invert true
position_in_layer 561 3231
layer_index 2
}
spikes40_N 39 {
position_in_layer 560 2960
layer_index 2
}
spikes40_N 40 {
position_in_layer 680 2840
layer_index 2
}
Device/Respawn 41 {
position_in_layer 600 2680
layer_index 2
}
spikes40_E 42 {
fwd_sound none
bwd_sound none
position_in_layer 600 2360
layer_index 2
}
spikes40_N 43 {
fwd_sound none
bwd_sound none
position_in_layer 640 2440
layer_index 2
}
spikes40_S 44 {
position_in_layer 600 2360
layer_index 2
}
spikes40_W 45 {
fwd_sound none
bwd_sound none
position_in_layer 640 2440
layer_index 2
}
ortho/ceilingrobot 47 {
move_distance 100
position_in_layer 521 2520
layer_index 2
}
ortho/crocodile 48 {
anim_fwd happyblue
anim_bwd happyblue
move_distance 280
col_offset 5 5
col_size 30 30
position_in_layer 479 2261
layer_index 2
}
thorns/big_E 49 {
position_in_layer 554 2022
layer_index 2
}
teeth40_S 50 {
position_in_layer 680 2060
layer_index 2
}
Device/Respawn 51 {
position_in_layer 680 2160
layer_index 2
}
shooter/drop 52 {
shot_delay2 2000 2000
position_in_layer 540 1740
layer_index 2
}
shooter/drop 53 {
shot_delay 3000 3000
position_in_layer 580 1780
layer_index 2
}
shooter/drop 54 {
shot_delay 1500 1500
position_in_layer 620 1820
layer_index 2
}
AcidPool 55 {
size 2 1
position_in_layer 720 1680
layer_index 2
}
Device/Teleport 56 {
position_in_layer 480 1440
layer_index 2
}
Device/Teleport 57 {
target 58
position_in_layer 680 1480
layer_index 2
}
Device/Teleport 58 {
position_in_layer 560 2400
layer_index 2
}
Device/Teleport 59 {
target 56
position_in_layer 680 2400
layer_index 2
}
teeth120_N 60 {
position_in_layer 520 1900
layer_index 2
}
ortho/sadStewie 61 {
speed_fwd 60
speed_bwd 60
move_distance 160
delay_to_fwd 500
delay_to_bwd 500
position_in_layer 753 1964
layer_index 2
}
Device/Respawn 62 {
position_in_layer 640 1640
layer_index 2
}
Crate/solid 63 {
position_in_layer 740 1680
layer_index 2
}
Crate/solid 64 {
position_in_layer 780 1680
layer_index 2
}
shooter/krapnik 69 {
shot_delay 1500 1500
position_in_layer 575 1116
layer_index 2
}
Device/Respawn 70 {
position_in_layer 740 1200
layer_index 2
}
spikes40_E 72 {
position_in_layer 520 600
layer_index 2
}
spikes40_N 73 {
fwd_sound none
bwd_sound none
position_in_layer 520 600
layer_index 2
}
spikes40_W 75 {
fwd_sound none
bwd_sound none
position_in_layer 520 600
layer_index 2
}
spikes40_S 76 {
fwd_sound none
bwd_sound none
position_in_layer 520 600
layer_index 2
}
ortho/sadStewie 77 {
anim_fwd greenbat
anim_bwd greenbat
speed_fwd 120
speed_bwd 120
move_distance 360
col_offset 15 0
col_size 30 40
position_in_layer 661 468
layer_index 2
}
ortho/sadStewie 78 {
anim_fwd pinkbat
anim_bwd pinkbat
speed_fwd 80
speed_bwd 80
col_offset 10 5
col_size 20 20
position_in_layer 758 446
layer_index 2
}
ortho/sadStewie 80 {
anim_fwd pinkbat
anim_bwd pinkbat
speed_fwd 80
speed_bwd 80
col_offset 10 5
col_size 20 20
position_in_layer 636 753
layer_index 2
}
ortho/sadStewie 81 {
anim_fwd pinkbat
anim_bwd pinkbat
speed_fwd 80
speed_bwd 80
start_delay 2000 2000
col_offset 10 5
col_size 20 20
position_in_layer 559 642
layer_index 2
}
Device/Respawn 82 {
position_in_layer 560 440
layer_index 2
}
shooter/drop 83 {
shot_delay 1500 1500
position_in_layer 780 140
layer_index 2
}
multishot/angryHubert 84 {
shot_delay 3000 3000
position_in_layer 553 35
layer_index 2
}
Spec/LevelExit 85 {
position_in_layer 720 0
layer_index 2
}
Spec/Region 86 {
size 207 228
operate 13
off_signal_enabled false
position_in_layer 611 3655
layer_index 2
}
SoundMachine 87 {
position_in_layer 742 1338
layer_index 2
}
SoundMachine 88 {
size 40 160
position_in_layer 856 1704
layer_index 2
}
} // entities
