sprite_table {
 bgr/bulkhead 1
 bgr/plate_01 2
 wall_metalA_03 3
 wall_metalA_02 4
 bgr/plate3 5
 cogwheelA 6
 bgr/plate_13 7
 bgr/plate1 8
 bgr/plate_04 9
 bgr/plate_08 10
 bgr/plate_09 11
 bgr/plate_07 12
 bgr/plate_03 13
 bgr/plate_02 14
 bgr/plate_wire_2 15
 bgr/hugepipe01 16
 bgr/hugepipe02 17
 bgr/hugepipe04 18
 bgr/rock_01 19
 bgr/plate_10 20
 bgr/hugepipe03 21
 bgr/hugegrate 22
 bgr/rock_02 23
 bgr/plate2 24
 bgr/plate_06 25
 dirt 26
 dirt/rubik 27
 dirt/rocket 28
 dirt/boulder1 29
 dirt/boulder3 30
 dirt/boulder4 31
 dirt/hole 32
 wall_stoneA_05 33
 wall_stoneA_04 34
 wall_arc_01 35
 wall_arc_02 36
 wall_arc_03 37
 wall_stoneA_02 38
 metal_fatpipe_10 39
 metal_fatpipe_01 40
 metal_fatpipe_09 41
 shadow_fix_01 42
 metal_fatpipe_08 43
 shadow_fix_02 44
 wall_stoneA_00 45
 metal_pipe_03 46
 metal_pipeend 47
 device/respawn 48
 wall_yellow_03 49
 wall_yellow_04 50
 wall_yellowx_3 51
 wall_yellowx_4 52
 wall_yellowx_5 53
 metal_fatpipe_07 54
 wall_brick01 55
 wall_brick02 56
 wall_brick03 57
 wall_yellow_02 58
 wall_stoneB_02 59
 metal_fatpipe_02 60
 metal_grate 61
 wall_yellow_01 62
 wall_brick04 63
 wall_yellow_11 64
 pistyH 65
 wall_yellow_10 66
 wall_yellowx_6 67
 wall_yellowx_7 68
 wall_yellowx_8 69
 wall_stoneA_03 70
 wall_yellow_09b 71
 wall_yellow_06 72
 wall_yellow_07 73
 wall_yellow_08 74
 wall_yellow_09 75
 halfplate_box 76
 bgr/eyes 77
 bgr/eyes_big 78
 sign/doorV 79
 wire_2N 80
} // sprite_table

layers {
clear_screen true
layer // layer 0
name noname
offset 0 0
cells_offset -120 -240
scroll_scale_factor_1 1 1
scroll_scale_factor_2 1 1
cell_size 40 40
width 30
height 19
no_cells
sprite_cells
0 0 0 0 0 0 0 0 0 0 0 0 0 0 0 0 0 0 0 0 0 0 0 0 0 0 0 0 0 0 0 0 0 0 0 0 0 0 0 0 0 0 1 0 0 0 0 0 0 0 0 0 2 0 2 0 2 0 0 0 
0 0 0 0 0 0 0 0 0 0 0 0 0 0 0 0 0 0 0 0 0 0 3 0 0 0 4 0 0 0 0 0 0 0 0 0 5 0 5 0 5 0 0 0 2 0 2 0 2 0 2 0 2 0 2 0 2 0 2 0 
0 0 0 0 0 0 0 0 0 0 0 0 0 0 0 0 0 0 0 0 0 0 0 0 6 0 0 0 0 0 0 0 0 0 0 0 5 0 5 0 5 0 1 0 7 0 0 0 7 0 0 0 7 0 0 0 7 0 0 0 
0 0 0 0 0 0 0 0 0 0 0 0 0 0 0 0 0 0 0 0 0 0 2 0 0 0 2 0 0 0 0 0 0 0 0 0 5 0 5 0 5 0 0 0 0 0 0 0 0 0 0 0 0 0 0 0 0 0 0 0 
0 0 0 0 0 0 0 0 0 0 0 0 0 0 0 0 0 0 8 0 9 0 9 0 9 0 2 0 2 0 2 0 2 0 2 0 0 0 0 0 0 0 0 0 2 0 10 0 2 0 2 0 2 0 2 0 0 0 2 0 
0 0 0 0 0 0 0 0 0 0 0 0 0 0 0 0 0 0 2 0 0 0 0 0 0 0 0 0 0 0 0 0 0 0 0 0 0 0 0 0 0 0 0 0 2 0 2 0 2 0 11 0 2 0 11 0 12 0 2 0 
13 0 0 0 1 0 13 0 0 0 13 0 0 0 13 0 0 0 13 0 0 0 13 0 0 0 1 0 2 0 14 0 2 0 2 0 2 0 0 0 0 0 15 0 0 0 15 0 0 0 15 0 0 0 15 0 0 0 15 0 
0 0 0 0 0 0 0 0 0 0 0 0 0 0 0 0 0 0 0 0 0 0 0 0 0 0 0 0 2 0 16 0 0 0 17 0 2 0 0 0 0 0 9 0 2 0 9 0 2 0 2 0 2 0 2 0 0 0 0 0 
0 0 13 0 0 0 0 0 0 0 15 0 0 0 15 0 0 0 15 0 0 0 0 0 0 0 0 0 14 0 18 0 0 0 0 0 2 0 0 0 9 0 0 0 9 0 0 0 19 0 0 0 19 0 0 0 19 0 0 0 
0 0 0 0 0 0 2 0 2 0 2 0 2 0 20 0 2 0 2 0 0 0 0 0 2 0 2 0 2 0 0 0 21 0 0 0 2 0 9 0 0 0 9 0 0 0 9 0 0 0 0 0 0 0 0 0 0 0 2 0 
0 0 7 0 0 0 2 0 16 0 0 0 17 0 11 0 14 0 2 0 22 0 0 0 2 0 13 0 2 0 2 0 2 0 14 0 2 0 0 0 9 0 10 0 9 0 0 0 19 0 0 0 23 0 0 0 19 0 0 0 
0 0 0 0 0 0 24 0 18 0 0 0 0 0 9 0 2 0 2 0 0 0 0 0 2 0 14 0 2 0 0 0 2 0 9 0 20 0 9 0 0 0 2 0 0 0 9 0 0 0 0 0 0 0 0 0 0 0 0 0 
0 0 13 0 0 0 2 0 0 0 21 0 0 0 0 0 7 0 0 0 13 0 0 0 13 0 0 0 9 0 10 0 9 0 0 0 9 0 0 0 9 0 0 0 9 0 0 0 19 0 0 0 19 0 0 0 19 0 0 0 
0 0 0 0 0 0 2 0 2 0 2 0 10 0 2 0 0 0 0 0 0 0 0 0 0 0 0 0 0 0 2 0 0 0 14 0 0 0 2 0 0 0 2 0 0 0 2 0 0 0 0 0 0 0 0 0 0 0 0 0 
25 0 0 0 25 0 0 0 0 0 25 0 0 0 0 0 25 0 0 0 25 0 0 0 25 0 0 0 25 0 0 0 25 0 0 0 25 0 0 0 25 0 0 0 25 0 0 0 25 0 0 0 0 0 0 0 0 0 0 0 
0 0 2 0 2 0 2 0 2 0 2 0 2 0 2 0 2 0 2 0 2 0 2 0 2 0 2 0 2 0 2 0 2 0 2 0 2 0 2 0 2 0 2 0 2 0 2 0 2 0 0 0 0 0 0 0 0 0 0 0 
0 0 0 0 7 0 0 0 7 0 0 0 7 0 0 0 7 0 0 0 7 0 0 0 7 0 0 0 7 0 0 0 0 0 0 0 0 0 0 0 13 0 0 0 13 0 0 0 13 0 0 0 26 0 0 0 26 0 0 0 
0 0 0 0 0 0 0 0 0 0 0 0 0 0 0 0 0 0 0 0 0 0 0 0 0 0 0 0 0 0 0 0 26 0 0 0 26 0 0 0 0 0 0 0 0 0 0 0 0 0 0 0 0 0 0 0 0 0 0 0 
0 0 7 0 0 0 7 0 0 0 7 0 0 0 7 0 0 0 7 0 0 0 7 0 0 0 7 0 0 0 0 0 0 0 0 0 0 0 0 0 0 0 0 0 0 0 0 0 0 0 0 0 26 0 0 0 26 0 0 0 
decorations 7
1000 40 7 0
1007 418 27 0
950 463 28 0
1017 470 29 0
950 416 30 0
586 453 31 0
528 472 32 0

layer // layer 1
name noname
offset 15 15
cells_offset -160 -240
scroll_scale_factor_1 1 1
scroll_scale_factor_2 1 1
cell_size 40 40
width 31
height 19
shadow
no_cells
sprite_cells
0 0 0 0 0 0 0 0 0 0 0 0 0 0 0 0 0 0 0 0 0 0 0 0 0 0 0 0 0 0 0 0 0 0 0 0 33 0 0 0 33 0 0 0 33 0 0 0 33 0 0 0 34 0 35 0 36 0 37 0 34 0 
0 0 0 0 0 0 0 0 0 0 0 0 0 0 0 0 0 0 0 0 0 0 0 0 0 0 0 0 0 0 0 0 0 0 0 0 38 0 0 0 0 0 0 0 0 0 0 0 0 0 0 0 0 0 0 0 0 0 0 0 0 0 
0 0 0 0 0 0 0 0 0 0 0 0 0 0 0 0 0 0 0 0 0 0 0 0 0 0 0 0 0 0 0 0 0 0 0 0 0 0 0 0 0 0 0 0 0 0 0 0 0 0 0 0 0 0 0 0 0 0 0 0 0 0 
0 0 0 0 0 0 0 0 0 0 0 0 0 0 0 0 0 0 38 0 33 0 0 0 39 0 40 0 41 0 33 0 0 0 33 0 0 0 0 0 0 0 0 0 0 0 0 0 0 0 0 0 0 0 0 0 0 0 42 0 0 0 
0 0 0 0 0 0 0 0 0 0 0 0 0 0 0 0 0 0 0 0 0 0 0 0 0 0 0 0 0 0 0 0 0 0 0 0 0 0 0 0 0 0 0 0 0 0 43 0 0 0 0 0 0 0 0 0 44 0 34 0 0 0 
33 0 0 0 33 0 0 0 33 0 0 0 33 0 0 0 33 0 0 0 0 0 0 0 0 0 0 0 33 0 0 0 33 0 0 0 33 0 0 0 0 0 33 0 0 0 41 0 0 0 0 0 0 0 0 0 0 0 0 0 0 0 
38 0 0 0 0 0 0 0 0 0 0 0 0 0 0 0 0 0 0 0 0 0 0 0 0 0 0 0 0 0 0 0 0 0 0 0 0 0 0 0 45 0 0 0 46 0 0 0 0 0 0 0 0 0 0 0 0 0 0 0 0 0 
0 0 0 0 0 0 0 0 0 0 42 0 0 0 0 0 0 0 0 0 0 0 0 0 0 0 0 0 42 0 0 0 0 0 0 0 0 0 0 0 0 0 0 0 0 0 0 0 0 0 0 0 0 0 0 0 0 0 0 0 0 0 
0 0 34 0 33 0 0 0 33 0 0 0 0 0 0 0 0 0 0 0 0 0 0 0 3 0 0 0 47 0 0 0 0 0 0 0 0 0 44 0 34 0 0 0 0 0 0 0 0 0 0 0 0 0 42 0 0 0 0 0 0 0 
0 0 38 0 0 0 0 0 0 0 0 0 0 0 0 0 0 0 0 0 44 0 3 0 0 0 0 0 0 0 0 0 0 0 0 0 0 0 0 0 0 0 0 0 0 0 0 0 0 0 0 0 44 0 34 0 0 0 0 0 0 0 
0 0 0 0 0 0 0 0 0 0 0 0 0 0 0 0 0 0 0 0 0 0 0 0 0 0 0 0 0 0 0 0 42 0 0 0 0 0 0 0 0 0 0 0 0 0 0 0 0 0 0 0 0 0 0 0 0 0 0 0 0 0 
0 0 38 0 0 0 0 0 0 0 0 0 0 0 0 0 0 0 0 0 0 0 0 0 0 0 0 0 0 0 44 0 34 0 0 0 0 0 0 0 0 0 0 0 42 0 0 0 0 0 0 0 0 0 0 0 0 0 0 0 0 0 
0 0 0 0 0 0 0 0 0 0 0 0 0 0 0 0 0 0 0 0 0 0 0 0 0 0 0 0 0 0 0 0 0 0 0 0 0 0 0 0 0 0 44 0 34 0 0 0 0 0 0 0 0 0 0 0 0 0 0 0 0 0 
0 0 38 0 0 0 0 0 0 0 42 0 0 0 0 0 42 0 0 0 0 0 42 0 0 0 0 0 0 0 0 0 0 0 0 0 0 0 0 0 0 0 0 0 0 0 0 0 0 0 0 0 0 0 43 0 0 0 0 0 0 0 
0 0 0 0 0 0 0 0 44 0 34 0 0 0 44 0 34 0 0 0 44 0 34 0 0 0 0 0 0 0 0 0 0 0 0 0 0 0 0 0 0 0 0 0 0 0 0 0 0 0 0 0 0 0 0 0 0 0 0 0 0 0 
0 0 34 0 42 0 0 0 0 0 0 0 0 0 0 0 0 0 0 0 0 0 0 0 0 0 0 0 0 0 0 0 0 0 0 0 0 0 0 0 42 0 0 0 0 0 0 0 0 0 0 0 38 0 33 0 0 0 33 0 0 0 
0 0 0 0 38 0 0 0 0 0 0 0 0 0 0 0 0 0 0 0 0 0 0 0 0 0 0 0 0 0 0 0 38 0 33 0 0 0 34 0 38 0 0 0 0 0 0 0 0 0 0 0 0 0 0 0 0 0 0 0 0 0 
0 0 0 0 0 0 0 0 0 0 0 0 0 0 0 0 0 0 0 0 0 0 0 0 0 0 0 0 0 0 0 0 0 0 0 0 0 0 0 0 0 0 0 0 0 0 0 0 0 0 0 0 38 0 0 0 0 0 0 0 0 0 
0 0 0 0 38 0 0 0 0 0 0 0 0 0 0 0 0 0 0 0 0 0 0 0 0 0 0 0 0 0 0 0 0 0 0 0 0 0 0 0 0 0 0 0 0 0 0 0 0 0 0 0 0 0 0 0 0 0 0 0 0 0 
decorations 1
310 28 48 0

layer // layer 2
name Main
offset 0 0
cells_offset -160 -240
scroll_scale_factor_1 1 1
scroll_scale_factor_2 1 1
cell_size 40 40
width 32
height 20
cells
0 0 0 0 0 0 0 0 0 0 0 0 0 0 0 0 0 0 2 2 2 2 2 2 2 2 2 2 2 2 2 2 
0 0 0 0 0 0 0 0 0 0 0 0 0 0 0 0 0 0 2 0 0 0 0 0 0 0 0 0 0 0 0 2 
0 0 0 0 0 0 0 0 0 0 0 0 0 0 0 0 0 0 2 0 0 0 0 0 0 0 0 0 0 0 0 2 
0 0 0 0 0 0 0 0 2 2 2 2 12290 12290 12290 2 2 2 1538 0 0 0 0 0 0 0 0 0 0 0 0 2 
0 0 2 0 0 0 0 0 0 2 0 0 0 0 0 0 0 0 194 26 26 26 26 1562 0 0 0 0 0 14042 0 2 
2 2 2 2 2 2 2 2 2 2 0 0 0 0 2 2 2 2 2 2 2 2 2 13826 0 0 0 0 0 0 0 2 
2 0 0 0 0 0 0 0 0 0 0 0 0 0 0 0 0 0 0 0 2 2 13826 0 0 0 0 0 0 0 0 2 
2 0 0 0 0 0 0 0 0 0 0 0 0 0 0 0 0 0 0 0 2 2 0 0 0 0 0 0 0 0 0 2 
2 2 2 2 2 14042 0 0 0 0 0 0 2 2 2 0 0 0 0 0 14018 0 0 0 0 0 0 0 0 0 0 2 
0 2 0 0 0 0 0 0 0 0 0 14042 13826 0 0 0 0 0 0 0 0 0 0 0 0 0 0 14042 0 0 0 2 
0 2 0 0 0 0 0 0 0 0 0 0 0 0 0 0 0 0 0 0 0 0 0 0 0 0 0 0 0 0 0 2 
0 2 0 0 0 0 0 0 0 0 0 0 0 0 0 0 14042 0 0 0 0 0 0 0 0 0 0 0 0 0 0 2 
0 2 0 0 0 0 0 0 0 0 0 0 0 0 0 0 0 0 0 0 0 0 14042 0 0 0 0 0 0 0 0 2 
0 2 0 0 0 0 0 0 0 0 0 0 0 0 0 0 0 0 0 0 0 0 0 0 0 0 218 1562 0 0 2 2 
0 2 0 0 0 14042 0 0 14042 0 0 14042 0 0 0 0 0 0 0 0 0 0 0 0 0 0 194 2 2 2 2 2 
0 2 0 0 0 0 0 0 0 0 0 0 0 0 0 0 0 0 0 0 0 0 0 0 0 0 2 0 0 0 0 0 
0 2 2 0 0 0 0 0 0 0 0 0 0 0 0 0 2 2 2 2 2 0 0 0 0 0 2 0 0 0 0 0 
0 2 2 0 0 0 0 0 0 0 0 0 0 0 0 0 2 0 0 0 2 0 0 0 0 0 2 0 0 0 0 0 
0 0 2 0 0 0 0 0 0 0 0 0 0 0 0 0 2 0 0 0 2 2 2 2 2 2 2 0 0 0 0 0 
0 0 2 2 2 2 2 2 2 2 2 2 2 2 2 2 2 0 0 0 0 0 0 0 0 0 0 0 0 0 0 0 
sprite_cells
0 0 0 0 0 0 0 0 0 0 0 0 0 0 0 0 0 0 0 0 0 0 0 0 0 0 0 0 0 0 0 0 0 0 0 0 49 0 0 0 50 0 49 0 0 0 50 0 50 0 49 0 0 0 51 0 52 0 53 0 49 0 0 0 
0 0 0 0 0 0 0 0 0 0 0 0 0 0 54 0 40 0 40 0 40 0 40 0 0 0 0 0 0 0 55 0 56 0 57 0 58 0 0 0 0 0 0 0 0 0 0 0 0 0 0 0 0 0 0 0 0 0 0 0 0 0 59 0 
0 0 0 0 0 0 0 0 0 0 0 0 0 0 60 0 0 0 0 0 0 0 0 0 61 0 0 0 47 0 62 0 0 0 63 0 0 0 0 0 0 0 0 0 0 0 0 0 0 0 0 0 0 0 0 0 0 0 0 0 0 0 50 0 
50 0 50 0 50 0 59 0 59 0 58 0 49 0 0 0 50 0 50 0 49 0 0 0 39 0 40 0 41 0 0 0 0 0 50 0 47 0 0 0 0 0 0 0 0 0 0 0 0 0 0 0 0 0 0 0 0 0 0 0 0 0 64 0 
49 0 0 0 50 0 59 0 59 0 0 0 58 0 65 0 0 0 50 0 0 0 0 0 0 0 0 0 0 0 0 0 0 0 0 0 39 0 40 0 40 0 40 0 40 0 43 0 0 0 0 0 0 0 0 0 0 0 47 0 0 0 66 0 
50 0 49 0 0 0 49 0 0 0 50 0 0 0 49 0 0 0 50 0 0 0 0 0 0 0 0 0 49 0 0 0 50 0 49 0 0 0 50 0 49 0 0 0 47 0 41 0 0 0 0 0 0 0 0 0 0 0 0 0 0 0 66 0 
58 0 0 0 0 0 0 0 0 0 0 0 0 0 0 0 0 0 0 0 0 0 0 0 0 0 0 0 0 0 0 0 0 0 0 0 0 0 0 0 62 0 0 0 46 0 0 0 0 0 0 0 0 0 0 0 0 0 0 0 0 0 66 0 
0 0 0 0 0 0 0 0 0 0 0 0 0 0 0 0 0 0 0 0 0 0 0 0 0 0 0 0 0 0 0 0 0 0 0 0 0 0 0 0 0 0 0 0 0 0 0 0 0 0 0 0 0 0 0 0 0 0 0 0 0 0 50 0 
67 0 68 0 68 0 69 0 70 0 61 0 0 0 0 0 0 0 0 0 0 0 0 0 67 0 68 0 69 0 0 0 0 0 0 0 0 0 0 0 47 0 0 0 0 0 0 0 0 0 0 0 0 0 0 0 0 0 0 0 0 0 50 0 
55 0 57 0 0 0 0 0 0 0 0 0 0 0 0 0 0 0 0 0 0 0 3 0 0 0 0 0 0 0 0 0 0 0 0 0 0 0 0 0 0 0 0 0 0 0 0 0 0 0 0 0 0 0 50 0 0 0 0 0 0 0 59 0 
50 0 63 0 0 0 0 0 0 0 0 0 0 0 0 0 0 0 0 0 0 0 0 0 0 0 0 0 0 0 0 0 0 0 0 0 0 0 0 0 0 0 0 0 0 0 0 0 0 0 0 0 0 0 0 0 0 0 0 0 0 0 71 0 
55 0 57 0 0 0 0 0 0 0 0 0 0 0 0 0 0 0 0 0 0 0 0 0 0 0 0 0 0 0 0 0 61 0 0 0 0 0 0 0 0 0 0 0 0 0 0 0 0 0 0 0 0 0 0 0 0 0 0 0 0 0 71 0 
49 0 0 0 0 0 0 0 0 0 0 0 0 0 0 0 0 0 0 0 0 0 0 0 0 0 0 0 0 0 0 0 0 0 0 0 0 0 0 0 0 0 0 0 4 0 0 0 0 0 0 0 0 0 0 0 0 0 0 0 0 0 71 0 
55 0 57 0 0 0 0 0 0 0 0 0 0 0 0 0 0 0 0 0 0 0 0 0 0 0 0 0 0 0 0 0 0 0 0 0 0 0 0 0 0 0 0 0 0 0 0 0 0 0 0 0 54 0 43 0 0 0 0 0 62 0 0 0 
55 0 57 0 0 0 0 0 0 0 47 0 0 0 0 0 47 0 0 0 0 0 47 0 0 0 0 0 0 0 0 0 0 0 0 0 0 0 0 0 0 0 0 0 0 0 0 0 0 0 0 0 39 0 47 0 62 0 0 0 0 0 0 0 
49 0 0 0 0 0 0 0 0 0 0 0 0 0 0 0 0 0 0 0 0 0 0 0 0 0 0 0 0 0 0 0 0 0 0 0 0 0 0 0 0 0 0 0 0 0 0 0 0 0 0 0 49 0 0 0 0 0 0 0 49 0 0 0 
55 0 56 0 57 0 0 0 0 0 0 0 0 0 0 0 0 0 0 0 0 0 0 0 0 0 0 0 0 0 0 0 58 0 50 0 49 0 0 0 72 0 0 0 0 0 0 0 0 0 0 0 50 0 0 0 0 0 0 0 0 0 58 0 
63 0 50 0 63 0 0 0 0 0 0 0 0 0 0 0 0 0 0 0 0 0 0 0 0 0 0 0 0 0 0 0 0 0 0 0 0 0 0 0 58 0 0 0 0 0 0 0 0 0 0 0 50 0 0 0 0 0 0 0 0 0 0 0 
55 0 56 0 57 0 0 0 0 0 0 0 0 0 0 0 0 0 0 0 0 0 0 0 0 0 0 0 0 0 0 0 58 0 0 0 0 0 0 0 0 0 49 0 0 0 50 0 50 0 49 0 0 0 0 0 0 0 0 0 0 0 58 0 
55 0 56 0 57 0 50 0 49 0 0 0 50 0 49 0 0 0 49 0 0 0 49 0 0 0 50 0 50 0 50 0 0 0 49 0 0 0 49 0 0 0 73 0 74 0 74 0 74 0 75 0 49 0 0 0 50 0 49 0 0 0 0 0 
decorations 6
920 120 76 0
522 91 77 0
952 192 78 0
-162 22 79 0
402 -42 79 0
-41 81 80 0

} // layers

entities { 
DoorV 13 {
position_in_layer 400 0
layer_index 2
}
Spec/LevelExit 16 {
position_in_layer 640 -120
layer_index 2
}
Device/Respawn 22 {
position_in_layer 320 40
layer_index 2
}
Spec/Region 25 {
size 194 68
bubble true
balloon true
position_in_layer 684 408
layer_index 2
}
Spec/Region 26 {
size 514 110
bubble true
balloon true
position_in_layer -38 408
layer_index 2
}
ortho/piranha 28 {
region 25
position_in_layer 764 436
layer_index 2
}
ortho/piranha 29 {
region 26
position_in_layer 267 462
layer_index 2
}
DoorV 31 {
position_in_layer -40 0
layer_index 2
}
Device/FloorPermanent 32 {
operate 31
position_in_layer 0 80
layer_index 2
}
hero/Magneto 33 {
position_in_layer 560 360
layer_index 2
}
AcidPool 34 {
size 5 2
position_in_layer 680 400
layer_index 2
}
AcidPool 36 {
size 13 3
position_in_layer -40 400
layer_index 2
}
Device/button_E 38 {
operate 40
position_in_layer -120 20
layer_index 2
}
Spec/Actions/Camera 40 {
a1_target 13
a2_target 13
position_in_layer -111 -123
layer_index 2
}
Spec/LevelBoundary 41 {
position_in_layer -80 -160
layer_index 2
}
Spec/LevelBoundary 42 {
position_in_layer 1040 480
layer_index 2
}
SoundMachine 43 {
position_in_layer 144 -93
layer_index 2
}
} // entities
