sprite_table {
 bgr/plate_01 1
 bgr/plate_05 2
 bgr/plate_02 3
 bgr/plate_08 4
 bgr/plate_13 5
 bgr/plate_09 6
 bgr/plate_07 7
 bgr/plate_03 8
 bgr/plate_10 9
 bgr/bulkhead 10
 bgr/hugegrate 11
 bgr/plate_04 12
 dirt 13
 bgr/plate_06 14
 wall_yellow_02 15
 metal_pipe_06 16
 wall_yellow_03 17
 wall_yellow_04 18
 wall_yellowx_3 19
 wall_yellowx_4 20
 wall_yellowx_5 21
 shadow_fix_01 22
 shadow_fix_02 23
 wall_metalA_02 24
 metal_ramp_02 25
 halfplate_09 26
 halfplate_12 27
 zabradli 28
 sign/acid2 29
 wall_yellow_06 30
 wall_metalA_03 31
 pistyH 32
 metal_pipejoint_02 33
 metal_grate 34
 cogwheelB 35
 metal_pipeend 36
 wall_yellow_12 37
 wall_yellow_13 38
 wall_yellowx_1 39
 pipeend_3 40
 wall_yellow_11 41
 wall_yellow_10 42
 wall_yellow_09b 43
 metal_frame 44
 wall_yellow_07 45
 wall_yellow_08 46
 wall_yellow_09 47
 wall_stoneA_03 48
 halfplate_13 49
 sign/grate_round 50
 sign/gaugeB 51
 halfplate_box 52
 halfplate_11 53
 halfplate_14 54
 sign/stripe3 55
 wall_yellowx_6 56
 wall_yellowx_7 57
 wall_yellowx_8 58
 metal_fatpipe_01 59
 wire_2N 60
 wire_2H 61
 wire_2W 62
 sign/arrow1 63
 sign/gaugeA 64
} // sprite_table

layers {
clear_screen true
layer // layer 0
name noname
offset 0 0
cells_offset 80 120
scroll_scale_factor_1 1 1
scroll_scale_factor_2 1 1
cell_size 40 40
width 37
height 11
no_cells
sprite_cells
0 0 0 0 0 0 0 0 0 0 0 0 0 0 0 0 0 0 0 0 0 0 0 0 0 0 0 0 0 0 0 0 0 0 1 0 1 0 1 0 1 0 1 0 1 0 1 0 1 0 1 0 1 0 1 0 1 0 1 0 1 0 1 0 1 0 1 0 1 0 0 0 0 0 
0 0 0 0 0 0 0 0 0 0 0 0 2 0 0 0 0 0 0 0 1 0 1 0 1 0 0 0 0 0 0 0 1 0 1 0 1 0 0 0 1 0 0 0 0 0 1 0 0 0 0 0 1 0 2 0 1 0 0 0 0 0 1 0 0 0 0 0 0 0 0 0 0 0 
0 0 1 0 1 0 1 0 1 0 1 0 0 0 1 0 1 0 3 0 1 0 1 0 1 0 1 0 0 0 4 0 1 0 5 0 0 0 6 0 1 0 5 0 0 0 1 0 5 0 0 0 1 0 0 0 4 0 5 0 0 0 7 0 5 0 0 0 1 0 1 0 1 0 
0 0 4 0 0 0 0 0 3 0 3 0 2 0 7 0 1 0 1 0 1 0 6 0 1 0 1 0 0 0 4 0 1 0 0 0 0 0 8 0 0 0 0 0 0 0 1 0 0 0 0 0 1 0 2 0 1 0 0 0 0 0 1 0 0 0 0 0 1 0 3 0 7 0 
0 0 1 0 9 0 1 0 6 0 1 0 0 0 7 0 0 0 1 0 1 0 1 0 1 0 1 0 10 0 1 0 1 0 5 0 0 0 0 0 0 0 5 0 0 0 1 0 11 0 0 0 7 0 0 0 1 0 5 0 0 0 1 0 5 0 0 0 1 0 1 0 1 0 
0 0 1 0 1 0 1 0 1 0 1 0 2 0 1 0 0 0 12 0 12 0 12 0 12 0 12 0 0 0 1 0 1 0 0 0 0 0 1 0 0 0 0 0 0 0 0 0 0 0 0 0 0 0 0 0 0 0 0 0 0 0 0 0 0 0 0 0 0 0 0 0 0 0 
0 0 1 0 1 0 1 0 1 0 1 0 0 0 1 0 0 0 0 0 0 0 0 0 0 0 0 0 0 0 0 0 0 0 12 0 12 0 12 0 0 0 12 0 12 0 0 0 12 0 12 0 0 0 0 0 0 0 12 0 12 0 0 0 12 0 12 0 0 0 13 0 0 0 
0 0 0 0 3 0 3 0 0 0 0 0 0 0 0 0 0 0 14 0 0 0 14 0 0 0 14 0 0 0 1 0 7 0 0 0 0 0 0 0 1 0 0 0 0 0 1 0 0 0 0 0 6 0 1 0 1 0 0 0 0 0 1 0 0 0 0 0 0 0 0 0 0 0 
8 0 0 0 8 0 0 0 8 0 0 0 8 0 0 0 10 0 12 0 12 0 12 0 12 0 12 0 0 0 0 0 0 0 0 0 0 0 0 0 0 0 0 0 0 0 0 0 0 0 0 0 0 0 0 0 0 0 0 0 0 0 0 0 0 0 0 0 0 0 0 0 0 0 
0 0 0 0 0 0 0 0 0 0 0 0 0 0 0 0 0 0 0 0 0 0 0 0 0 0 0 0 0 0 0 0 0 0 0 0 0 0 0 0 0 0 0 0 0 0 0 0 0 0 0 0 0 0 0 0 0 0 0 0 0 0 0 0 0 0 0 0 0 0 0 0 0 0 
0 0 0 0 0 0 0 0 0 0 0 0 0 0 0 0 0 0 12 0 12 0 12 0 12 0 12 0 0 0 0 0 0 0 0 0 0 0 0 0 0 0 0 0 0 0 0 0 0 0 0 0 0 0 0 0 0 0 0 0 0 0 0 0 0 0 0 0 0 0 0 0 0 0 
decorations 0

layer // layer 1
name noname
offset 15 15
cells_offset 80 80
scroll_scale_factor_1 1 1
scroll_scale_factor_2 1 1
cell_size 40 40
width 36
height 12
shadow
no_cells
sprite_cells
0 0 0 0 0 0 0 0 0 0 0 0 0 0 0 0 0 0 0 0 0 0 0 0 0 0 0 0 0 0 0 0 15 0 0 0 0 0 0 0 0 0 0 0 0 0 16 0 16 0 0 0 0 0 0 0 0 0 0 0 0 0 0 0 0 0 0 0 0 0 0 0 
0 0 0 0 0 0 0 0 0 0 0 0 0 0 0 0 0 0 0 0 0 0 0 0 0 0 0 0 0 0 0 0 0 0 16 0 16 0 16 0 16 0 16 0 16 0 16 0 16 0 16 0 16 0 16 0 16 0 16 0 16 0 16 0 16 0 16 0 16 0 0 0 
15 0 17 0 0 0 17 0 0 0 17 0 0 0 17 0 0 0 18 0 19 0 20 0 21 0 17 0 0 0 18 0 19 0 20 0 21 0 17 0 0 0 17 0 0 0 17 0 0 0 17 0 0 0 17 0 0 0 17 0 0 0 17 0 0 0 17 0 0 0 17 0 
0 0 0 0 0 0 22 0 0 0 0 0 0 0 0 0 0 0 0 0 0 0 0 0 0 0 0 0 15 0 0 0 0 0 0 0 0 0 0 0 0 0 0 0 0 0 0 0 0 0 0 0 0 0 0 0 0 0 0 0 0 0 0 0 0 0 0 0 0 0 0 0 
15 0 23 0 17 0 0 0 0 0 0 0 0 0 0 0 22 0 0 0 0 0 0 0 0 0 23 0 0 0 0 0 0 0 0 0 0 0 0 0 0 0 0 0 0 0 0 0 0 0 0 0 0 0 0 0 0 0 0 0 0 0 0 0 0 0 0 0 0 0 0 0 
0 0 0 0 0 0 0 0 0 0 0 0 0 0 0 0 15 0 0 0 0 0 0 0 0 0 0 0 0 0 0 0 0 0 0 0 0 0 0 0 22 0 0 0 0 0 22 0 0 0 0 0 0 0 0 0 22 0 0 0 0 0 22 0 0 0 0 0 0 0 0 0 
15 0 0 0 0 0 0 0 0 0 0 0 0 0 0 0 0 0 22 0 0 0 0 0 0 0 0 0 0 0 0 0 22 0 0 0 0 0 0 0 15 0 0 0 0 0 15 0 0 0 0 0 0 0 0 0 15 0 0 0 0 0 15 0 0 0 0 0 24 0 17 0 
0 0 22 0 0 0 0 0 0 0 0 0 0 0 0 0 15 0 25 0 0 0 0 0 0 0 18 0 15 0 17 0 0 0 0 0 0 0 23 0 0 0 0 0 23 0 0 0 0 0 23 0 17 0 0 0 0 0 0 0 23 0 0 0 0 0 0 0 15 0 0 0 
17 0 0 0 0 0 23 0 17 0 0 0 17 0 0 0 0 0 0 0 0 0 0 0 0 0 0 0 0 0 0 0 0 0 0 0 0 0 0 0 0 0 0 0 0 0 0 0 0 0 0 0 0 0 0 0 0 0 0 0 0 0 0 0 0 0 0 0 0 0 0 0 
15 0 0 0 0 0 0 0 0 0 0 0 0 0 0 0 0 0 0 0 0 0 0 0 0 0 0 0 0 0 0 0 0 0 0 0 0 0 0 0 0 0 0 0 0 0 0 0 0 0 0 0 0 0 0 0 0 0 0 0 0 0 0 0 0 0 0 0 0 0 0 0 
0 0 0 0 0 0 0 0 0 0 0 0 0 0 0 0 22 0 0 0 0 0 0 0 0 0 0 0 0 0 0 0 0 0 0 0 0 0 0 0 0 0 0 0 0 0 0 0 0 0 0 0 0 0 0 0 0 0 0 0 0 0 0 0 0 0 0 0 0 0 0 0 
0 0 0 0 0 0 0 0 0 0 0 0 0 0 0 0 15 0 0 0 0 0 0 0 0 0 0 0 0 0 0 0 0 0 0 0 0 0 0 0 0 0 0 0 0 0 0 0 0 0 0 0 0 0 0 0 0 0 0 0 0 0 0 0 0 0 0 0 0 0 0 0 
decorations 7
440 381 26 0
560 380 27 0
234 351 28 0
273 351 28 0
312 351 28 0
352 351 28 0
551 308 29 0

layer // layer 2
name Main
offset 0 0
cells_offset 80 80
scroll_scale_factor_1 1 1
scroll_scale_factor_2 1 1
cell_size 40 40
width 38
height 14
cells
0 0 0 0 0 0 0 0 0 0 0 0 0 0 0 0 0 0 0 0 0 0 0 0 0 0 0 0 0 0 0 0 0 0 0 0 0 0 
0 0 0 0 0 0 0 0 0 0 0 0 0 0 0 0 0 0 0 0 0 0 0 0 0 0 0 0 0 0 0 0 0 0 0 0 0 0 
2 2 2 2 2 2 2 2 2 2 2 2 2 2 2 2 2 2 2 2 2 2 2 2 2 2 2 2 2 2 2 2 2 2 2 2 2 2 
2 0 0 0 0 0 0 0 0 0 0 0 0 0 2 0 0 0 0 0 0 0 0 0 0 0 0 0 0 0 0 0 0 0 0 0 0 2 
2 0 12290 12290 0 0 0 0 0 0 0 0 0 0 2 0 0 0 0 0 0 0 0 0 0 0 0 0 0 0 0 0 0 0 0 0 0 2 
2 0 0 0 0 0 0 0 2 0 0 0 0 0 0 0 0 0 0 0 0 0 0 0 0 0 0 0 0 0 0 0 0 0 0 0 0 2 
2 0 0 0 0 0 0 0 2 0 0 0 0 0 0 0 0 0 0 0 1754 0 0 1754 0 0 218 26 1562 0 0 1754 0 0 218 2 2 2 
2 0 0 0 0 0 0 0 2 2 0 0 2 2 2 2 2 0 0 0 2 0 0 2 0 0 2 2 2 0 0 2 0 0 2 0 0 0 
2 2 0 0 2 2 2 2 2 0 0 0 0 0 2 0 0 0 0 0 0 0 0 0 0 0 0 0 0 0 0 0 0 0 2 0 0 0 
2 0 0 0 0 0 0 0 0 0 0 0 0 0 2 2 2 2 2 2 2 2 2 2 2 2 2 2 2 2 2 2 2 2 2 0 0 0 
2 0 0 0 0 0 2 0 0 0 0 0 0 0 2 0 0 0 0 0 0 0 0 0 0 0 0 0 0 0 0 0 0 0 0 0 0 0 
2 2 2 2 2 2 2 2 2 0 0 0 0 0 2 0 0 0 0 0 0 0 0 0 0 0 0 0 0 0 0 0 0 0 0 0 0 0 
0 0 0 0 0 0 0 0 2 0 0 0 0 0 2 0 0 0 0 0 0 0 0 0 0 0 0 0 0 0 0 0 0 0 0 0 0 0 
0 0 0 0 0 0 0 0 2 2 2 2 2 2 2 0 0 0 0 0 0 0 0 0 0 0 0 0 0 0 0 0 0 0 0 0 0 0 
sprite_cells
0 0 0 0 0 0 0 0 0 0 0 0 0 0 0 0 0 0 0 0 30 0 31 0 0 0 30 0 31 0 0 0 30 0 17 0 0 0 17 0 0 0 17 0 0 0 17 0 0 0 17 0 0 0 17 0 0 0 17 0 0 0 17 0 0 0 17 0 0 0 31 0 0 0 24 0 
0 0 0 0 0 0 0 0 0 0 0 0 0 0 0 0 0 0 0 0 24 0 32 0 0 0 30 0 32 0 0 0 24 0 16 0 16 0 16 0 33 0 16 0 16 0 33 0 16 0 16 0 33 0 33 0 33 0 16 0 16 0 33 0 16 0 16 0 16 0 34 0 35 0 36 0 
18 0 37 0 38 0 39 0 37 0 38 0 39 0 37 0 38 0 18 0 19 0 20 0 21 0 18 0 17 0 0 0 19 0 20 0 21 0 18 0 40 0 17 0 0 0 40 0 17 0 0 0 40 0 40 0 40 0 17 0 0 0 40 0 18 0 17 0 0 0 18 0 18 0 15 0 
41 0 0 0 0 0 0 0 0 0 0 0 0 0 0 0 0 0 0 0 0 0 0 0 0 0 0 0 41 0 0 0 0 0 0 0 0 0 0 0 0 0 0 0 0 0 0 0 0 0 0 0 0 0 0 0 0 0 0 0 0 0 0 0 0 0 0 0 0 0 0 0 0 0 0 0 
42 0 0 0 17 0 0 0 0 0 0 0 0 0 0 0 0 0 0 0 0 0 0 0 0 0 0 0 42 0 0 0 0 0 0 0 0 0 0 0 0 0 0 0 0 0 0 0 0 0 0 0 0 0 0 0 0 0 0 0 0 0 0 0 0 0 0 0 0 0 0 0 0 0 43 0 
18 0 0 0 0 0 0 0 0 0 0 0 0 0 0 0 18 0 0 0 0 0 0 0 0 0 0 0 0 0 0 0 0 0 0 0 0 0 0 0 0 0 0 0 0 0 0 0 0 0 0 0 0 0 0 0 0 0 0 0 0 0 0 0 0 0 0 0 0 0 0 0 0 0 43 0 
15 0 0 0 0 0 0 0 0 0 0 0 0 0 0 0 41 0 0 0 0 0 0 0 29 0 0 0 0 0 0 0 0 0 0 0 0 0 0 0 24 0 0 0 0 0 24 0 0 0 0 0 24 0 24 0 24 0 0 0 0 0 24 0 0 0 0 0 24 0 17 0 0 0 18 0 
0 0 0 0 0 0 0 0 0 0 0 0 0 0 0 0 42 0 25 0 0 0 0 0 25 0 25 0 17 0 0 0 18 0 0 0 0 0 0 0 30 0 0 0 0 0 30 0 0 0 0 0 18 0 17 0 0 0 0 0 0 0 30 0 0 0 0 0 15 0 0 0 0 0 41 0 
0 0 0 0 0 0 0 0 0 0 0 0 0 0 0 0 0 0 0 0 0 0 0 0 0 0 0 0 15 0 0 0 0 0 0 0 0 0 0 0 0 0 0 0 0 0 0 0 0 0 0 0 0 0 44 0 0 0 0 0 0 0 0 0 0 0 0 0 0 0 0 0 0 0 42 0 
41 0 0 0 0 0 0 0 0 0 0 0 0 0 0 0 0 0 0 0 0 0 0 0 0 0 0 0 0 0 17 0 0 0 17 0 0 0 18 0 18 0 45 0 46 0 46 0 46 0 46 0 47 0 17 0 0 0 45 0 46 0 46 0 46 0 47 0 18 0 37 0 38 0 18 0 
42 0 0 0 0 0 0 0 0 0 0 0 0 0 0 0 0 0 0 0 0 0 0 0 0 0 0 0 15 0 0 0 0 0 0 0 0 0 0 0 0 0 0 0 0 0 0 0 0 0 0 0 0 0 0 0 0 0 0 0 0 0 0 0 0 0 0 0 0 0 0 0 0 0 0 0 
0 0 0 0 0 0 0 0 0 0 0 0 0 0 0 0 0 0 0 0 0 0 0 0 0 0 0 0 0 0 0 0 0 0 0 0 0 0 0 0 0 0 0 0 0 0 0 0 0 0 0 0 0 0 0 0 0 0 0 0 0 0 0 0 0 0 0 0 0 0 0 0 0 0 0 0 
18 0 32 0 0 0 31 0 0 0 24 0 32 0 0 0 0 0 0 0 0 0 0 0 0 0 0 0 18 0 0 0 0 0 0 0 0 0 0 0 0 0 0 0 0 0 0 0 0 0 0 0 0 0 0 0 0 0 0 0 0 0 0 0 0 0 0 0 0 0 0 0 0 0 0 0 
18 0 17 0 0 0 17 0 0 0 18 0 17 0 0 0 0 0 0 0 0 0 0 0 0 0 0 0 48 0 0 0 0 0 0 0 0 0 0 0 0 0 0 0 0 0 0 0 0 0 0 0 0 0 0 0 0 0 0 0 0 0 0 0 0 0 0 0 0 0 0 0 0 0 0 0 
decorations 9
559 381 27 0
599 381 49 0
440 380 26 0
720 360 50 0
398 280 50 0
925 158 51 0
1043 158 51 0
1242 159 51 0
1360 158 50 0

layer // layer 3
name noname
offset 0 0
cells_offset 80 80
scroll_scale_factor_1 1 1
scroll_scale_factor_2 1 1
cell_size 40 40
width 35
height 14
no_cells
sprite_cells
0 0 0 0 0 0 0 0 0 0 0 0 0 0 0 0 0 0 0 0 52 0 0 0 0 0 52 0 0 0 0 0 52 0 0 0 0 0 0 0 0 0 0 0 0 0 0 0 0 0 0 0 0 0 0 0 0 0 0 0 0 0 0 0 0 0 0 0 0 0 
0 0 0 0 0 0 0 0 0 0 0 0 0 0 0 0 0 0 0 0 0 0 0 0 0 0 52 0 0 0 0 0 0 0 0 0 0 0 0 0 0 0 0 0 0 0 0 0 0 0 0 0 0 0 0 0 0 0 0 0 0 0 0 0 0 0 0 0 0 0 
0 0 0 0 0 0 0 0 0 0 0 0 0 0 0 0 0 0 0 0 0 0 0 0 0 0 0 0 0 0 0 0 0 0 0 0 0 0 0 0 0 0 0 0 0 0 0 0 0 0 0 0 0 0 0 0 0 0 0 0 0 0 0 0 0 0 0 0 0 0 
0 0 0 0 0 0 0 0 0 0 0 0 0 0 0 0 0 0 0 0 0 0 0 0 0 0 0 0 0 0 0 0 0 0 0 0 0 0 0 0 0 0 0 0 0 0 0 0 0 0 0 0 0 0 0 0 0 0 0 0 0 0 0 0 0 0 0 0 0 0 
0 0 0 0 53 0 54 0 0 0 0 0 0 0 0 0 0 0 0 0 0 0 0 0 0 0 0 0 0 0 0 0 0 0 0 0 0 0 0 0 0 0 0 0 0 0 0 0 0 0 0 0 0 0 0 0 0 0 0 0 0 0 0 0 0 0 0 0 0 0 
0 0 0 0 0 0 0 0 0 0 0 0 0 0 0 0 0 0 0 0 0 0 0 0 0 0 0 0 0 0 0 0 0 0 0 0 0 0 0 0 0 0 0 0 0 0 0 0 0 0 0 0 0 0 0 0 0 0 0 0 0 0 0 0 0 0 0 0 0 0 
0 0 0 0 0 0 0 0 0 0 0 0 0 0 0 0 0 0 0 0 0 0 0 0 0 0 0 0 0 0 0 0 0 0 0 0 0 0 0 0 55 0 0 0 0 0 55 0 0 0 0 0 55 0 55 0 55 0 0 0 0 0 55 0 0 0 0 0 55 0 
0 0 0 0 0 0 0 0 28 0 28 0 28 0 28 0 0 0 0 0 0 0 0 0 0 0 0 0 0 0 0 0 0 0 0 0 0 0 0 0 0 0 0 0 0 0 0 0 0 0 0 0 0 0 0 0 0 0 0 0 0 0 0 0 0 0 0 0 0 0 
18 0 18 0 0 0 0 0 56 0 57 0 57 0 58 0 18 0 0 0 0 0 0 0 0 0 0 0 0 0 0 0 0 0 0 0 0 0 0 0 0 0 0 0 0 0 0 0 0 0 0 0 0 0 0 0 0 0 0 0 0 0 0 0 0 0 0 0 0 0 
0 0 0 0 0 0 0 0 0 0 0 0 0 0 0 0 0 0 0 0 0 0 0 0 0 0 0 0 0 0 0 0 0 0 0 0 0 0 0 0 0 0 0 0 0 0 0 0 0 0 0 0 0 0 0 0 0 0 0 0 0 0 0 0 0 0 0 0 0 0 
0 0 0 0 0 0 0 0 0 0 0 0 0 0 0 0 0 0 0 0 0 0 0 0 0 0 0 0 0 0 0 0 0 0 0 0 0 0 0 0 0 0 0 0 0 0 0 0 0 0 0 0 0 0 0 0 0 0 0 0 0 0 0 0 0 0 0 0 0 0 
17 0 0 0 17 0 0 0 17 0 0 0 18 0 17 0 0 0 0 0 0 0 0 0 0 0 0 0 0 0 0 0 0 0 0 0 0 0 0 0 0 0 0 0 0 0 0 0 0 0 0 0 0 0 0 0 0 0 0 0 0 0 0 0 0 0 0 0 0 0 
0 0 0 0 0 0 0 0 0 0 0 0 0 0 0 0 59 0 0 0 0 0 0 0 0 0 0 0 0 0 0 0 0 0 0 0 0 0 0 0 0 0 0 0 0 0 0 0 0 0 0 0 0 0 0 0 0 0 0 0 0 0 0 0 0 0 0 0 0 0 
0 0 0 0 0 0 0 0 0 0 0 0 0 0 0 0 18 0 17 0 0 0 17 0 0 0 18 0 18 0 0 0 0 0 0 0 0 0 0 0 0 0 0 0 0 0 0 0 0 0 0 0 0 0 0 0 0 0 0 0 0 0 0 0 0 0 0 0 0 0 
decorations 7
320 520 60 0
360 520 61 0
400 520 62 0
640 239 63 0
1479 159 64 259
1520 159 64 106
1160 341 63 0

} // layers

entities { 
hero/Magneto 1 {
position_in_layer 300 360
layer_index 2
}
AcidPool 4 {
size 8 3
start_empty true
speed 25
position_in_layer 120 400
layer_index 2
}
AcidPool 5 {
size 5 8
speed 25
position_in_layer 440 280
layer_index 2
}
DoorV 11 {
position_in_layer 640 280
layer_index 2
}
Spec/Actions 14 {
a1_target 4
a1_action fill
a2_target 5
a2_action drain_1
a3_target 5
a3_action drain_1
a4_target 5
a4_action drain_1
position_in_layer 396 704
layer_index 2
}
Spec/SignalPlexor 15 {
operate_1 14
operate_2 55
position_in_layer 259 703
layer_index 2
}
Crate/solid 30 {
position_in_layer 140 340
layer_index 2
}
Crate/solid 32 {
position_in_layer 140 380
layer_index 2
}
Crate/solid 33 {
position_in_layer 460 340
layer_index 2
}
Crate/solid 34 {
position_in_layer 580 340
layer_index 2
}
Crate/solid 35 {
position_in_layer 620 340
layer_index 2
}
AcidPool 38 {
size 19 1
position_in_layer 680 400
layer_index 2
}
shooter/drop 39 {
shot_delay 800 800
shot_delay2 200 200
position_in_layer 900 219
layer_index 2
}
Device/Respawn 40 {
position_in_layer 700 320
layer_index 2
}
shooter/drop 42 {
shot_delay 400 400
shot_delay2 1000 1000
shot_delay3 400 400
position_in_layer 1021 220
layer_index 2
}
shooter/drop 44 {
shot_delay 2000 2000
shot_delay2 800 800
position_in_layer 1141 219
layer_index 2
}
shooter/drop 45 {
shot_delay 1500 1500
shot_delay2 500 500
shot_delay3 500 500
position_in_layer 1181 219
layer_index 2
}
shooter/drop 46 {
shot_delay 500 500
shot_delay2 500 500
shot_delay3 3000 3000
position_in_layer 1221 219
layer_index 2
}
Spec/LevelExit 48 {
position_in_layer 1480 280
layer_index 2
}
Device/button_N 49 {
operate 11
position_in_layer 440 320
layer_index 2
}
Device/FloorPermanent 52 {
operate 15
position_in_layer 320 480
layer_index 2
}
Spec/LevelBoundary 53 {
position_in_layer 160 240
layer_index 2
}
Spec/LevelBoundary 54 {
position_in_layer 1520 480
layer_index 2
}
DoorV 55 {
position_in_layer 400 440
layer_index 2
}
SoundMachine 56 {
size 140 40
position_in_layer 191 580
layer_index 2
}
SoundMachine 57 {
size 140 40
position_in_layer 543 100
layer_index 2
}
} // entities
