sprite_table {
 bgr/plate_01 1
 bgr/plate_05 2
 bgr/plate_09 3
 bgr/plate_03 4
 bgr/plate_07 5
 bgr/plate_06 6
 bgr/plate_04 7
 bgr/plate_10 8
 bgr/plate_wire_2 9
 bgr/hugepipe01 10
 bgr/hugepipe02 11
 bgr/plate_wire_1 12
 bgr/plate_08 13
 bgr/rock_06 14
 bgr/rock_05 15
 bgr/plate_02 16
 bgr/hugepipe04 17
 bgr/hugepipe03 18
 bgr/bulkhead 19
 bgr/rock_07 20
 bgr/rock_01 21
 bgr/plate_11 22
 bgr/plate_13 23
 wall_yellow_03 24
 wall_yellowx_3 25
 wall_yellowx_4 26
 wall_yellowx_5 27
 wall_yellow_04 28
 wall_yellow_02 29
 shadow_fix_01 30
 shadow_fix_02 31
 metal_ramp_01 32
 metal_ramp_03 33
 teeth40_E 34
 wall_yellow_11 35
 wall_yellow_10 36
 wall_yellow_06 37
 sign/acid2 38
 wall_yellow_09b 39
 wall_yellow_01 40
 wall_yellow_07 41
 wall_yellow_08 42
 wall_yellow_09 43
 wall_stoneA_03 44
 metal_pipe_08 45
 metal_pipejoint_01 46
 metal_pipejoint_03 47
 wall_yellow_12 48
 wall_yellow_13 49
 sign/storage 50
 sign/acid1 51
 sign/arrow1 52
 sign/arrow4 53
 sign/arrow2 54
 sign/exit 55
 biggate 56
 wire_2E 57
 metal_fatpipe_01 58
 metal_fatpipe_08 59
 wire_2N 60
 wire_2H 61
 metal_fatpipe_02 62
 metal_fatpipe_05 63
 metal_fatpipe_10 64
 wire_2V 65
 wire_2S 66
 yellow_half_1 67
 wire_2W 68
 metal_quadpipe2 69
 metal_ramp_02 70
 metal_fatpipe_09 71
 metal_fatpipe_07 72
} // sprite_table

layers {
clear_screen true
layer // layer 0
name noname
offset 0 0
cells_offset -560 80
scroll_scale_factor_1 1 1
scroll_scale_factor_2 1 1
cell_size 40 40
width 50
height 15
no_cells
sprite_cells
0 0 0 0 0 0 0 0 0 0 0 0 0 0 0 0 0 0 0 0 0 0 0 0 0 0 0 0 0 0 0 0 0 0 0 0 0 0 0 0 0 0 0 0 0 0 0 0 0 0 0 0 0 0 0 0 0 0 0 0 0 0 0 0 0 0 0 0 0 0 0 0 1 0 2 0 1 0 0 0 0 0 1 0 1 0 1 0 0 0 0 0 0 0 0 0 0 0 0 0 
0 0 0 0 0 0 0 0 0 0 0 0 0 0 0 0 0 0 0 0 0 0 0 0 0 0 0 0 0 0 0 0 0 0 0 0 0 0 0 0 0 0 0 0 0 0 0 0 0 0 0 0 0 0 0 0 0 0 0 0 0 0 0 0 0 0 0 0 0 0 1 0 1 0 0 0 1 0 1 0 1 0 3 0 1 0 1 0 1 0 0 0 4 0 0 0 4 0 0 0 
0 0 0 0 0 0 0 0 0 0 0 0 0 0 0 0 0 0 0 0 0 0 0 0 0 0 0 0 0 0 0 0 0 0 0 0 0 0 0 0 0 0 0 0 0 0 0 0 0 0 0 0 0 0 0 0 0 0 0 0 0 0 0 0 0 0 0 0 0 0 1 0 1 0 2 0 5 0 1 0 1 0 1 0 1 0 1 0 1 0 0 0 0 0 0 0 0 0 0 0 
1 0 1 0 1 0 0 0 1 0 1 0 1 0 0 0 0 0 1 0 1 0 1 0 0 0 0 0 0 0 0 0 0 0 0 0 0 0 0 0 0 0 0 0 0 0 0 0 0 0 0 0 0 0 0 0 0 0 0 0 0 0 0 0 0 0 0 0 0 0 0 0 1 0 0 0 1 0 1 0 0 0 0 0 0 0 0 0 0 0 0 0 4 0 0 0 4 0 0 0 
6 0 0 0 6 0 0 0 6 0 0 0 6 0 0 0 0 0 7 0 7 0 7 0 0 0 0 0 0 0 0 0 0 0 0 0 0 0 0 0 0 0 0 0 0 0 0 0 0 0 0 0 0 0 0 0 0 0 0 0 0 0 0 0 0 0 0 0 0 0 1 0 1 0 2 0 1 0 1 0 8 0 0 0 0 0 1 0 0 0 0 0 0 0 0 0 0 0 0 0 
5 0 7 0 7 0 7 0 7 0 7 0 7 0 2 0 1 0 0 0 0 0 0 0 0 0 0 0 0 0 0 0 0 0 0 0 0 0 0 0 0 0 0 0 0 0 0 0 0 0 0 0 0 0 1 0 1 0 1 0 0 0 0 0 0 0 0 0 0 0 0 0 0 0 0 0 9 0 0 0 0 0 0 0 0 0 0 0 0 0 0 0 0 0 0 0 4 0 0 0 
1 0 0 0 0 0 0 0 0 0 0 0 0 0 0 0 1 0 10 0 0 0 11 0 1 0 12 0 13 0 1 0 1 0 1 0 0 0 0 0 14 0 0 0 15 0 0 0 0 0 1 0 1 0 1 0 16 0 1 0 16 0 1 0 0 0 15 0 0 0 0 0 1 0 2 0 1 0 1 0 1 0 1 0 0 0 1 0 0 0 0 0 0 0 0 0 0 0 0 0 
7 0 7 0 0 0 0 0 0 0 7 0 7 0 0 0 0 0 17 0 0 0 0 0 1 0 0 0 0 0 0 0 0 0 9 0 0 0 0 0 0 0 0 0 0 0 0 0 0 0 6 0 0 0 6 0 0 0 6 0 0 0 6 0 0 0 0 0 0 0 0 0 7 0 0 0 7 0 7 0 7 0 7 0 0 0 0 0 0 0 0 0 0 0 0 0 4 0 0 0 
0 0 0 0 0 0 0 0 0 0 0 0 0 0 0 0 0 0 0 0 18 0 0 0 0 0 0 0 0 0 1 0 1 0 1 0 1 0 1 0 1 0 8 0 1 0 1 0 1 0 1 0 1 0 16 0 1 0 5 0 1 0 1 0 1 0 1 0 1 0 19 0 0 0 2 0 0 0 0 0 0 0 0 0 19 0 1 0 1 0 1 0 1 0 1 0 0 0 0 0 
0 0 0 0 0 0 0 0 0 0 0 0 0 0 0 0 0 0 1 0 1 0 0 0 0 0 0 0 0 0 0 0 0 0 0 0 13 0 0 0 0 0 0 0 0 0 0 0 0 0 7 0 7 0 7 0 7 0 7 0 7 0 7 0 0 0 0 0 0 0 0 0 7 0 0 0 7 0 7 0 7 0 7 0 0 0 0 0 0 0 0 0 0 0 0 0 0 0 0 0 
0 0 0 0 0 0 0 0 0 0 1 0 1 0 1 0 0 0 0 0 0 0 0 0 0 0 2 0 1 0 12 0 16 0 0 0 1 0 1 0 1 0 0 0 14 0 0 0 0 0 0 0 0 0 0 0 0 0 0 0 0 0 0 0 0 0 20 0 0 0 0 0 0 0 2 0 0 0 0 0 0 0 0 0 0 0 20 0 0 0 20 0 0 0 20 0 0 0 20 0 
15 0 0 0 0 0 1 0 1 0 1 0 1 0 1 0 1 0 1 0 1 0 1 0 1 0 0 0 1 0 0 0 1 0 0 0 0 0 0 0 0 0 0 0 0 0 0 0 0 0 0 0 0 0 0 0 0 0 0 0 0 0 0 0 0 0 0 0 0 0 0 0 0 0 0 0 0 0 0 0 0 0 0 0 0 0 0 0 0 0 0 0 0 0 0 0 0 0 0 0 
21 0 0 0 0 0 0 0 22 0 1 0 23 0 0 0 0 0 23 0 0 0 0 0 0 0 2 0 1 0 12 0 16 0 8 0 1 0 1 0 2 0 1 0 1 0 1 0 1 0 1 0 0 0 0 0 0 0 0 0 0 0 0 0 0 0 0 0 0 0 0 0 0 0 0 0 0 0 0 0 0 0 0 0 0 0 0 0 0 0 0 0 0 0 0 0 0 0 0 0 
0 0 0 0 1 0 1 0 22 0 1 0 0 0 0 0 12 0 0 0 0 0 1 0 0 0 0 0 1 0 0 0 1 0 1 0 16 0 1 0 2 0 1 0 1 0 1 0 1 0 1 0 0 0 0 0 0 0 0 0 0 0 0 0 0 0 0 0 0 0 0 0 0 0 0 0 0 0 0 0 0 0 0 0 0 0 0 0 0 0 0 0 0 0 0 0 0 0 0 0 
21 0 0 0 1 0 1 0 22 0 1 0 1 0 1 0 0 0 13 0 1 0 1 0 0 0 0 0 0 0 12 0 1 0 1 0 1 0 1 0 0 0 5 0 1 0 1 0 1 0 1 0 0 0 0 0 0 0 0 0 0 0 0 0 0 0 0 0 0 0 0 0 0 0 0 0 0 0 0 0 0 0 0 0 0 0 0 0 0 0 0 0 0 0 0 0 0 0 0 0 
decorations 0

layer // layer 1
name noname
offset 15 15
cells_offset -600 80
scroll_scale_factor_1 1 1
scroll_scale_factor_2 1 1
cell_size 40 40
width 51
height 15
shadow
no_cells
sprite_cells
0 0 0 0 0 0 0 0 0 0 0 0 0 0 0 0 0 0 0 0 0 0 0 0 0 0 0 0 0 0 0 0 0 0 0 0 0 0 0 0 0 0 0 0 0 0 0 0 0 0 0 0 0 0 0 0 0 0 0 0 0 0 0 0 0 0 0 0 0 0 24 0 0 0 25 0 26 0 27 0 24 0 0 0 25 0 26 0 27 0 28 0 0 0 0 0 0 0 0 0 0 0 
0 0 0 0 0 0 0 0 0 0 0 0 0 0 0 0 0 0 0 0 0 0 0 0 0 0 0 0 0 0 0 0 0 0 0 0 0 0 0 0 0 0 0 0 0 0 0 0 0 0 0 0 0 0 0 0 0 0 0 0 0 0 0 0 0 0 0 0 0 0 29 0 0 0 0 0 0 0 0 0 0 0 0 0 0 0 0 0 0 0 0 0 29 0 25 0 26 0 27 0 28 0 
0 0 0 0 0 0 0 0 0 0 0 0 0 0 0 0 0 0 0 0 0 0 0 0 0 0 0 0 0 0 0 0 0 0 0 0 0 0 0 0 0 0 0 0 0 0 0 0 0 0 0 0 0 0 0 0 0 0 0 0 0 0 0 0 0 0 0 0 0 0 0 0 30 0 0 0 30 0 0 0 0 0 0 0 0 0 0 0 0 0 0 0 0 0 0 0 0 0 0 0 0 0 
29 0 25 0 26 0 27 0 28 0 25 0 26 0 27 0 0 0 28 0 25 0 26 0 27 0 0 0 0 0 0 0 0 0 0 0 0 0 0 0 0 0 0 0 0 0 0 0 0 0 0 0 0 0 0 0 0 0 0 0 0 0 0 0 0 0 0 0 0 0 24 0 0 0 31 0 28 0 0 0 31 0 28 0 0 0 0 0 0 0 0 0 29 0 0 0 0 0 0 0 0 0 
0 0 0 0 0 0 0 0 0 0 0 0 0 0 31 0 24 0 0 0 0 0 0 0 0 0 0 0 0 0 0 0 0 0 0 0 0 0 0 0 0 0 0 0 0 0 0 0 0 0 0 0 0 0 0 0 0 0 0 0 0 0 0 0 0 0 0 0 0 0 28 0 0 0 0 0 30 0 0 0 0 0 0 0 0 0 0 0 0 0 0 0 0 0 0 0 30 0 0 0 0 0 
29 0 0 0 0 0 0 0 0 0 0 0 0 0 0 0 0 0 0 0 0 0 0 0 31 0 24 0 0 0 24 0 0 0 24 0 0 0 0 0 29 0 24 0 0 0 24 0 0 0 29 0 24 0 0 0 25 0 26 0 27 0 24 0 0 0 29 0 24 0 0 0 29 0 24 0 0 0 0 0 31 0 24 0 0 0 0 0 0 0 0 0 0 0 0 0 29 0 0 0 32 0 
0 0 0 0 0 0 0 0 0 0 0 0 0 0 0 0 0 0 30 0 0 0 0 0 0 0 0 0 0 0 0 0 0 0 0 0 30 0 0 0 0 0 0 0 0 0 0 0 0 0 0 0 0 0 0 0 0 0 0 0 0 0 0 0 0 0 0 0 0 0 0 0 0 0 0 0 0 0 0 0 0 0 0 0 0 0 0 0 0 0 0 0 0 0 0 0 0 0 0 0 33 0 
29 0 0 0 0 0 0 0 0 0 0 0 0 0 0 0 0 0 29 0 0 0 0 0 0 0 0 0 0 0 29 0 24 0 0 0 28 0 0 0 24 0 0 0 24 0 0 0 24 0 0 0 0 0 0 0 0 0 0 0 0 0 0 0 31 0 24 0 0 0 24 0 0 0 0 0 0 0 0 0 0 0 0 0 31 0 24 0 0 0 24 0 0 0 24 0 0 0 0 0 33 0 
0 0 0 0 0 0 0 0 0 0 0 0 0 0 0 0 0 0 0 0 0 0 0 0 0 0 0 0 0 0 0 0 0 0 0 0 30 0 0 0 0 0 0 0 0 0 0 0 0 0 30 0 0 0 0 0 0 0 0 0 0 0 0 0 0 0 0 0 0 0 0 0 30 0 0 0 0 0 0 0 0 0 0 0 0 0 0 0 0 0 0 0 0 0 0 0 0 0 0 0 33 0 
0 0 0 0 0 0 0 0 0 0 0 0 0 0 0 0 0 0 29 0 0 0 0 0 0 0 24 0 0 0 24 0 0 0 28 0 29 0 31 0 24 0 0 0 29 0 24 0 0 0 29 0 0 0 0 0 0 0 0 0 0 0 0 0 0 0 29 0 24 0 0 0 29 0 0 0 0 0 0 0 0 0 0 0 0 0 29 0 24 0 0 0 24 0 0 0 24 0 0 0 24 0 
24 0 0 0 0 0 29 0 24 0 0 0 25 0 26 0 27 0 0 0 24 0 0 0 24 0 0 0 0 0 0 0 0 0 0 0 0 0 0 0 0 0 0 0 0 0 0 0 0 0 0 0 0 0 0 0 0 0 0 0 0 0 0 0 0 0 0 0 0 0 0 0 0 0 0 0 0 0 0 0 0 0 0 0 0 0 0 0 0 0 0 0 0 0 0 0 0 0 0 0 0 0 
29 0 0 0 0 0 0 0 30 0 0 0 0 0 0 0 0 0 30 0 0 0 0 0 0 0 30 0 0 0 0 0 0 0 31 0 24 0 0 0 24 0 0 0 24 0 0 0 24 0 0 0 24 0 0 0 0 0 0 0 0 0 0 0 0 0 0 0 0 0 0 0 0 0 0 0 0 0 0 0 0 0 0 0 0 0 0 0 0 0 0 0 0 0 0 0 0 0 0 0 0 0 
0 0 0 0 24 0 0 0 28 0 0 0 0 0 0 0 31 0 1 0 0 0 31 0 24 0 0 0 30 0 0 0 0 0 0 0 0 0 0 0 0 0 0 0 0 0 0 0 0 0 0 0 0 0 0 0 0 0 0 0 0 0 0 0 0 0 0 0 0 0 0 0 0 0 0 0 0 0 0 0 0 0 0 0 0 0 0 0 0 0 0 0 0 0 0 0 0 0 0 0 0 0 
29 0 0 0 29 0 0 0 0 0 0 0 0 0 0 0 0 0 0 0 0 0 0 0 0 0 29 0 28 0 30 0 0 0 0 0 0 0 0 0 0 0 0 0 0 0 0 0 0 0 0 0 0 0 0 0 0 0 0 0 0 0 0 0 0 0 0 0 0 0 0 0 0 0 0 0 0 0 0 0 0 0 0 0 0 0 0 0 0 0 0 0 0 0 0 0 0 0 0 0 0 0 
0 0 0 0 0 0 0 0 0 0 0 0 0 0 0 0 0 0 0 0 0 0 0 0 0 0 0 0 0 0 28 0 0 0 0 0 0 0 0 0 0 0 0 0 0 0 0 0 0 0 0 0 0 0 0 0 0 0 0 0 0 0 0 0 0 0 0 0 0 0 0 0 0 0 0 0 0 0 0 0 0 0 0 0 0 0 0 0 0 0 0 0 0 0 0 0 0 0 0 0 0 0 
decorations 1
940 200 34 0

layer // layer 2
name Main
offset 0 0
cells_offset -600 80
scroll_scale_factor_1 1 1
scroll_scale_factor_2 1 1
cell_size 40 40
width 52
height 16
cells
0 0 0 0 0 0 0 0 0 0 0 0 0 0 0 0 0 0 0 0 0 0 0 0 0 0 0 0 0 0 0 0 0 0 0 2 2 2 2 2 2 2 2 2 2 2 2 0 0 0 0 0 
0 0 0 0 0 0 0 0 0 0 0 0 0 0 0 0 0 0 0 0 0 0 0 0 0 0 0 0 0 0 0 0 0 0 0 2 0 0 0 0 0 0 0 0 0 0 2 2 2 2 2 2 
0 0 0 0 0 0 0 0 0 0 0 0 0 0 0 0 0 0 0 0 0 0 0 0 0 0 0 0 0 0 0 0 0 0 0 2 0 0 0 0 0 0 0 0 0 0 2 0 0 0 0 2 
2 2 2 2 2 2 2 2 2 2 2 2 2 2 0 0 0 0 0 0 0 0 0 0 0 0 0 0 0 0 0 0 0 0 0 2 2 0 2 0 0 2 2 2 2 2 2 0 0 0 0 2 
2 0 0 0 0 0 0 0 2 2 0 0 0 2 0 0 0 0 0 0 0 0 0 0 0 0 0 0 0 0 0 0 0 0 0 2 0 0 0 0 0 0 194 0 0 2 2 0 0 0 0 2 
2 0 0 0 0 0 0 0 0 0 0 0 0 2 2 2 12290 12290 12290 12290 2 0 0 0 0 2 2 2 2 2 2 2 2 2 2 2 2 2 2 0 0 2 0 2 0 2 2 0 2 0 2 2 
2 0 0 0 0 0 0 0 0 0 0 0 0 0 0 0 0 0 0 0 194 0 0 0 0 2 0 0 0 0 0 0 0 2 0 0 2 0 0 0 0 0 0 2 0 0 2 2 2 0 2 2 
2 0 0 1538 0 194 0 0 2 2 0 0 0 0 2 2 2 2 2 0 2 2 2 2 2 2 0 0 0 0 0 0 0 2 2 2 2 0 0 0 0 0 0 2 2 2 2 2 2 0 2 2 
2 2 2 1538 0 194 2 2 2 2 0 0 0 2 2 2 0 0 0 0 0 0 0 0 0 0 0 0 0 0 0 0 0 0 0 0 0 0 0 0 0 0 0 0 0 0 0 0 0 0 2 2 
2 0 0 1538 0 194 0 0 2 2 0 0 2 2 2 2 2 2 2 0 2 2 2 2 2 2 0 0 0 0 0 0 0 2 2 2 2 0 0 0 0 0 0 2 2 2 2 2 2 2 2 2 
2 2 2 1538 0 194 2 2 2 2 12290 12290 12290 2 0 0 0 0 2 0 0 0 2 0 0 2 0 0 0 0 0 0 0 2 0 0 2 0 0 0 0 0 0 2 0 0 0 0 0 0 0 0 
0 0 2 2 0 0 0 0 0 0 0 0 0 0 0 0 0 0 2 2 2 2 2 2 2 2 2 2 2 2 2 2 2 2 0 0 2 2 2 2 2 2 2 2 0 0 0 0 0 0 0 0 
0 0 2 2 2 0 0 0 0 2 0 0 2 2 0 0 0 0 0 0 0 0 0 0 0 0 0 2 0 0 0 0 0 0 0 0 0 0 0 0 0 0 0 0 0 0 0 0 0 0 0 0 
0 0 2 0 0 0 0 0 0 0 0 0 0 2 2 0 0 0 0 0 0 0 0 0 0 0 0 2 0 0 0 0 0 0 0 0 0 0 0 0 0 0 0 0 0 0 0 0 0 0 0 0 
0 0 2 0 0 0 0 0 0 0 0 0 0 2 0 2 0 0 0 0 0 0 0 0 0 0 0 2 0 0 0 0 0 0 0 0 0 0 0 0 0 0 0 0 0 0 0 0 0 0 0 0 
0 0 2 2 2 2 2 2 2 2 2 2 2 2 0 0 2 2 2 2 2 2 2 2 2 2 2 2 0 0 0 0 0 0 0 0 0 0 0 0 0 0 0 0 0 0 0 0 0 0 0 0 
sprite_cells
0 0 0 0 0 0 0 0 0 0 0 0 0 0 0 0 0 0 0 0 0 0 0 0 0 0 0 0 0 0 0 0 0 0 0 0 0 0 0 0 0 0 0 0 0 0 0 0 0 0 0 0 0 0 0 0 0 0 0 0 0 0 0 0 0 0 0 0 0 0 24 0 0 0 25 0 26 0 27 0 24 0 0 0 25 0 26 0 27 0 24 0 0 0 28 0 24 0 0 0 24 0 0 0 
0 0 0 0 0 0 0 0 0 0 0 0 0 0 0 0 0 0 0 0 0 0 0 0 0 0 0 0 0 0 0 0 0 0 0 0 0 0 0 0 0 0 0 0 0 0 0 0 0 0 0 0 0 0 0 0 0 0 0 0 0 0 0 0 0 0 0 0 0 0 35 0 0 0 0 0 0 0 0 0 0 0 0 0 0 0 0 0 0 0 0 0 29 0 25 0 26 0 27 0 28 0 29 0 
0 0 0 0 0 0 0 0 0 0 0 0 0 0 0 0 0 0 0 0 0 0 0 0 0 0 0 0 0 0 0 0 0 0 0 0 0 0 0 0 0 0 0 0 0 0 0 0 0 0 0 0 0 0 0 0 0 0 0 0 0 0 0 0 0 0 0 0 0 0 36 0 0 0 0 0 0 0 0 0 0 0 0 0 0 0 0 0 0 0 0 0 0 0 0 0 0 0 0 0 0 0 0 0 
29 0 25 0 26 0 27 0 37 0 25 0 26 0 27 0 28 0 29 0 25 0 26 0 27 0 29 0 0 0 0 0 0 0 0 0 0 0 0 0 0 0 0 0 0 0 0 0 0 0 0 0 0 0 0 0 0 0 0 0 0 0 0 0 0 0 0 0 0 0 29 0 28 0 0 0 28 0 0 0 0 0 28 0 0 0 0 0 0 0 0 0 0 0 0 0 0 0 0 0 0 0 35 0 
0 0 0 0 0 0 0 0 0 0 0 0 0 0 0 0 28 0 0 0 0 0 0 0 0 0 0 0 0 0 0 0 0 0 0 0 0 0 0 0 0 0 0 0 0 0 0 0 0 0 0 0 0 0 0 0 0 0 0 0 0 0 0 0 0 0 0 0 0 0 0 0 0 0 0 0 0 0 0 0 0 0 0 0 0 0 0 0 0 0 0 0 0 0 0 0 0 0 0 0 0 0 36 0 
29 0 0 0 0 0 0 0 0 0 0 0 0 0 0 0 0 0 0 0 0 0 0 0 0 0 24 0 0 0 24 0 0 0 28 0 28 0 24 0 0 0 24 0 0 0 24 0 0 0 24 0 0 0 28 0 25 0 26 0 27 0 24 0 0 0 24 0 0 0 24 0 0 0 24 0 0 0 0 0 0 0 0 0 0 0 0 0 0 0 0 0 0 0 0 0 0 0 0 0 32 0 36 0 
0 0 0 0 0 0 0 0 0 0 38 0 0 0 0 0 0 0 0 0 0 0 0 0 0 0 0 0 0 0 0 0 0 0 0 0 0 0 0 0 28 0 0 0 0 0 0 0 0 0 29 0 0 0 0 0 0 0 0 0 0 0 0 0 0 0 39 0 0 0 0 0 29 0 0 0 0 0 0 0 0 0 0 0 0 0 0 0 0 0 0 0 0 0 0 0 0 0 0 0 33 0 36 0 
29 0 0 0 0 0 0 0 0 0 0 0 0 0 0 0 40 0 0 0 0 0 0 0 0 0 0 0 24 0 0 0 28 0 24 0 0 0 0 0 24 0 0 0 28 0 24 0 0 0 0 0 0 0 0 0 0 0 0 0 0 0 0 0 0 0 41 0 42 0 43 0 0 0 0 0 0 0 0 0 0 0 0 0 0 0 0 0 0 0 0 0 0 0 0 0 0 0 0 0 33 0 36 0 
0 0 0 0 0 0 0 0 0 0 0 0 0 0 0 0 0 0 0 0 0 0 0 0 0 0 28 0 40 0 0 0 0 0 0 0 0 0 0 0 0 0 0 0 0 0 0 0 0 0 0 0 0 0 0 0 0 0 0 0 0 0 0 0 0 0 0 0 0 0 0 0 0 0 0 0 0 0 0 0 0 0 0 0 0 0 0 0 0 0 0 0 0 0 0 0 0 0 0 0 33 0 29 0 
29 0 0 0 0 0 0 0 0 0 0 0 0 0 0 0 24 0 0 0 0 0 0 0 24 0 0 0 0 0 0 0 28 0 28 0 28 0 0 0 24 0 0 0 24 0 0 0 28 0 29 0 0 0 0 0 0 0 0 0 0 0 0 0 0 0 41 0 42 0 43 0 28 0 0 0 0 0 0 0 0 0 0 0 0 0 28 0 28 0 41 0 42 0 42 0 43 0 28 0 28 0 0 0 
0 0 24 0 0 0 44 0 0 0 0 0 25 0 26 0 27 0 28 0 45 0 45 0 45 0 28 0 0 0 0 0 0 0 0 0 29 0 0 0 0 0 0 0 35 0 0 0 0 0 0 0 0 0 0 0 0 0 0 0 0 0 0 0 0 0 39 0 0 0 0 0 46 0 0 0 0 0 0 0 0 0 0 0 0 0 47 0 0 0 0 0 0 0 0 0 0 0 0 0 0 0 29 0 
29 0 0 0 40 0 0 0 0 0 0 0 0 0 0 0 0 0 0 0 0 0 0 0 0 0 0 0 0 0 0 0 0 0 0 0 0 0 24 0 0 0 24 0 0 0 24 0 0 0 24 0 0 0 24 0 0 0 24 0 0 0 24 0 0 0 28 0 24 0 0 0 28 0 0 0 0 0 0 0 0 0 0 0 0 0 28 0 24 0 0 0 28 0 24 0 0 0 28 0 28 0 0 0 
0 0 0 0 0 0 0 0 28 0 0 0 0 0 0 0 0 0 28 0 0 0 0 0 28 0 28 0 0 0 0 0 0 0 0 0 0 0 0 0 0 0 0 0 0 0 0 0 0 0 0 0 0 0 35 0 29 0 0 0 0 0 0 0 0 0 0 0 0 0 0 0 0 0 0 0 0 0 0 0 0 0 0 0 0 0 0 0 0 0 0 0 0 0 0 0 0 0 0 0 0 0 0 0 
29 0 0 0 35 0 0 0 0 0 0 0 0 0 0 0 0 0 0 0 0 0 0 0 0 0 29 0 28 0 0 0 0 0 0 0 0 0 0 0 0 0 0 0 0 0 0 0 0 0 0 0 0 0 36 0 0 0 0 0 0 0 0 0 0 0 0 0 0 0 0 0 0 0 0 0 0 0 0 0 0 0 0 0 0 0 0 0 0 0 0 0 0 0 0 0 0 0 0 0 0 0 0 0 
0 0 0 0 36 0 0 0 0 0 0 0 0 0 0 0 0 0 0 0 0 0 0 0 0 0 0 0 37 0 28 0 0 0 0 0 0 0 0 0 0 0 0 0 0 0 0 0 0 0 0 0 0 0 36 0 29 0 0 0 0 0 0 0 0 0 0 0 0 0 0 0 0 0 0 0 0 0 0 0 0 0 0 0 0 0 0 0 0 0 0 0 0 0 0 0 0 0 0 0 0 0 0 0 
24 0 0 0 24 0 0 0 28 0 28 0 48 0 49 0 49 0 49 0 49 0 49 0 24 0 0 0 24 0 0 0 24 0 0 0 28 0 24 0 0 0 24 0 0 0 24 0 0 0 28 0 24 0 0 0 0 0 0 0 0 0 0 0 0 0 0 0 0 0 0 0 0 0 0 0 0 0 0 0 0 0 0 0 0 0 0 0 0 0 0 0 0 0 0 0 0 0 0 0 0 0 0 0 
decorations 9
648 288 50 0
-441 559 51 0
-239 559 52 0
200 359 53 0
161 278 54 0
400 440 54 0
774 439 54 0
480 600 55 0
384 610 56 0

layer // layer 3
name noname
offset 0 0
cells_offset -560 200
scroll_scale_factor_1 1 1
scroll_scale_factor_2 1 1
cell_size 40 40
width 48
height 13
no_cells
sprite_cells
0 0 0 0 0 0 0 0 0 0 0 0 0 0 0 0 0 0 0 0 0 0 0 0 0 0 0 0 0 0 0 0 0 0 0 0 0 0 0 0 0 0 0 0 0 0 0 0 0 0 0 0 0 0 0 0 0 0 0 0 0 0 0 0 0 0 0 0 0 0 0 0 0 0 0 0 0 0 0 0 0 0 28 0 24 0 0 0 28 0 28 0 0 0 0 0 
0 0 0 0 0 0 0 0 0 0 0 0 0 0 0 0 0 0 0 0 0 0 0 0 0 0 0 0 0 0 0 0 0 0 0 0 0 0 0 0 0 0 0 0 0 0 0 0 0 0 0 0 0 0 0 0 0 0 0 0 0 0 0 0 0 0 0 0 57 0 0 0 0 0 0 0 0 0 0 0 0 0 1 0 58 0 59 0 40 0 0 0 0 0 0 0 
0 0 0 0 0 0 0 0 0 0 0 0 0 0 0 0 0 0 0 0 0 0 0 0 0 0 0 0 0 0 0 0 0 0 0 0 0 0 0 0 0 0 0 0 0 0 0 0 0 0 0 0 0 0 0 0 0 0 0 0 0 0 0 0 0 0 0 0 60 0 61 0 61 0 61 0 0 0 0 0 28 0 1 0 28 0 62 0 0 0 0 0 1 0 29 0 
0 0 0 0 0 0 0 0 0 0 0 0 0 0 0 0 0 0 0 0 0 0 0 0 0 0 0 0 0 0 63 0 63 0 63 0 1 0 0 0 0 0 0 0 0 0 0 0 0 0 0 0 0 0 0 0 0 0 0 0 0 0 0 0 0 0 0 0 0 0 0 0 0 0 0 0 0 0 0 0 0 0 0 0 29 0 64 0 58 0 58 0 1 0 0 0 
0 0 0 0 7 0 1 0 7 0 0 0 0 0 0 0 0 0 0 0 0 0 0 0 0 0 0 0 57 0 61 0 61 0 61 0 0 0 0 0 0 0 0 0 0 0 0 0 0 0 0 0 0 0 0 0 0 0 0 0 0 0 0 0 0 0 0 0 0 0 0 0 0 0 0 0 0 0 0 0 0 0 0 0 0 0 24 0 0 0 28 0 24 0 0 0 
58 0 58 0 58 0 0 0 58 0 58 0 58 0 0 0 0 0 0 0 0 0 0 0 0 0 0 0 65 0 0 0 0 0 0 0 0 0 0 0 0 0 0 0 0 0 0 0 0 0 0 0 0 0 0 0 0 0 0 0 0 0 0 0 0 0 0 0 0 0 0 0 0 0 0 0 0 0 0 0 0 0 0 0 0 0 0 0 0 0 0 0 0 0 0 0 
1 0 1 0 1 0 1 0 1 0 1 0 1 0 0 0 0 0 0 0 0 0 0 0 0 0 0 0 60 0 61 0 61 0 66 0 0 0 0 0 0 0 0 0 0 0 0 0 0 0 0 0 0 0 0 0 0 0 0 0 0 0 0 0 0 0 0 0 0 0 65 0 0 0 0 0 0 0 0 0 0 0 0 0 65 0 0 0 0 0 0 0 0 0 0 0 
0 0 0 0 28 0 62 0 28 0 0 0 0 0 0 0 0 0 67 0 67 0 67 0 0 0 0 0 0 0 0 0 0 0 65 0 0 0 0 0 0 0 0 0 0 0 0 0 0 0 0 0 0 0 0 0 0 0 0 0 0 0 0 0 0 0 0 0 0 0 65 0 0 0 0 0 0 0 0 0 0 0 0 0 65 0 0 0 0 0 0 0 0 0 0 0 
0 0 0 0 0 0 0 0 0 0 0 0 0 0 0 0 0 0 0 0 0 0 0 0 0 0 0 0 0 0 0 0 0 0 60 0 61 0 61 0 68 0 0 0 0 0 0 0 0 0 0 0 0 0 0 0 0 0 0 0 0 0 0 0 0 0 0 0 0 0 60 0 0 0 24 0 0 0 24 0 0 0 28 0 68 0 0 0 0 0 0 0 0 0 0 0 
0 0 0 0 0 0 0 0 0 0 0 0 0 0 0 0 0 0 0 0 0 0 0 0 0 0 0 0 0 0 0 0 0 0 0 0 0 0 0 0 0 0 0 0 0 0 0 0 0 0 0 0 0 0 0 0 0 0 0 0 0 0 0 0 0 0 0 0 0 0 0 0 0 0 0 0 0 0 0 0 0 0 0 0 0 0 0 0 0 0 0 0 0 0 0 0 
0 0 0 0 0 0 0 0 0 0 0 0 0 0 0 0 0 0 0 0 0 0 0 0 0 0 0 0 0 0 0 0 0 0 0 0 0 0 0 0 0 0 0 0 0 0 0 0 0 0 0 0 0 0 0 0 0 0 0 0 0 0 0 0 0 0 0 0 0 0 0 0 0 0 0 0 0 0 0 0 0 0 0 0 0 0 0 0 0 0 0 0 0 0 0 0 
0 0 0 0 0 0 0 0 0 0 0 0 0 0 0 0 0 0 0 0 0 0 0 0 65 0 0 0 0 0 0 0 0 0 0 0 0 0 0 0 0 0 0 0 0 0 0 0 0 0 0 0 0 0 0 0 0 0 0 0 0 0 0 0 0 0 0 0 0 0 0 0 0 0 0 0 0 0 0 0 0 0 0 0 0 0 0 0 0 0 0 0 0 0 0 0 
0 0 0 0 0 0 0 0 60 0 61 0 61 0 61 0 61 0 61 0 61 0 61 0 68 0 0 0 0 0 0 0 0 0 0 0 0 0 0 0 0 0 0 0 0 0 0 0 0 0 0 0 0 0 0 0 0 0 0 0 0 0 0 0 0 0 0 0 0 0 0 0 0 0 0 0 0 0 0 0 0 0 0 0 0 0 0 0 0 0 0 0 0 0 0 0 
decorations 16
1280 280 62 0
1080 280 62 0
160 320 59 0
-440 440 62 0
-441 400 69 0
-440 360 62 0
-400 360 70 0
-478 360 70 0
1280 320 71 0
1080 240 72 0
-80 617 66 0
1080 520 61 0
1040 520 61 0
1000 520 61 0
960 520 61 0
920 520 61 0

} // layers

entities { 
Break/Wall 1 {
position_in_layer 400 400
layer_index 2
}
AcidPool 5 {
size 6 4
speed 80
position_in_layer 880 360
layer_index 2
}
hero/Magneto 7 {
position_in_layer 1120 160
layer_index 2
}
DoorSingleV 9 {
position_in_layer 840 400
layer_index 2
}
DoorSingleV 10 {
position_in_layer 1120 400
layer_index 2
}
DoorH 11 {
position_in_layer 960 280
layer_index 2
}
Device/Lever_S 12 {
off_signal_enabled false
on_signal 0
off_signal 1
on_switch_on_target 16
on_switch_on_action run
position_in_layer 880 320
layer_index 2
}
Spec/SignalPlexor 14 {
operate_1 9
operate_2 10
position_in_layer 980 605
layer_index 2
}
Spec/Actions 16 {
a1_target 5
a1_action drain
position_in_layer 983 306
layer_index 2
}
Device/FloorButton 19 {
operate 14
position_in_layer 880 520
draw_order 101
layer_index 2
}
Device/Teleport 20 {
flash_sprite INVISIBLE
target 21
flash_in_sound none
flash_out_sound none
looping_sound none
position_in_layer 1280 280
layer_index 2
}
Device/Teleport 21 {
flash_in_sound none
flash_out_sound none
looping_sound none
position_in_layer 1080 280
layer_index 2
}
Crate/solid 24 {
position_in_layer 1420 260
layer_index 2
}
Device/button_E 25 {
operate 11
position_in_layer 840 240
layer_index 2
}
Crate/solid 27 {
position_in_layer 660 500
layer_index 2
}
Crate/solid 28 {
position_in_layer 700 500
layer_index 2
}
Crate/solid 29 {
position_in_layer 700 460
layer_index 2
}
Crate/solid 30 {
position_in_layer 660 460
layer_index 2
}
Device/Respawn 32 {
position_in_layer 980 480
layer_index 2
}
DoorSingleH 33 {
position_in_layer 160 360
layer_index 2
}
Device/Lever_N 34 {
operate 33
position_in_layer 240 480
layer_index 2
}
ortho/crocodile 35 {
speed_fwd 120
speed_bwd 120
move_distance 280
position_in_layer 39 401
layer_index 2
}
shooter/bean 36 {
angle 0 0
shot_delay 250 500
shot_angle 30 30
position_in_layer -470 617
layer_index 2
}
Break/Bridge 38 {
operate 39
position_in_layer -400 640
layer_index 2
}
Break/Bridge 39 {
operate 40
position_in_layer -400 600
layer_index 2
}
Break/Bridge 40 {
position_in_layer -400 560
layer_index 2
}
ortho/piranha 49 {
region 59
position_in_layer -349 387
layer_index 3
}
ortho/seahorse 50 {
region 59
position_in_layer -515 391
layer_index 3
}
AcidPool 52 {
size 7 3
position_in_layer -560 360
layer_index 3
}
Spec/Region 57 {
size 80 40
bubble true
balloon true
killer true
magneto_killer true
on_killer true
off_killer true
position_in_layer -360 360
layer_index 2
}
Spec/Region 58 {
size 80 40
bubble true
balloon true
killer true
magneto_killer true
on_killer true
off_killer true
position_in_layer -560 360
layer_index 2
}
Spec/Region 59 {
size 267 109
position_in_layer -553 366
layer_index 3
}
Spec/LevelExit 61 {
closed_sprite INVISIBLE
opened_sprite INVISIBLE
position_in_layer 400 640
layer_index 2
}
Crate/solid 62 {
position_in_layer -460 340
layer_index 2
}
Spec/Region 63 {
size 266 186
position_in_layer 446 326
layer_index 2
}
fly/pinkbat 64 {
region 63
position_in_layer 571 341
layer_index 2
}
Break/Wall 65 {
position_in_layer 880 200
layer_index 2
}
teeth40_E 66 {
position_in_layer 940 200
layer_index 2
}
teeth40_W 67 {
position_in_layer 1040 200
layer_index 2
}
Spec/Region 68 {
size 40 77
position_in_layer 1080 320
layer_index 2
}
FanS 69 {
sprite INVISIBLE
region 68
force_multiplier 500
looping_sound none
position_in_layer 1040 320
layer_index 2
}
Spec/Actions/Camera 70 {
a1_target 39
a2_delay 0
a2_target 38
a2_action signal1
a3_delay 1500
position_in_layer -263 822
layer_index 2
}
Device/button_W 71 {
operate 70
position_in_layer -120 620
layer_index 2
}
Spec/LevelBoundary 72 {
position_in_layer -480 160
layer_index 2
}
Spec/LevelBoundary 73 {
position_in_layer 1400 640
layer_index 2
}
MapCursor 74 {
position_in_layer -174 460
layer_index 2
}
Spec/Region 77 {
size 80 120
trigger_once true
show_doc "gate_found"
position_in_layer 200 560
layer_index 2
}
Device/Respawn 78 {
position_in_layer -180 440
layer_index 2
}
} // entities
