sprite_table {
 bluetech_01 1
 bluetech_02 2
 bgr/okr_05 3
 bgr/okr_07 4
 bgr/okr_01 5
 bluetech_12 6
 bluetech_08 7
 bluetech_15 8
 bluetech_04 9
 bluetech_07 10
 bluetech_09 11
 bluetech_05 12
 bgr/okr_09 13
 bluetech_11 14
 bluetech_13 15
 bgr/okr_06 16
 bgr/okr_02 17
 bgr/okr_04 18
 bgr/okr_03 19
 bluetech_14 20
 bluetech_06 21
 bgr/okr_13 22
 bluetech_03 23
 bgr/okr_11 24
 bluetech_10 25
 bluetech_16 26
 bgr/okr_10 27
 bgr/okr_08 28
 wire_3S 29
 wire_2S 30
 wire_2E 31
 bgr/mix_arrow01 32
 bgr/mix_tech04 33
 bgr/diode05H 34
 bgr/diode04 35
 bgr/diode03 36
 bgr/mix_tech03 37
 bgr/mix_tech02 38
 bgr/mix_tech01 39
 bgr/diode05V 40
 bgr/diode01 41
 bgr/mix_arrow02 42
 bgr/mix_arrow03 43
 bgr/mix_tech05 44
 bgr/diode02 45
 wall_yellow_03 46
 wall_yellow_02 47
 wall_yellow_04 48
 shadow_fix_01 49
 shadow_fix_02 50
 metal_pipe_02 51
 metal_pipe_07 52
 metal_pipe_03 53
 metal_ramp_01 54
 metal_ramp_02 55
 thornball_big 56
 skull 57
 wall_metalA_02 58
 metal_grate 59
 metal_pipe_10 60
 wall_yellow_01 61
 wall_yellow_12 62
 wall_yellow_13 63
 wall_metalA_03 64
 liquid/acid_full 65
 wall_yellow_11 66
 wire_2W 67
 wire_2V 68
 wire_2N 69
 wall_metalA_01 70
 wall_yellow_10 71
 wire_2H 72
 wire_4 73
 teleIN_up 74
 wall_yellow_07 75
 wall_yellow_08 76
 wall_yellow_09 77
 teleOUT_up 78
 wire_3N 79
 mandi 80
 glowing 81
 halfplate_06 82
 halfplate_04b 83
 halfplate_07 84
 halfplate_11 85
 skullw 86
 sign/exit 87
} // sprite_table

layers {
clear_screen true
layer // layer 0
name noname
offset 0 0
cells_offset -120 240
scroll_scale_factor_1 1 1
scroll_scale_factor_2 1 1
cell_size 40 40
width 89
height 13
no_cells
sprite_cells
0 0 0 0 0 0 0 0 0 0 0 0 0 0 0 0 0 0 0 0 0 0 0 0 0 0 0 0 0 0 0 0 0 0 0 0 0 0 0 0 0 0 0 0 0 0 0 0 0 0 0 0 0 0 0 0 0 0 0 0 0 0 0 0 0 0 0 0 0 0 0 0 0 0 0 0 0 0 0 0 0 0 0 0 0 0 0 0 0 0 0 0 0 0 0 0 0 0 0 0 0 0 0 0 0 0 0 0 0 0 0 0 0 0 0 0 0 0 0 0 0 0 0 0 0 0 0 0 0 0 0 0 1 0 0 0 2 0 0 0 0 0 0 0 0 0 0 0 0 0 0 0 0 0 0 0 0 0 0 0 0 0 0 0 0 0 0 0 0 0 0 0 0 0 0 0 0 0 
0 0 0 0 0 0 0 0 0 0 0 0 0 0 3 0 0 0 0 0 0 0 0 0 0 0 0 0 0 0 0 0 0 0 0 0 0 0 0 0 0 0 0 0 0 0 0 0 0 0 0 0 0 0 0 0 0 0 0 0 0 0 0 0 1 0 0 0 1 0 0 0 1 0 0 0 0 0 0 0 0 0 0 0 0 0 0 0 0 0 0 0 0 0 0 0 0 0 0 0 1 0 0 0 0 0 0 0 0 0 0 0 0 0 0 0 0 0 0 0 0 0 0 0 0 0 1 0 0 0 0 0 0 0 0 0 2 0 0 0 0 0 0 0 0 0 0 0 0 0 0 0 0 0 0 0 0 0 0 0 0 0 0 0 0 0 0 0 0 0 0 0 0 0 0 0 0 0 
0 0 1 0 0 0 1 0 0 0 1 0 0 0 3 0 3 0 3 0 3 0 3 0 3 0 3 0 3 0 3 0 3 0 4 0 3 0 3 0 4 0 5 0 3 0 0 0 3 0 3 0 3 0 3 0 2 0 2 0 2 0 6 0 0 0 0 0 0 0 7 0 0 0 0 0 1 0 0 0 1 0 0 0 7 0 2 0 8 0 1 0 0 0 2 0 2 0 2 0 0 0 0 0 2 0 2 0 2 0 2 0 7 0 2 0 6 0 8 0 1 0 0 0 2 0 0 0 0 0 9 0 10 0 10 0 10 0 10 0 10 0 10 0 11 0 12 0 1 0 13 0 3 0 3 0 3 0 3 0 14 0 15 0 3 0 3 0 5 0 16 0 3 0 16 0 0 0 
0 0 0 0 0 0 0 0 0 0 0 0 0 0 3 0 3 0 3 0 3 0 3 0 17 0 18 0 19 0 18 0 18 0 0 0 17 0 18 0 0 0 0 0 3 0 3 0 3 0 3 0 3 0 1 0 0 0 9 0 10 0 11 0 10 0 10 0 10 0 11 0 10 0 12 0 0 0 6 0 0 0 0 0 7 0 2 0 8 0 0 0 0 0 1 0 0 0 20 0 1 0 0 0 20 0 14 0 10 0 10 0 11 0 10 0 21 0 8 0 0 0 0 0 20 0 20 0 20 0 7 0 2 0 2 0 6 0 2 0 2 0 9 0 21 0 7 0 0 0 1 0 13 0 3 0 5 0 3 0 1 0 0 0 3 0 3 0 0 0 16 0 3 0 16 0 0 0 
0 0 1 0 0 0 1 0 0 0 1 0 0 0 3 0 3 0 3 0 3 0 3 0 0 0 0 0 0 0 0 0 0 0 3 0 0 0 0 0 3 0 0 0 3 0 3 0 22 0 22 0 3 0 0 0 0 0 7 0 1 0 23 0 10 0 10 0 10 0 21 0 2 0 23 0 10 0 11 0 10 0 10 0 21 0 2 0 8 0 2 0 2 0 0 0 0 0 0 0 0 0 0 0 0 0 14 0 10 0 10 0 11 0 10 0 15 0 8 0 1 0 0 0 0 0 0 0 0 0 23 0 10 0 10 0 11 0 10 0 10 0 21 0 1 0 23 0 10 0 15 0 0 0 3 0 0 0 3 0 24 0 0 0 3 0 0 0 5 0 16 0 3 0 16 0 0 0 
0 0 0 0 0 0 6 0 6 0 0 0 0 0 0 0 0 0 0 0 3 0 3 0 0 0 0 0 0 0 3 0 3 0 0 0 3 0 3 0 0 0 0 0 3 0 3 0 22 0 22 0 3 0 14 0 10 0 21 0 0 0 0 0 1 0 0 0 1 0 0 0 2 0 1 0 0 0 23 0 10 0 10 0 10 0 12 0 8 0 9 0 10 0 10 0 10 0 10 0 10 0 10 0 10 0 10 0 10 0 10 0 11 0 12 0 2 0 8 0 0 0 0 0 2 0 2 0 2 0 1 0 0 0 2 0 7 0 2 0 1 0 0 0 0 0 0 0 2 0 2 0 2 0 3 0 3 0 0 0 3 0 3 0 3 0 0 0 0 0 16 0 3 0 16 0 0 0 
0 0 1 0 14 0 11 0 11 0 15 0 1 0 0 0 0 0 0 0 0 0 0 0 0 0 0 0 0 0 0 0 0 0 0 0 0 0 0 0 0 0 0 0 3 0 3 0 3 0 3 0 3 0 1 0 0 0 0 0 1 0 0 0 0 0 0 0 0 0 0 0 2 0 0 0 0 0 0 0 20 0 0 0 0 0 7 0 8 0 25 0 0 0 0 0 0 0 26 0 0 0 1 0 0 0 0 0 1 0 0 0 7 0 23 0 15 0 0 0 0 0 1 0 0 0 1 0 0 0 0 0 0 0 0 0 23 0 12 0 0 0 1 0 0 0 0 0 0 0 1 0 0 0 0 0 0 0 0 0 3 0 3 0 3 0 0 0 0 0 16 0 3 0 16 0 0 0 
0 0 0 0 14 0 11 0 11 0 15 0 0 0 3 0 22 0 3 0 3 0 6 0 3 0 3 0 22 0 3 0 3 0 3 0 0 0 0 0 0 0 3 0 3 0 3 0 3 0 3 0 3 0 0 0 0 0 0 0 0 0 1 0 0 0 0 0 20 0 0 0 1 0 0 0 1 0 0 0 0 0 0 0 2 0 7 0 8 0 1 0 0 0 0 0 1 0 0 0 0 0 0 0 0 0 0 0 0 0 0 0 7 0 1 0 0 0 1 0 0 0 0 0 0 0 0 0 0 0 2 0 0 0 2 0 0 0 25 0 0 0 0 0 0 0 0 0 2 0 0 0 0 0 0 0 0 0 0 0 0 0 3 0 3 0 3 0 0 0 16 0 3 0 16 0 0 0 
0 0 1 0 0 0 25 0 25 0 1 0 0 0 3 0 3 0 3 0 2 0 21 0 2 0 3 0 3 0 1 0 13 0 3 0 0 0 0 0 3 0 3 0 3 0 3 0 22 0 22 0 3 0 1 0 0 0 0 0 0 0 0 0 0 0 0 0 0 0 0 0 0 0 0 0 0 0 0 0 20 0 0 0 0 0 25 0 8 0 0 0 0 0 0 0 0 0 0 0 0 0 1 0 0 0 0 0 2 0 9 0 21 0 0 0 0 0 0 0 0 0 26 0 26 0 26 0 26 0 26 0 0 0 0 0 0 0 26 0 0 0 0 0 26 0 0 0 0 0 26 0 26 0 0 0 22 0 22 0 22 0 3 0 3 0 3 0 0 0 16 0 3 0 16 0 0 0 
0 0 0 0 0 0 1 0 0 0 0 0 0 0 3 0 3 0 14 0 10 0 0 0 10 0 15 0 3 0 0 0 1 0 13 0 0 0 3 0 3 0 3 0 3 0 3 0 22 0 22 0 3 0 0 0 0 0 0 0 6 0 1 0 0 0 0 0 0 0 0 0 1 0 0 0 1 0 0 0 0 0 0 0 1 0 0 0 8 0 1 0 0 0 0 0 2 0 2 0 0 0 0 0 0 0 0 0 2 0 7 0 20 0 1 0 0 0 0 0 0 0 6 0 2 0 2 0 1 0 0 0 0 0 2 0 0 0 6 0 2 0 0 0 1 0 0 0 0 0 1 0 0 0 0 0 22 0 0 0 0 0 0 0 0 0 3 0 0 0 16 0 3 0 16 0 0 0 
0 0 1 0 0 0 0 0 0 0 1 0 0 0 3 0 3 0 3 0 2 0 21 0 2 0 3 0 3 0 1 0 0 0 0 0 0 0 0 0 0 0 0 0 3 0 3 0 3 0 0 0 3 0 1 0 0 0 0 0 7 0 0 0 0 0 0 0 7 0 0 0 0 0 0 0 0 0 0 0 20 0 0 0 0 0 0 0 8 0 0 0 0 0 0 0 0 0 26 0 0 0 26 0 26 0 0 0 2 0 7 0 0 0 0 0 0 0 0 0 0 0 23 0 10 0 12 0 0 0 0 0 0 0 2 0 0 0 7 0 0 0 0 0 0 0 0 0 0 0 0 0 0 0 0 0 22 0 22 0 22 0 0 0 0 0 0 0 0 0 16 0 3 0 16 0 0 0 
20 0 0 0 0 0 20 0 20 0 0 0 0 0 3 0 22 0 3 0 3 0 25 0 3 0 3 0 22 0 24 0 1 0 0 0 1 0 13 0 3 0 5 0 3 0 3 0 3 0 3 0 3 0 24 0 1 0 0 0 23 0 10 0 10 0 10 0 11 0 10 0 10 0 10 0 12 0 2 0 0 0 1 0 0 0 2 0 8 0 1 0 14 0 10 0 10 0 10 0 10 0 15 0 1 0 0 0 2 0 25 0 1 0 0 0 2 0 2 0 9 0 10 0 10 0 11 0 10 0 10 0 10 0 10 0 10 0 11 0 10 0 10 0 10 0 15 0 2 0 1 0 27 0 0 0 0 0 0 0 22 0 3 0 4 0 3 0 5 0 16 0 0 0 16 0 16 0 
0 0 1 0 0 0 0 0 0 0 1 0 0 0 3 0 22 0 3 0 3 0 3 0 3 0 3 0 22 0 3 0 24 0 0 0 0 0 0 0 3 0 0 0 3 0 3 0 3 0 3 0 3 0 3 0 24 0 0 0 1 0 0 0 1 0 0 0 25 0 1 0 0 0 2 0 25 0 2 0 2 0 0 0 0 0 2 0 8 0 0 0 0 0 1 0 0 0 2 0 1 0 0 0 0 0 0 0 2 0 2 0 0 0 0 0 14 0 10 0 21 0 1 0 0 0 7 0 1 0 0 0 2 0 9 0 10 0 21 0 1 0 0 0 1 0 0 0 2 0 27 0 3 0 3 0 3 0 3 0 3 0 3 0 0 0 3 0 0 0 16 0 3 0 16 0 0 0 
decorations 135
360 640 27 0
360 560 13 0
280 560 28 0
280 640 24 0
320 520 29 0
360 520 30 0
280 520 31 0
569 409 32 0
446 330 33 0
506 637 34 0
102 399 34 0
111 512 35 0
563 664 35 0
526 585 36 0
448 344 36 0
130 735 36 0
960 360 28 0
1000 320 28 0
890 488 32 0
889 532 32 0
889 371 32 0
889 330 32 0
888 691 32 0
889 729 32 0
770 565 37 0
826 696 38 0
825 375 38 0
802 365 39 0
980 453 40 0
1242 566 40 0
1160 700 34 0
1166 700 34 0
828 699 35 0
1000 621 35 0
1164 588 35 0
828 385 36 0
1098 393 41 0
996 545 41 0
2969 374 32 0
3130 571 42 0
3131 727 32 0
3130 693 32 0
3135 489 43 0
3208 525 37 0
3330 525 37 0
2882 495 44 0
2922 495 44 0
3010 452 38 0
3022 452 38 0
2867 697 40 0
2899 412 40 0
3110 360 34 0
3139 333 40 0
3333 528 40 0
3186 697 40 0
2851 714 35 0
2915 447 35 0
3177 723 35 0
3097 337 36 0
3097 341 36 0
2866 536 45 0
2864 446 45 0
2560 532 44 0
2560 641 44 0
2219 685 40 0
2121 478 40 0
2219 411 40 0
2420 462 40 0
2558 364 40 0
2562 707 40 0
2417 725 40 0
2529 430 34 0
2333 619 34 0
2162 611 35 0
2382 675 35 0
2400 445 35 0
2380 334 35 0
2479 676 35 0
2549 715 35 0
2406 514 36 0
2216 496 36 0
2147 534 45 0
2410 630 45 0
2410 695 41 0
2130 415 41 0
2131 455 41 0
1627 587 40 0
1601 344 40 0
1318 414 40 0
1610 413 34 0
1340 445 34 0
1414 740 34 0
1490 724 34 0
1524 434 34 0
1477 521 35 0
1616 695 35 0
1725 597 35 0
1783 339 35 0
1739 425 35 0
1749 428 35 0
1450 415 36 0
1702 524 45 0
1290 375 45 0
1705 418 41 0
2097 611 40 0
2097 618 40 0
2097 625 40 0
2037 433 34 0
2028 332 34 0
2028 337 34 0
2028 342 34 0
1834 604 35 0
1846 604 35 0
1857 604 35 0
2038 718 35 0
2670 417 34 0
2741 424 35 0
2662 367 35 0
2770 335 36 0
2650 696 36 0
2659 617 45 0
2786 393 45 0
53 579 34 0
82 717 34 0
-40 392 34 0
79 343 34 0
-4 635 35 0
-42 477 35 0
10 535 36 0
50 535 36 0
-35 708 36 0
51 496 45 0
10 495 41 0
693 362 35 0
598 736 36 0

layer // layer 1
name noname
offset 15 15
cells_offset -160 200
scroll_scale_factor_1 1 1
scroll_scale_factor_2 1 1
cell_size 40 40
width 89
height 14
shadow
no_cells
sprite_cells
0 0 0 0 0 0 0 0 0 0 0 0 0 0 0 0 0 0 0 0 0 0 0 0 0 0 0 0 0 0 0 0 0 0 0 0 0 0 0 0 0 0 0 0 0 0 0 0 0 0 0 0 0 0 0 0 0 0 0 0 0 0 0 0 0 0 0 0 0 0 0 0 0 0 0 0 0 0 0 0 0 0 0 0 0 0 0 0 0 0 0 0 0 0 0 0 0 0 0 0 0 0 0 0 0 0 0 0 0 0 0 0 0 0 0 0 0 0 0 0 0 0 0 0 0 0 0 0 0 0 0 0 46 0 0 0 46 0 0 0 0 0 0 0 0 0 0 0 0 0 0 0 0 0 0 0 0 0 0 0 0 0 0 0 0 0 0 0 0 0 0 0 0 0 0 0 0 0 
0 0 0 0 0 0 0 0 0 0 0 0 0 0 47 0 48 0 0 0 0 0 0 0 0 0 0 0 0 0 0 0 0 0 0 0 0 0 0 0 0 0 0 0 0 0 0 0 0 0 0 0 0 0 0 0 0 0 0 0 0 0 0 0 0 0 0 0 0 0 0 0 0 0 0 0 0 0 0 0 0 0 0 0 0 0 0 0 0 0 0 0 0 0 0 0 0 0 0 0 0 0 0 0 0 0 0 0 0 0 0 0 0 0 0 0 0 0 0 0 0 0 0 0 0 0 0 0 0 0 0 0 47 0 0 0 49 0 49 0 0 0 0 0 0 0 0 0 0 0 0 0 0 0 0 0 0 0 0 0 0 0 0 0 0 0 0 0 0 0 0 0 0 0 0 0 0 0 
0 0 46 0 0 0 46 0 0 0 46 0 0 0 0 0 50 0 46 0 0 0 46 0 0 0 46 0 0 0 46 0 0 0 46 0 0 0 46 0 0 0 46 0 0 0 46 0 0 0 46 0 0 0 46 0 0 0 46 0 0 0 46 0 0 0 46 0 0 0 46 0 0 0 46 0 0 0 46 0 0 0 46 0 0 0 46 0 0 0 46 0 0 0 46 0 0 0 46 0 0 0 46 0 0 0 46 0 0 0 46 0 0 0 46 0 0 0 46 0 46 0 0 0 46 0 0 0 46 0 0 0 0 0 50 0 48 0 50 0 46 0 0 0 46 0 0 0 46 0 0 0 46 0 0 0 46 0 0 0 46 0 0 0 46 0 0 0 46 0 0 0 46 0 0 0 48 0 
0 0 47 0 0 0 0 0 0 0 0 0 0 0 0 0 0 0 0 0 49 0 0 0 0 0 0 0 0 0 0 0 0 0 0 0 0 0 0 0 0 0 0 0 0 0 50 0 48 0 0 0 0 0 0 0 0 0 0 0 0 0 0 0 0 0 0 0 0 0 0 0 0 0 0 0 0 0 0 0 0 0 0 0 0 0 0 0 0 0 0 0 0 0 0 0 0 0 0 0 0 0 0 0 0 0 0 0 0 0 0 0 0 0 0 0 0 0 0 0 0 0 0 0 0 0 0 0 0 0 0 0 0 0 0 0 0 0 0 0 0 0 0 0 0 0 0 0 0 0 0 0 0 0 0 0 0 0 0 0 0 0 0 0 0 0 0 0 0 0 0 0 0 0 0 0 0 0 
0 0 0 0 0 0 0 0 0 0 0 0 0 0 0 0 0 0 0 0 48 0 0 0 0 0 0 0 0 0 0 0 0 0 0 0 0 0 0 0 0 0 0 0 49 0 0 0 0 0 0 0 0 0 0 0 0 0 0 0 0 0 0 0 0 0 0 0 0 0 0 0 0 0 0 0 0 0 0 0 0 0 0 0 0 0 0 0 0 0 0 0 0 0 0 0 0 0 0 0 0 0 0 0 0 0 0 0 0 0 0 0 0 0 0 0 0 0 0 0 0 0 0 0 0 0 0 0 0 0 0 0 0 0 0 0 0 0 0 0 0 0 0 0 0 0 0 0 0 0 0 0 0 0 0 0 0 0 0 0 0 0 0 0 0 0 0 0 49 0 0 0 0 0 0 0 0 0 
0 0 47 0 0 0 0 0 0 0 0 0 0 0 0 0 0 0 0 0 47 0 0 0 0 0 0 0 0 0 49 0 0 0 0 0 49 0 0 0 0 0 0 0 47 0 0 0 0 0 0 0 0 0 0 0 0 0 0 0 0 0 0 0 0 0 0 0 0 0 0 0 0 0 0 0 0 0 0 0 0 0 0 0 0 0 0 0 0 0 0 0 0 0 0 0 0 0 0 0 0 0 0 0 0 0 0 0 0 0 0 0 0 0 0 0 0 0 0 0 0 0 0 0 0 0 0 0 0 0 0 0 0 0 0 0 0 0 0 0 0 0 0 0 0 0 0 0 0 0 0 0 0 0 0 0 0 0 0 0 49 0 0 0 0 0 0 0 47 0 0 0 0 0 0 0 0 0 
0 0 0 0 0 0 0 0 0 0 0 0 0 0 0 0 0 0 0 0 0 0 0 0 0 0 0 0 0 0 48 0 0 0 0 0 48 0 0 0 0 0 0 0 0 0 0 0 0 0 0 0 0 0 0 0 0 0 0 0 0 0 0 0 49 0 0 0 0 0 0 0 49 0 0 0 49 0 0 0 49 0 0 0 0 0 49 0 0 0 0 0 0 0 0 0 0 0 49 0 0 0 49 0 0 0 0 0 0 0 0 0 0 0 0 0 0 0 0 0 0 0 49 0 0 0 0 0 0 0 0 0 0 0 0 0 49 0 0 0 0 0 0 0 49 0 0 0 0 0 49 0 0 0 0 0 0 0 0 0 47 0 0 0 0 0 0 0 0 0 49 0 0 0 0 0 0 0 
0 0 47 0 0 0 0 0 0 0 0 0 0 0 50 0 46 0 0 0 46 0 0 0 46 0 0 0 46 0 0 0 46 0 0 0 46 0 0 0 0 0 46 0 0 0 0 0 0 0 0 0 0 0 0 0 0 0 0 0 46 0 0 0 47 0 0 0 46 0 0 0 47 0 0 0 48 0 49 0 48 0 0 0 46 0 0 0 0 0 0 0 50 0 48 0 47 0 48 0 0 0 48 0 0 0 0 0 48 0 51 0 0 0 0 0 0 0 50 0 46 0 0 0 0 0 0 0 0 0 0 0 0 0 50 0 48 0 49 0 0 0 47 0 48 0 0 0 47 0 48 0 0 0 0 0 0 0 0 0 0 0 49 0 0 0 50 0 46 0 0 0 0 0 0 0 0 0 
0 0 0 0 0 0 0 0 0 0 0 0 0 0 0 0 0 0 0 0 0 0 0 0 0 0 0 0 0 0 0 0 0 0 0 0 0 0 0 0 46 0 0 0 0 0 0 0 0 0 0 0 0 0 0 0 0 0 0 0 47 0 49 0 0 0 0 0 47 0 0 0 0 0 0 0 47 0 48 0 0 0 0 0 47 0 49 0 0 0 0 0 0 0 0 0 0 0 0 0 0 0 47 0 48 0 0 0 47 0 52 0 0 0 0 0 0 0 48 0 0 0 49 0 0 0 0 0 0 0 0 0 0 0 47 0 0 0 47 0 0 0 0 0 49 0 0 0 0 0 49 0 0 0 0 0 46 0 0 0 46 0 0 0 0 0 0 0 0 0 47 0 0 0 0 0 0 0 
0 0 47 0 0 0 0 0 0 0 0 0 0 0 0 0 0 0 0 0 0 0 0 0 0 0 0 0 0 0 0 0 0 0 0 0 0 0 46 0 0 0 0 0 0 0 0 0 0 0 0 0 0 0 0 0 0 0 0 0 0 0 48 0 49 0 0 0 0 0 0 0 48 0 0 0 0 0 49 0 0 0 0 0 0 0 48 0 0 0 0 0 0 0 0 0 47 0 0 0 0 0 0 0 50 0 48 0 0 0 52 0 0 0 0 0 0 0 47 0 0 0 47 0 0 0 0 0 0 0 0 0 0 0 0 0 48 0 0 0 50 0 48 0 48 0 50 0 48 0 47 0 0 0 0 0 48 0 0 0 0 0 0 0 0 0 49 0 0 0 0 0 0 0 0 0 0 0 
0 0 0 0 0 0 0 0 0 0 0 0 0 0 0 0 0 0 0 0 0 0 0 0 0 0 0 0 0 0 0 0 0 0 0 0 0 0 47 0 0 0 0 0 49 0 0 0 0 0 0 0 49 0 0 0 0 0 0 0 47 0 0 0 47 0 0 0 47 0 46 0 0 0 0 0 47 0 48 0 49 0 0 0 47 0 49 0 0 0 0 0 0 0 0 0 0 0 0 0 0 0 47 0 0 0 0 0 47 0 52 0 0 0 0 0 50 0 0 0 0 0 0 0 0 0 0 0 0 0 0 0 0 0 47 0 0 0 47 0 0 0 0 0 47 0 0 0 0 0 0 0 0 0 0 0 47 0 0 0 46 0 0 0 0 0 48 0 0 0 47 0 0 0 0 0 0 0 
46 0 0 0 0 0 0 0 0 0 0 0 0 0 0 0 0 0 0 0 0 0 0 0 0 0 0 0 0 0 0 0 0 0 0 0 50 0 0 0 46 0 0 0 48 0 0 0 0 0 50 0 48 0 0 0 0 0 50 0 0 0 50 0 0 0 50 0 0 0 0 0 48 0 50 0 0 0 50 0 48 0 50 0 0 0 48 0 0 0 0 0 50 0 46 0 0 0 48 0 50 0 0 0 0 0 50 0 0 0 53 0 0 0 0 0 0 0 50 0 46 0 0 0 0 0 0 0 0 0 0 0 50 0 0 0 50 0 0 0 50 0 48 0 0 0 50 0 46 0 0 0 0 0 0 0 0 0 0 0 49 0 50 0 48 0 46 0 0 0 0 0 0 0 0 0 0 0 
47 0 0 0 0 0 0 0 0 0 0 0 0 0 0 0 0 0 0 0 0 0 0 0 0 0 0 0 0 0 0 0 0 0 0 0 0 0 0 0 0 0 0 0 0 0 0 0 0 0 0 0 0 0 0 0 0 0 0 0 0 0 0 0 0 0 0 0 0 0 0 0 0 0 0 0 0 0 0 0 0 0 0 0 0 0 0 0 0 0 0 0 0 0 0 0 0 0 0 0 0 0 0 0 0 0 0 0 0 0 0 0 0 0 0 0 0 0 0 0 0 0 0 0 0 0 0 0 0 0 0 0 0 0 0 0 0 0 0 0 0 0 0 0 0 0 0 0 0 0 0 0 0 0 50 0 48 0 46 0 0 0 0 0 0 0 0 0 0 0 0 0 0 0 0 0 0 0 
0 0 0 0 0 0 0 0 0 0 0 0 0 0 0 0 0 0 0 0 0 0 0 0 0 0 0 0 0 0 0 0 0 0 0 0 0 0 0 0 0 0 0 0 0 0 0 0 0 0 0 0 0 0 0 0 0 0 0 0 0 0 0 0 0 0 0 0 0 0 0 0 0 0 0 0 0 0 0 0 0 0 0 0 0 0 0 0 0 0 0 0 0 0 0 0 0 0 0 0 0 0 0 0 0 0 0 0 0 0 0 0 0 0 0 0 0 0 0 0 0 0 0 0 0 0 0 0 0 0 0 0 0 0 0 0 0 0 0 0 0 0 0 0 0 0 0 0 0 0 0 0 0 0 0 0 0 0 0 0 0 0 0 0 0 0 0 0 0 0 0 0 54 0 55 0 54 0 
decorations 12
2346 584 56 0
2423 623 56 0
2372 472 56 0
2350 504 56 0
2379 557 56 0
2425 509 56 0
2397 538 56 0
2354 621 56 0
2201 480 49 0
2518 477 49 0
1400 480 50 0
1080 520 50 0

layer // layer 2
name noname
offset 15 15
cells_offset 0 0
scroll_scale_factor_1 1 1
scroll_scale_factor_2 1 1
cell_size 40 40
width 0
height 0
shadow
no_cells
no_sprite_cells
decorations 1
277 554 57 0

layer // layer 3
name Main
offset 0 0
cells_offset -160 200
scroll_scale_factor_1 1 1
scroll_scale_factor_2 1 1
cell_size 40 40
width 90
height 17
cells
0 0 0 0 0 0 0 0 0 0 0 0 0 0 0 0 0 0 0 0 0 0 0 0 0 0 0 0 0 0 0 0 0 0 0 0 0 0 0 0 0 0 0 0 0 0 0 0 0 0 0 0 0 0 0 0 0 0 0 0 0 0 0 0 0 0 2 2 2 2 2 0 0 0 0 0 0 0 0 0 0 0 0 0 0 0 0 0 0 0 
0 0 0 0 0 0 0 2 12290 2 0 0 0 0 0 0 0 0 0 0 0 0 0 0 0 2 0 0 0 0 0 0 0 0 0 2 0 0 0 0 0 0 0 0 0 2 0 0 0 0 0 0 0 0 0 2 0 0 0 0 0 0 0 0 0 0 2 0 0 0 2 0 0 0 0 0 0 0 0 0 0 0 0 0 0 0 0 0 0 0 
0 2 2 2 2 2 2 2 0 2 2 2 2 2 2 2 2 2 2 2 2 2 12290 2 2 2 2 2 2 2 2 2 2 2 2 2 2 2 2 2 2 2 2 2 2 2 2 2 2 2 2 2 2 2 2 2 2 2 2 2 2 2 2 2 2 2 2 0 2 0 2 2 2 2 2 2 2 2 2 2 2 2 2 2 2 2 2 2 2 2 
0 2 0 0 0 0 0 0 0 0 0 0 0 0 0 0 0 0 0 0 0 0 0 0 2 0 0 0 0 0 0 0 0 0 0 0 0 0 0 0 0 0 0 0 0 0 0 0 0 0 0 0 0 0 0 0 0 0 0 0 0 0 0 0 0 0 0 0 0 0 0 0 0 0 0 0 0 0 0 0 0 0 0 0 0 0 0 0 0 2 
0 2 0 0 0 0 0 0 0 0 1754 0 0 0 0 0 0 0 0 0 0 0 0 0 0 0 0 0 0 0 0 0 0 0 0 0 0 0 0 0 0 0 0 0 0 0 0 0 0 0 0 0 0 0 0 0 0 0 0 0 0 0 0 0 0 0 0 0 0 0 0 0 0 0 0 0 0 0 0 0 0 0 0 0 0 0 0 0 0 2 
0 2 0 0 0 0 0 0 0 0 1730 0 0 0 0 0 0 0 0 0 0 0 2 0 0 0 0 0 0 0 0 0 0 0 0 0 0 0 0 0 0 0 0 0 0 0 0 0 0 0 0 0 0 0 0 0 0 0 0 0 0 0 0 0 0 0 0 0 0 0 0 0 0 0 0 0 0 0 0 0 0 0 0 0 2 0 0 0 0 2 
0 2 0 0 0 0 0 0 2 2 1730 0 0 2 2 2 0 0 2 0 0 2 2 0 0 0 0 0 0 0 0 0 0 0 0 0 0 0 0 0 0 0 0 0 0 0 0 0 0 0 0 0 0 0 0 0 0 0 0 0 0 0 0 0 0 0 0 0 0 0 0 0 0 0 0 0 0 0 0 0 2 0 0 0 2 0 0 0 0 2 
0 2 0 0 0 0 0 0 2 2 2 2 2 2 2 2 2 2 2 2 2 2 13826 0 0 0 0 0 0 0 194 2 2 0 2 2 2 0 2 0 2 0 2 2 0 0 0 2 2 2 0 2 0 0 2 1562 0 0 0 0 12506 13850 0 0 0 0 0 0 2 0 0 2 2 0 2 2 0 0 2 2 2 0 0 0 2 2 0 0 0 2 
0 2 0 0 0 0 0 0 0 0 0 0 0 0 0 0 0 0 0 2 2 2 0 0 0 0 0 0 0 0 194 0 2 0 2 0 2 0 2 2 0 0 2 0 0 0 0 0 2 0 0 2 2 0 2 1538 0 0 0 1754 0 0 0 0 0 0 0 2 0 2 0 194 0 0 2 0 0 0 2 2 2 2 0 0 0 2 0 0 0 2 
0 2 0 0 0 0 0 0 0 0 0 0 0 0 0 0 0 0 0 2 2 0 0 0 0 0 0 0 0 0 194 2 0 0 2 0 2 0 2 0 0 0 2 2 0 0 0 0 2 0 0 2 0 2 2 1538 0 0 0 1730 0 1754 0 0 0 0 0 2 2 2 0 12482 2 0 2 2 0 0 2 0 0 0 0 0 0 2 0 0 0 2 
0 2 0 0 0 0 0 0 0 0 0 0 0 0 0 0 0 0 0 2 0 0 0 0 0 0 0 0 0 0 194 0 2 0 2 2 2 0 2 2 0 0 2 0 0 0 0 0 2 0 0 2 0 0 2 1538 0 0 0 12482 2 1538 0 0 0 0 0 2 0 2 0 0 2 0 0 2 0 0 2 0 2 2 2 2 0 2 0 0 0 2 
2 2 0 0 0 0 0 0 0 0 0 0 0 0 0 0 0 0 0 2 2 2 2 0 0 0 2 0 0 0 194 0 2 0 2 0 2 0 2 0 2 0 2 2 0 0 0 2 2 2 0 14018 0 0 12482 13826 0 0 0 0 12482 13826 0 0 0 0 0 2 0 2 0 2 2 0 2 2 0 0 2 0 0 0 2 2 2 2 0 0 0 2 
2 0 0 0 0 0 0 0 0 0 0 0 0 0 0 0 0 0 0 0 0 0 0 0 0 0 0 0 0 0 0 0 0 0 0 0 0 0 0 0 0 0 0 0 0 0 0 0 0 0 0 0 0 0 0 0 0 0 0 0 0 0 0 0 0 0 0 0 0 0 0 0 0 0 0 0 0 0 2 2 2 0 0 0 0 0 0 0 0 2 
2 0 0 0 0 0 0 0 0 0 0 0 0 0 0 0 0 0 0 0 0 0 0 0 0 0 0 0 0 0 0 0 0 0 0 0 0 0 0 0 0 0 0 0 0 0 0 0 0 0 0 0 0 0 0 0 0 0 0 0 0 0 0 0 0 0 0 0 0 0 0 0 0 0 0 0 0 0 0 0 0 0 0 0 0 0 2 2 2 2 
2 2 2 2 2 2 2 2 2 2 2 2 2 2 2 2 2 2 2 2 2 2 2 2 2 2 2 2 2 2 2 2 2 2 2 2 2 2 2 2 2 2 2 2 2 2 2 2 2 2 2 2 2 2 2 2 2 2 2 2 2 2 2 2 2 2 2 2 2 2 2 2 2 2 2 2 2 2 2 2 2 2 2 2 2 2 2 2 2 2 
2 0 0 0 0 0 0 0 0 0 2 0 0 0 0 0 0 0 0 0 2 0 0 0 0 0 0 0 0 0 2 0 0 0 0 0 0 0 0 0 2 0 0 0 0 0 0 0 0 0 2 0 0 0 0 0 0 0 0 0 2 0 0 0 0 0 0 0 0 0 2 0 0 0 0 0 0 0 0 0 2 0 0 0 0 0 0 0 0 0 
2 2 2 2 2 2 2 2 2 2 2 2 2 2 2 2 2 2 2 2 2 2 2 2 2 2 2 2 2 2 2 2 2 2 2 2 2 2 2 2 2 2 2 2 2 2 2 2 2 2 2 2 2 2 2 2 2 2 2 2 2 2 2 2 2 2 2 2 2 2 2 2 2 2 2 2 2 2 2 2 2 2 2 2 2 2 2 2 2 2 
sprite_cells
0 0 0 0 0 0 0 0 0 0 0 0 0 0 0 0 0 0 0 0 0 0 0 0 0 0 0 0 0 0 0 0 0 0 0 0 0 0 0 0 0 0 0 0 0 0 0 0 0 0 0 0 0 0 0 0 0 0 0 0 0 0 0 0 0 0 0 0 0 0 0 0 0 0 0 0 0 0 0 0 0 0 0 0 0 0 0 0 0 0 0 0 0 0 0 0 0 0 0 0 0 0 0 0 0 0 0 0 0 0 0 0 0 0 0 0 0 0 0 0 0 0 0 0 0 0 0 0 0 0 47 0 48 0 46 0 0 0 46 0 0 0 48 0 0 0 0 0 0 0 0 0 0 0 0 0 0 0 0 0 0 0 0 0 0 0 0 0 0 0 0 0 0 0 0 0 0 0 0 0 
48 0 46 0 0 0 46 0 0 0 48 0 48 0 48 0 58 0 47 0 48 0 46 0 0 0 48 0 48 0 46 0 0 0 48 0 48 0 46 0 0 0 46 0 0 0 47 0 48 0 47 0 48 0 46 0 0 0 48 0 48 0 46 0 0 0 48 0 48 0 47 0 48 0 46 0 0 0 48 0 48 0 46 0 0 0 48 0 48 0 47 0 48 0 46 0 0 0 48 0 48 0 46 0 0 0 48 0 48 0 47 0 48 0 46 0 0 0 48 0 48 0 46 0 0 0 48 0 48 0 0 0 47 0 0 0 0 0 0 0 47 0 48 0 46 0 0 0 48 0 48 0 46 0 0 0 48 0 48 0 47 0 48 0 46 0 0 0 48 0 48 0 46 0 0 0 48 0 48 0 
46 0 0 0 46 0 0 0 48 0 46 0 0 0 48 0 0 0 0 0 46 0 0 0 46 0 0 0 46 0 0 0 48 0 46 0 0 0 48 0 46 0 0 0 58 0 0 0 47 0 0 0 46 0 0 0 46 0 0 0 46 0 0 0 48 0 46 0 0 0 0 0 46 0 0 0 46 0 0 0 46 0 0 0 48 0 46 0 0 0 0 0 46 0 0 0 46 0 0 0 46 0 0 0 48 0 46 0 0 0 0 0 46 0 0 0 46 0 0 0 46 0 0 0 48 0 46 0 0 0 48 0 0 0 0 0 48 0 0 0 0 0 46 0 0 0 46 0 0 0 46 0 0 0 48 0 46 0 0 0 0 0 46 0 0 0 46 0 0 0 46 0 0 0 48 0 46 0 0 0 
47 0 48 0 0 0 0 0 0 0 0 0 0 0 0 0 0 0 0 0 0 0 0 0 0 0 0 0 0 0 0 0 0 0 0 0 0 0 0 0 0 0 0 0 0 0 0 0 0 0 0 0 0 0 0 0 0 0 0 0 0 0 0 0 0 0 0 0 0 0 0 0 0 0 0 0 0 0 0 0 0 0 0 0 0 0 0 0 0 0 0 0 0 0 0 0 0 0 0 0 0 0 0 0 0 0 0 0 0 0 0 0 0 0 0 0 0 0 0 0 0 0 0 0 0 0 0 0 0 0 0 0 0 0 0 0 0 0 0 0 0 0 0 0 0 0 0 0 0 0 0 0 0 0 0 0 0 0 0 0 0 0 0 0 0 0 0 0 0 0 0 0 0 0 0 0 0 0 48 0 
0 0 47 0 0 0 0 0 0 0 0 0 0 0 0 0 0 0 0 0 59 0 0 0 0 0 0 0 0 0 0 0 0 0 0 0 0 0 0 0 0 0 0 0 0 0 0 0 0 0 0 0 0 0 0 0 0 0 0 0 0 0 0 0 0 0 0 0 0 0 0 0 0 0 0 0 0 0 0 0 0 0 0 0 0 0 0 0 0 0 0 0 0 0 0 0 0 0 0 0 0 0 0 0 0 0 0 0 0 0 0 0 0 0 0 0 0 0 0 0 0 0 0 0 0 0 0 0 0 0 0 0 0 0 0 0 0 0 0 0 0 0 0 0 0 0 0 0 0 0 0 0 0 0 0 0 0 0 0 0 0 0 0 0 0 0 0 0 0 0 0 0 0 0 0 0 0 0 48 0 
48 0 0 0 0 0 0 0 0 0 0 0 0 0 0 0 0 0 0 0 60 0 0 0 0 0 0 0 0 0 0 0 0 0 0 0 0 0 0 0 0 0 0 0 47 0 0 0 0 0 0 0 0 0 0 0 0 0 0 0 0 0 0 0 0 0 0 0 0 0 0 0 0 0 0 0 0 0 0 0 0 0 0 0 0 0 0 0 0 0 0 0 0 0 0 0 0 0 0 0 0 0 0 0 0 0 0 0 0 0 0 0 0 0 0 0 0 0 0 0 0 0 0 0 0 0 0 0 0 0 0 0 0 0 0 0 0 0 0 0 0 0 0 0 0 0 0 0 0 0 0 0 0 0 0 0 0 0 0 0 0 0 0 0 0 0 0 0 47 0 0 0 0 0 0 0 0 0 47 0 
48 0 47 0 0 0 0 0 0 0 0 0 0 0 0 0 61 0 0 0 58 0 0 0 0 0 61 0 0 0 47 0 0 0 0 0 47 0 0 0 0 0 47 0 0 0 0 0 0 0 0 0 0 0 0 0 0 0 0 0 0 0 0 0 0 0 0 0 0 0 0 0 0 0 0 0 0 0 0 0 0 0 0 0 0 0 0 0 0 0 0 0 0 0 0 0 0 0 0 0 0 0 0 0 0 0 0 0 0 0 0 0 0 0 0 0 0 0 0 0 0 0 0 0 0 0 0 0 0 0 0 0 0 0 0 0 0 0 0 0 0 0 0 0 0 0 0 0 0 0 0 0 0 0 0 0 0 0 0 0 47 0 0 0 0 0 0 0 0 0 0 0 0 0 0 0 0 0 0 0 
47 0 0 0 0 0 0 0 0 0 0 0 0 0 0 0 0 0 0 0 62 0 63 0 63 0 0 0 0 0 0 0 62 0 63 0 0 0 62 0 63 0 0 0 58 0 0 0 0 0 0 0 0 0 0 0 0 0 0 0 47 0 48 0 47 0 0 0 48 0 48 0 48 0 0 0 47 0 0 0 48 0 0 0 47 0 48 0 0 0 0 0 0 0 48 0 47 0 48 0 0 0 47 0 0 0 0 0 47 0 51 0 0 0 0 0 0 0 0 0 64 0 0 0 0 0 0 0 0 0 0 0 0 0 0 0 48 0 0 0 0 0 47 0 48 0 0 0 47 0 48 0 0 0 0 0 61 0 0 0 0 0 0 0 0 0 0 0 46 0 0 0 0 0 0 0 0 0 47 0 
0 0 48 0 0 0 0 0 0 0 0 0 0 0 0 0 0 0 0 0 0 0 0 0 0 0 0 0 0 0 0 0 0 0 0 0 0 0 46 0 0 0 48 0 0 0 0 0 0 0 0 0 0 0 0 0 0 0 0 0 0 0 0 0 0 0 0 0 47 0 0 0 47 0 0 0 0 0 48 0 0 0 0 0 0 0 0 0 0 0 0 0 0 0 0 0 0 0 0 0 0 0 0 0 48 0 65 0 0 0 52 0 0 0 0 0 0 0 58 0 0 0 0 0 0 0 0 0 0 0 0 0 0 0 47 0 0 0 47 0 0 0 0 0 0 0 0 0 0 0 0 0 0 0 0 0 0 0 0 0 48 0 48 0 0 0 0 0 0 0 66 0 0 0 0 0 0 0 0 0 
47 0 48 0 0 0 0 0 0 0 0 0 0 0 0 0 0 0 0 0 31 0 67 0 68 0 69 0 30 0 0 0 0 0 0 0 0 0 48 0 48 0 0 0 0 0 0 0 0 0 0 0 0 0 0 0 0 0 0 0 48 0 48 0 0 0 0 0 0 0 0 0 0 0 0 0 48 0 0 0 0 0 0 0 48 0 48 0 0 0 0 0 0 0 0 0 48 0 0 0 0 0 47 0 0 0 48 0 47 0 52 0 0 0 0 0 0 0 70 0 0 0 58 0 0 0 0 0 0 0 0 0 0 0 0 0 48 0 0 0 0 0 46 0 0 0 0 0 46 0 0 0 0 0 0 0 66 0 0 0 0 0 0 0 0 0 0 0 0 0 71 0 0 0 0 0 0 0 47 0 
0 0 48 0 72 0 72 0 72 0 72 0 72 0 72 0 72 0 72 0 73 0 72 0 0 0 72 0 73 0 72 0 72 0 72 0 72 0 48 0 0 0 0 0 0 0 0 0 0 0 0 0 0 0 0 0 0 0 0 0 47 0 0 0 47 0 0 0 47 0 48 0 47 0 0 0 47 0 48 0 0 0 0 0 47 0 0 0 0 0 0 0 0 0 0 0 47 0 0 0 0 0 0 0 0 0 0 0 0 0 52 0 0 0 0 0 0 0 0 0 74 0 60 0 0 0 0 0 0 0 0 0 0 0 47 0 0 0 47 0 0 0 0 0 47 0 0 0 0 0 47 0 0 0 0 0 71 0 0 0 75 0 76 0 76 0 77 0 0 0 47 0 0 0 0 0 0 0 0 0 
46 0 0 0 0 0 0 0 0 0 0 0 0 0 0 0 0 0 0 0 69 0 30 0 68 0 31 0 67 0 0 0 0 0 0 0 0 0 46 0 0 0 46 0 0 0 0 0 0 0 0 0 48 0 0 0 0 0 0 0 0 0 0 0 0 0 0 0 0 0 0 0 0 0 0 0 0 0 0 0 48 0 0 0 0 0 48 0 0 0 0 0 0 0 48 0 0 0 48 0 0 0 58 0 0 0 0 0 58 0 53 0 0 0 0 0 0 0 0 0 64 0 0 0 0 0 0 0 0 0 0 0 0 0 0 0 0 0 0 0 0 0 78 0 0 0 0 0 48 0 0 0 0 0 0 0 71 0 0 0 0 0 0 0 48 0 46 0 0 0 0 0 0 0 0 0 0 0 47 0 
47 0 0 0 0 0 0 0 0 0 0 0 0 0 0 0 0 0 0 0 0 0 69 0 79 0 67 0 0 0 0 0 0 0 0 0 0 0 0 0 0 0 0 0 0 0 0 0 0 0 0 0 0 0 0 0 0 0 0 0 0 0 0 0 0 0 0 0 0 0 0 0 0 0 0 0 0 0 0 0 0 0 0 0 0 0 0 0 0 0 0 0 0 0 0 0 0 0 0 0 0 0 0 0 0 0 0 0 0 0 0 0 0 0 0 0 0 0 0 0 0 0 0 0 0 0 0 0 0 0 0 0 0 0 0 0 0 0 0 0 0 0 0 0 0 0 0 0 0 0 0 0 0 0 0 0 46 0 0 0 48 0 0 0 0 0 0 0 0 0 0 0 0 0 80 0 0 0 0 0 
0 0 0 0 0 0 0 0 0 0 0 0 0 0 0 0 0 0 0 0 0 0 0 0 0 0 0 0 0 0 0 0 0 0 0 0 0 0 0 0 0 0 0 0 0 0 0 0 0 0 0 0 0 0 0 0 0 0 0 0 0 0 0 0 0 0 0 0 0 0 0 0 0 0 0 0 0 0 0 0 0 0 0 0 0 0 0 0 0 0 0 0 0 0 0 0 0 0 0 0 0 0 0 0 0 0 0 0 0 0 0 0 0 0 0 0 0 0 0 0 0 0 0 0 0 0 0 0 0 0 0 0 0 0 0 0 0 0 0 0 0 0 0 0 0 0 0 0 0 0 0 0 0 0 0 0 0 0 0 0 0 0 0 0 0 0 0 0 0 0 0 0 54 0 55 0 54 0 47 0 
46 0 0 0 81 0 81 0 81 0 81 0 81 0 81 0 81 0 81 0 81 0 81 0 81 0 81 0 81 0 81 0 81 0 81 0 81 0 81 0 81 0 81 0 81 0 81 0 81 0 81 0 81 0 81 0 81 0 81 0 81 0 81 0 81 0 81 0 81 0 81 0 81 0 81 0 81 0 81 0 81 0 81 0 81 0 81 0 81 0 81 0 81 0 81 0 81 0 81 0 81 0 81 0 81 0 81 0 81 0 81 0 81 0 81 0 81 0 81 0 81 0 81 0 81 0 81 0 81 0 81 0 81 0 81 0 81 0 81 0 81 0 81 0 81 0 81 0 81 0 81 0 81 0 81 0 81 0 81 0 81 0 46 0 0 0 48 0 47 0 46 0 0 0 48 0 47 0 0 0 
47 0 48 0 46 0 0 0 48 0 48 0 46 0 0 0 48 0 48 0 47 0 48 0 46 0 0 0 48 0 48 0 46 0 0 0 48 0 48 0 47 0 48 0 46 0 0 0 48 0 48 0 46 0 0 0 48 0 48 0 47 0 48 0 46 0 0 0 48 0 48 0 46 0 0 0 48 0 48 0 47 0 48 0 46 0 0 0 48 0 48 0 46 0 0 0 48 0 48 0 47 0 48 0 46 0 0 0 48 0 48 0 46 0 0 0 48 0 48 0 47 0 48 0 46 0 0 0 48 0 48 0 46 0 0 0 48 0 48 0 47 0 48 0 46 0 0 0 48 0 48 0 46 0 0 0 48 0 48 0 47 0 48 0 46 0 0 0 0 0 48 0 46 0 0 0 0 0 48 0 
0 0 46 0 0 0 46 0 0 0 46 0 0 0 48 0 46 0 0 0 0 0 46 0 0 0 46 0 0 0 46 0 0 0 48 0 46 0 0 0 0 0 46 0 0 0 46 0 0 0 46 0 0 0 48 0 46 0 0 0 0 0 46 0 0 0 46 0 0 0 46 0 0 0 48 0 46 0 0 0 0 0 46 0 0 0 46 0 0 0 46 0 0 0 48 0 46 0 0 0 0 0 46 0 0 0 46 0 0 0 46 0 0 0 48 0 46 0 0 0 0 0 46 0 0 0 46 0 0 0 46 0 0 0 48 0 46 0 0 0 0 0 46 0 0 0 46 0 0 0 46 0 0 0 48 0 46 0 0 0 0 0 46 0 0 0 46 0 0 0 46 0 0 0 48 0 46 0 0 0 
decorations 27
1040 479 82 0
1040 520 83 0
1040 560 83 0
1040 600 83 0
1040 640 83 0
578 347 40 0
2680 520 83 0
2680 560 84 0
2679 560 85 0
285 560 57 0
327 579 86 0
418 591 40 0
298 669 40 0
298 633 40 0
394 657 34 0
378 604 34 0
312 537 34 0
268 624 35 0
352 562 35 0
377 657 36 0
257 577 36 0
337 535 45 0
337 539 45 0
331 710 41 0
343 710 41 0
-22 493 40 0
3320 710 87 0

} // layers

entities { 
ortho/crocodile 4 {
anim_fwd spikes2_E
anim_bwd spikes2_E
speed_bwd 800
move_distance 3200
col_offset 0 0
col_size 40 40
position_in_layer -40 320
draw_order 1000
layer_index 3
}
hero/Magneto 13 {
position_in_layer 160 400
layer_index 3
}
AcidPool 14 {
size 2 1
position_in_layer 1920 480
layer_index 3
}
THORNBALL/big 15 {
position_in_layer 2389 550
layer_index 3
}
THORNBALL/big 16 {
position_in_layer 2352 511
layer_index 3
}
THORNBALL/big 17 {
position_in_layer 2429 630
layer_index 3
}
THORNBALL/big 18 {
position_in_layer 2351 590
layer_index 3
}
THORNBALL/medium 21 {
position_in_layer 2354 634
layer_index 3
}
THORNBALL/medium 22 {
position_in_layer 2371 645
layer_index 3
}
THORNBALL/medium 23 {
position_in_layer 2442 606
layer_index 3
}
THORNBALL/medium 25 {
position_in_layer 2359 481
layer_index 3
}
THORNBALL/medium 26 {
position_in_layer 2418 488
layer_index 3
}
THORNBALL/big 27 {
position_in_layer 2380 470
layer_index 3
}
THORNBALL/small 28 {
position_in_layer 2362 579
layer_index 3
}
THORNBALL/small 29 {
position_in_layer 2432 579
layer_index 3
}
THORNBALL/small 30 {
position_in_layer 2360 556
layer_index 3
}
THORNBALL/small 32 {
position_in_layer 2381 580
layer_index 3
}
THORNBALL/small 33 {
position_in_layer 2366 654
layer_index 3
}
THORNBALL/small 35 {
position_in_layer 2441 619
layer_index 3
}
THORNBALL/small 36 {
position_in_layer 2372 567
layer_index 3
}
THORNBALL/small 37 {
position_in_layer 2382 557
layer_index 3
}
THORNBALL/small 38 {
position_in_layer 2369 508
layer_index 3
}
THORNBALL/big 39 {
position_in_layer 2429 508
layer_index 3
}
THORNBALL/medium 40 {
position_in_layer 2428 544
layer_index 3
}
THORNBALL/small 41 {
position_in_layer 2458 588
layer_index 3
}
THORNBALL/medium 42 {
position_in_layer 2430 592
layer_index 3
}
THORNBALL/small 43 {
position_in_layer 2458 664
layer_index 3
}
Crate/solid 45 {
position_in_layer 2540 260
layer_index 3
}
Device/Teleport 46 {
position_in_layer 2680 600
layer_index 3
}
Device/Teleport 47 {
target 46
position_in_layer 2240 560
layer_index 3
}
ortho/crocodile 88 {
anim_fwd wall_metalA_01
anim_bwd wall_metalA_01
speed_bwd 800
move_distance 3200
col_offset 0 0
col_size 40 40
position_in_layer -80 320
draw_order 1000
layer_index 3
}
Spec/Region 126 {
size 3171 40
balloon true
killer true
magneto_killer true
position_in_layer -96 754
layer_index 3
}
AcidPool 128 {
size 2 1
position_in_layer 280 440
layer_index 3
}
AcidPool 129 {
size 2 1
position_in_layer 480 440
layer_index 3
}
AcidPool 130 {
size 2 1
position_in_layer 600 440
layer_index 3
}
Crate/solid 131 {
position_in_layer 2620 260
layer_index 3
}
Break/Bridge 132 {
broken false
position_in_layer 2520 280
layer_index 3
}
Break/Bridge 133 {
broken false
position_in_layer 2600 280
layer_index 3
}
Device/Lever_S 134 {
on true
operate 136
position_in_layer 2560 320
layer_index 3
}
Spec/SignalPlexor 136 {
operate_1 133
operate_2 132
position_in_layer 2561 364
layer_index 3
}
Spec/LevelExit 137 {
closed_sprite none
opened_sprite none
position_in_layer 3320 680
layer_index 3
}
ortho/crocodile 138 {
anim_fwd wall_metalA_01
anim_bwd wall_metalA_01
speed_bwd 800
move_distance 3200
col_offset 0 0
col_size 40 40
position_in_layer -80 400
draw_order 1000
layer_index 3
}
ortho/crocodile 139 {
anim_fwd wall_metalA_01
anim_bwd wall_metalA_01
speed_bwd 800
move_distance 3200
col_offset 0 0
col_size 40 40
position_in_layer -80 480
draw_order 1000
layer_index 3
}
ortho/crocodile 140 {
anim_fwd wall_metalA_01
anim_bwd wall_metalA_01
speed_bwd 800
move_distance 3200
col_offset 0 0
col_size 40 40
position_in_layer -80 560
draw_order 1000
layer_index 3
}
ortho/crocodile 141 {
anim_fwd wall_metalA_01
anim_bwd wall_metalA_01
speed_bwd 800
move_distance 3200
col_offset 0 0
col_size 40 40
position_in_layer -80 640
draw_order 1000
layer_index 3
}
ortho/crocodile 142 {
anim_fwd spikes2_E
anim_bwd spikes2_E
speed_bwd 800
move_distance 3200
col_offset 0 0
col_size 40 40
position_in_layer -40 360
draw_order 1000
layer_index 3
}
ortho/crocodile 143 {
anim_fwd spikes2_E
anim_bwd spikes2_E
speed_bwd 800
move_distance 3200
col_offset 0 0
col_size 40 40
position_in_layer -40 400
draw_order 1000
layer_index 3
}
ortho/crocodile 144 {
anim_fwd spikes2_E
anim_bwd spikes2_E
speed_bwd 800
move_distance 3200
col_offset 0 0
col_size 40 40
position_in_layer -40 440
draw_order 1000
layer_index 3
}
ortho/crocodile 145 {
anim_fwd spikes2_E
anim_bwd spikes2_E
speed_bwd 800
move_distance 3200
col_offset 0 0
col_size 40 40
position_in_layer -40 480
draw_order 1000
layer_index 3
}
ortho/crocodile 146 {
anim_fwd spikes2_E
anim_bwd spikes2_E
speed_bwd 800
move_distance 3200
col_offset 0 0
col_size 40 40
position_in_layer -40 520
draw_order 1000
layer_index 3
}
ortho/crocodile 147 {
anim_fwd spikes2_E
anim_bwd spikes2_E
speed_bwd 800
move_distance 3200
col_offset 0 0
col_size 40 40
position_in_layer -40 560
draw_order 1000
layer_index 3
}
ortho/crocodile 148 {
anim_fwd spikes2_E
anim_bwd spikes2_E
speed_bwd 800
move_distance 3200
col_offset 0 0
col_size 40 40
position_in_layer -40 600
draw_order 1000
layer_index 3
}
ortho/crocodile 149 {
anim_fwd spikes2_E
anim_bwd spikes2_E
speed_bwd 800
move_distance 3200
col_offset 0 0
col_size 40 40
position_in_layer -40 640
draw_order 1000
layer_index 3
}
ortho/crocodile 150 {
anim_fwd spikes2_E
anim_bwd spikes2_E
speed_bwd 800
move_distance 3200
col_offset 0 0
col_size 40 40
position_in_layer -40 680
draw_order 1000
layer_index 3
}
ortho/crocodile 151 {
anim_fwd cogwheelB
anim_bwd cogwheelB
speed_bwd 800
move_distance 3200
col_offset 0 0
col_size 40 40
position_in_layer -80 720
draw_order 1000
layer_index 3
}
ortho/crocodile 152 {
anim_fwd spikes2_E
anim_bwd spikes2_E
speed_bwd 800
move_distance 3200
col_offset 0 0
col_size 40 40
position_in_layer -40 720
draw_order 1000
layer_index 3
}
ortho/crocodile 153 {
anim_fwd wall_metalA_01
anim_bwd wall_metalA_01
speed_bwd 800
move_distance 3200
col_offset 0 0
col_size 40 40
position_in_layer -120 680
draw_order 1000
layer_index 3
}
AcidPool 156 {
position_in_layer 3200 600
layer_index 3
}
} // entities
