sprite_table {
 bgr/wall_brick2 1
 bgr/wall_brick 2
 bgr/win1 3
 bgr/pipe6 4
 bgr/pipe1 5
 bgr/pipe5 6
 bgr/futro_V 7
 bgr/column1 8
 bgr/pipe3 9
 bgr/plate3 10
 bgr/column3 11
 bgr/grate 12
 bgr/pipe2 13
 bgr/plate2 14
 bgr/column2 15
 bgr/plate1 16
 bgr/win2 17
 bgr/pipe4 18
 bgr/wire1 19
 bgr/win3 20
 bgr/bigarc_top1 21
 bgr/bigarc_top2 22
 bgr/bigarc_top3 23
 bgr/bigarc_left_curve 24
 bgr/bigarc_right_curve 25
 bgr/bigarc_left 26
 bgr/bigarc_right 27
 bgr/plate4 28
 bgr/rig 29
 bgr/eyes 30
 bgr/eyes_big 31
 wall_yellow_03 32
 wall_yellowx_3 33
 wall_yellowx_4 34
 wall_yellowx_5 35
 wall_yellow_04 36
 wall_yellow_02 37
 metal_pipe_04 38
 shadow_fix_01 39
 shadow_fix_02 40
 wall_stoneA_15 41
 metal_frame 42
 metal_pipe_06 43
 wall_yellow_10 44
 metal_ramp_02 45
 wire_2V 46
 crane_magnet 47
 metal_pipejoint_01 48
 metal_pipe_09 49
 wall_metalA_02 50
 wall_yellow_09b 51
 wall_yellow_06 52
 wall_yellow_07 53
 wall_yellow_08 54
 wall_yellow_09 55
 wall_yellowx_1 56
 wall_yellowx_2 57
 wall_stoneA_03 58
 wall_yellowx_6 59
 wall_yellowx_7 60
 wall_yellowx_8 61
 wall_stoneB_02 62
 wall_noidea_11 63
 wall_stoneB_01 64
 wall_yellow_11 65
 wall_noidea_10 66
 bigcogwheel 67
 metal_pipeend 68
 metal_grate 69
 metal_fatpipe_04 70
 crane_platform 71
 wall_yellow_12 72
 metal_fatpipe_02 73
 metal_fatpipe_07 74
 metal_fatpipe_01 75
 wall_yellow_01 76
 metal_pipejoint_02 77
 metal_fatpipe_09 78
 metal_ramp_01 79
 crane01 80
 crane03 81
 crane02 82
 crane04 83
 tractor1 84
 tractor3 85
 tile/crate/solid 86
 tractor2 87
 tractor4 88
 mandi 89
 sign/exit 90
 halfplate_05 91
 thornball_big 92
} // sprite_table

layers {
clear_screen true
layer // layer 0
name noname
offset 0 0
cells_offset 160 -40
scroll_scale_factor_1 1 1
scroll_scale_factor_2 1 1
cell_size 40 40
width 39
height 20
no_cells
sprite_cells
0 0 0 0 0 0 0 0 0 0 0 0 0 0 0 0 0 0 0 0 0 0 0 0 0 0 0 0 0 0 0 0 0 0 0 0 0 0 0 0 0 0 1 0 1 0 1 0 0 0 0 0 0 0 1 0 1 0 1 0 0 0 1 0 1 0 0 0 0 0 0 0 0 0 0 0 0 0 
0 0 0 0 0 0 0 0 0 0 0 0 0 0 0 0 0 0 0 0 0 0 0 0 0 0 0 0 0 0 0 0 0 0 0 0 0 0 0 0 2 0 0 0 3 0 1 0 4 0 5 0 5 0 5 0 5 0 5 0 6 0 1 0 2 0 0 0 0 0 0 0 0 0 0 0 0 0 
0 0 0 0 0 0 0 0 0 0 1 0 1 0 1 0 0 0 0 0 0 0 0 0 1 0 1 0 1 0 0 0 1 0 1 0 1 0 0 0 0 0 0 0 0 0 1 0 1 0 1 0 1 0 1 0 1 0 1 0 1 0 1 0 0 0 0 0 1 0 1 0 0 0 0 0 0 0 
0 0 0 0 0 0 0 0 2 0 0 0 2 0 0 0 2 0 0 0 7 0 8 0 2 0 0 0 1 0 8 0 2 0 0 0 1 0 8 0 2 0 0 0 1 0 1 0 2 0 0 0 1 0 9 0 0 0 2 0 0 0 2 0 0 0 2 0 0 0 9 0 0 0 0 0 0 0 
0 0 0 0 1 0 8 0 0 0 10 0 0 0 0 0 0 0 0 0 0 0 11 0 0 0 12 0 1 0 11 0 0 0 0 0 1 0 11 0 0 0 0 0 0 0 0 0 0 0 0 0 1 0 13 0 1 0 0 0 0 0 0 0 0 0 14 0 0 0 13 0 0 0 0 0 0 0 
0 0 0 0 1 0 15 0 2 0 16 0 2 0 0 0 2 0 0 0 0 0 0 0 0 0 0 0 0 0 0 0 0 0 0 0 0 0 0 0 0 0 0 0 0 0 0 0 2 0 0 0 17 0 4 0 18 0 17 0 2 0 0 0 17 0 2 0 0 0 13 0 0 0 0 0 0 0 
0 0 0 0 0 0 11 0 0 0 0 0 0 0 0 0 0 0 0 0 19 0 0 0 0 0 0 0 0 0 0 0 0 0 0 0 0 0 0 0 0 0 0 0 0 0 1 0 0 0 0 0 0 0 1 0 13 0 0 0 0 0 0 0 0 0 0 0 0 0 13 0 0 0 0 0 0 0 
2 0 0 0 0 0 0 0 1 0 20 0 1 0 1 0 1 0 20 0 19 0 0 0 0 0 0 0 0 0 0 0 0 0 0 0 0 0 0 0 0 0 0 0 0 0 2 0 0 0 1 0 1 0 1 0 13 0 1 0 9 0 5 0 5 0 0 0 1 0 13 0 0 0 0 0 0 0 
0 0 0 0 2 0 0 0 1 0 0 0 21 0 22 0 23 0 0 0 19 0 0 0 0 0 0 0 0 0 0 0 0 0 0 0 0 0 0 0 0 0 0 0 0 0 0 0 0 0 9 0 5 0 5 0 0 0 5 0 6 0 2 0 0 0 13 0 1 0 13 0 0 0 0 0 0 0 
2 0 0 0 0 0 0 0 1 0 24 0 0 0 0 0 25 0 0 0 19 0 0 0 0 0 0 0 0 0 0 0 0 0 0 0 0 0 0 0 0 0 0 0 0 0 2 0 0 0 13 0 1 0 2 0 0 0 1 0 1 0 0 0 0 0 13 0 1 0 4 0 0 0 0 0 0 0 
0 0 0 0 2 0 0 0 1 0 0 0 0 0 0 0 0 0 0 0 19 0 0 0 2 0 0 0 2 0 0 0 2 0 0 0 1 0 0 0 0 0 0 0 0 0 0 0 0 0 13 0 2 0 0 0 0 0 17 0 9 0 5 0 5 0 6 0 2 0 0 0 0 0 0 0 0 0 
2 0 0 0 0 0 0 0 1 0 26 0 0 0 0 0 0 0 27 0 19 0 0 0 0 0 0 0 0 0 0 0 0 0 0 0 0 0 0 0 5 0 18 0 0 0 0 0 5 0 6 0 0 0 0 0 1 0 0 0 13 0 1 0 14 0 1 0 0 0 0 0 0 0 0 0 0 0 
0 0 0 0 0 0 0 0 1 0 26 0 0 0 0 0 0 0 27 0 19 0 0 0 2 0 0 0 2 0 0 0 2 0 0 0 2 0 0 0 1 0 13 0 8 0 1 0 1 0 21 0 22 0 23 0 1 0 9 0 6 0 21 0 22 0 23 0 2 0 0 0 0 0 0 0 0 0 
2 0 0 0 0 0 0 0 1 0 26 0 0 0 0 0 0 0 27 0 19 0 0 0 0 0 0 0 0 0 0 0 0 0 0 0 0 0 0 0 9 0 6 0 15 0 1 0 24 0 0 0 0 0 25 0 0 0 0 0 24 0 0 0 0 0 25 0 0 0 0 0 0 0 0 0 0 0 
0 0 0 0 7 0 7 0 1 0 26 0 0 0 0 0 0 0 27 0 19 0 0 0 0 0 0 0 0 0 0 0 0 0 0 0 0 0 0 0 13 0 1 0 15 0 1 0 0 0 0 0 0 0 0 0 0 0 8 0 0 0 0 0 0 0 0 0 0 0 1 0 0 0 0 0 0 0 
12 0 12 0 0 0 0 0 1 0 26 0 0 0 0 0 0 0 0 0 0 0 0 0 0 0 0 0 0 0 0 0 0 0 0 0 0 0 0 0 13 0 1 0 15 0 1 0 26 0 0 0 0 0 0 0 27 0 15 0 26 0 0 0 0 0 0 0 27 0 2 0 0 0 2 0 0 0 
1 0 1 0 1 0 1 0 1 0 1 0 1 0 1 0 1 0 1 0 1 0 0 0 1 0 1 0 1 0 1 0 1 0 1 0 1 0 0 0 6 0 1 0 15 0 1 0 26 0 0 0 0 0 0 0 27 0 15 0 26 0 0 0 0 0 0 0 27 0 0 0 0 0 0 0 0 0 
0 0 0 0 0 0 0 0 0 0 0 0 0 0 0 0 0 0 0 0 0 0 0 0 5 0 5 0 5 0 5 0 5 0 5 0 5 0 5 0 5 0 0 0 11 0 1 0 26 0 0 0 0 0 0 0 27 0 11 0 26 0 0 0 0 0 0 0 27 0 1 0 0 0 0 0 5 0 
0 0 0 0 0 0 0 0 0 0 0 0 0 0 0 0 0 0 0 0 0 0 0 0 10 0 10 0 14 0 10 0 10 0 10 0 10 0 2 0 0 0 0 0 0 0 0 0 0 0 0 0 0 0 0 0 0 0 0 0 0 0 0 0 0 0 0 0 0 0 0 0 0 0 2 0 0 0 
0 0 0 0 0 0 0 0 0 0 0 0 0 0 0 0 0 0 0 0 0 0 0 0 10 0 10 0 10 0 10 0 10 0 10 0 28 0 0 0 0 0 1 0 1 0 12 0 1 0 12 0 1 0 1 0 29 0 0 0 1 0 1 0 12 0 1 0 12 0 1 0 1 0 0 0 0 0 
decorations 4
1192 542 30 0
1463 556 30 4859
1479 522 30 535
1236 611 31 0

layer // layer 1
name noname
offset 15 15
cells_offset 120 -80
scroll_scale_factor_1 1 1
scroll_scale_factor_2 1 1
cell_size 40 40
width 40
height 21
shadow
no_cells
sprite_cells
0 0 0 0 0 0 0 0 0 0 0 0 0 0 0 0 0 0 0 0 0 0 0 0 0 0 0 0 0 0 0 0 0 0 0 0 0 0 0 0 0 0 0 0 0 0 0 0 0 0 0 0 0 0 0 0 0 0 0 0 0 0 32 0 0 0 32 0 0 0 0 0 0 0 0 0 0 0 0 0 
0 0 0 0 0 0 0 0 0 0 0 0 0 0 0 0 0 0 0 0 0 0 0 0 0 0 0 0 0 0 0 0 0 0 0 0 0 0 0 0 32 0 0 0 33 0 34 0 35 0 32 0 0 0 36 0 33 0 34 0 35 0 32 0 0 0 32 0 0 0 0 0 0 0 0 0 0 0 0 0 
0 0 0 0 0 0 0 0 0 0 0 0 0 0 0 0 0 0 0 0 0 0 0 0 0 0 0 0 0 0 0 0 0 0 0 0 0 0 0 0 37 0 0 0 0 0 0 0 0 0 0 0 0 0 0 0 0 0 0 0 0 0 0 0 0 0 0 0 38 0 32 0 0 0 0 0 0 0 0 0 
0 0 0 0 0 0 0 0 37 0 36 0 33 0 34 0 35 0 32 0 0 0 32 0 0 0 33 0 34 0 35 0 36 0 33 0 34 0 35 0 0 0 0 0 0 0 0 0 0 0 0 0 0 0 0 0 0 0 39 0 0 0 0 0 0 0 0 0 0 0 0 0 0 0 0 0 0 0 0 0 
0 0 0 0 32 0 0 0 0 0 0 0 0 0 0 0 0 0 0 0 0 0 39 0 0 0 0 0 0 0 0 0 0 0 0 0 0 0 0 0 0 0 0 0 0 0 0 0 39 0 0 0 0 0 0 0 40 0 36 0 0 0 0 0 0 0 0 0 0 0 0 0 0 0 0 0 0 0 0 0 
0 0 0 0 37 0 0 0 0 0 0 0 0 0 0 0 0 0 40 0 32 0 0 0 0 0 0 0 0 0 0 0 0 0 0 0 0 0 0 0 0 0 0 0 0 0 0 0 37 0 0 0 0 0 0 0 0 0 0 0 0 0 0 0 0 0 0 0 0 0 0 0 0 0 0 0 0 0 0 0 
0 0 0 0 0 0 39 0 0 0 0 0 0 0 0 0 0 0 0 0 40 0 36 0 0 0 0 0 0 0 0 0 0 0 0 0 0 0 0 0 0 0 0 0 0 0 37 0 0 0 0 0 0 0 0 0 0 0 0 0 0 0 0 0 0 0 0 0 0 0 0 0 0 0 0 0 0 0 0 0 
32 0 0 0 32 0 0 0 39 0 0 0 0 0 0 0 0 0 0 0 0 0 0 0 0 0 0 0 0 0 0 0 0 0 0 0 0 0 0 0 0 0 0 0 0 0 0 0 0 0 0 0 0 0 0 0 0 0 0 0 0 0 0 0 0 0 0 0 39 0 0 0 0 0 0 0 0 0 0 0 
37 0 0 0 41 0 32 0 0 0 0 0 0 0 0 0 0 0 0 0 0 0 0 0 0 0 0 0 0 0 0 0 0 0 0 0 0 0 0 0 0 0 0 0 0 0 37 0 0 0 0 0 0 0 0 0 0 0 39 0 0 0 0 0 0 0 40 0 36 0 0 0 0 0 0 0 0 0 0 0 
0 0 0 0 41 0 0 0 37 0 0 0 0 0 0 0 0 0 0 0 0 0 0 0 0 0 0 0 0 0 0 0 0 0 0 0 0 0 0 0 0 0 0 0 0 0 0 0 0 0 0 0 0 0 0 0 40 0 36 0 0 0 0 0 0 0 0 0 0 0 0 0 0 0 0 0 0 0 0 0 
37 0 0 0 41 0 0 0 0 0 0 0 0 0 0 0 0 0 0 0 0 0 0 0 0 0 0 0 0 0 0 0 0 0 0 0 0 0 0 0 0 0 0 0 0 0 37 0 0 0 0 0 0 0 0 0 0 0 0 0 0 0 0 0 0 0 0 0 0 0 0 0 0 0 0 0 0 0 0 0 
0 0 0 0 41 0 0 0 37 0 0 0 0 0 0 0 0 0 39 0 0 0 0 0 0 0 36 0 36 0 36 0 36 0 36 0 36 0 36 0 37 0 32 0 0 0 0 0 39 0 0 0 0 0 0 0 0 0 0 0 0 0 0 0 0 0 0 0 0 0 0 0 0 0 0 0 0 0 0 0 
37 0 0 0 41 0 0 0 0 0 0 0 0 0 0 0 0 0 36 0 0 0 0 0 0 0 36 0 42 0 0 0 36 0 0 0 36 0 36 0 0 0 0 0 40 0 32 0 0 0 0 0 0 0 0 0 0 0 0 0 0 0 0 0 0 0 0 0 0 0 0 0 0 0 0 0 0 0 0 0 
0 0 33 0 35 0 0 0 37 0 0 0 0 0 0 0 0 0 0 0 0 0 0 0 0 0 36 0 0 0 0 0 36 0 0 0 36 0 0 0 37 0 0 0 0 0 0 0 0 0 0 0 0 0 0 0 0 0 0 0 39 0 0 0 0 0 0 0 0 0 0 0 0 0 0 0 0 0 0 0 
37 0 0 0 40 0 36 0 0 0 0 0 0 0 0 0 0 0 0 0 0 0 0 0 0 0 36 0 43 0 43 0 0 0 0 0 36 0 0 0 0 0 0 0 0 0 0 0 0 0 0 0 0 0 0 0 0 0 40 0 36 0 0 0 0 0 0 0 0 0 0 0 0 0 0 0 0 0 0 0 
0 0 0 0 0 0 0 0 39 0 0 0 0 0 0 0 0 0 0 0 0 0 0 0 0 0 0 0 0 0 0 0 0 0 0 0 0 0 0 0 37 0 0 0 0 0 0 0 0 0 0 0 0 0 0 0 0 0 0 0 0 0 0 0 0 0 0 0 0 0 0 0 0 0 32 0 0 0 36 0 
37 0 0 0 0 0 0 0 44 0 0 0 0 0 0 0 0 0 0 0 0 0 0 0 32 0 0 0 32 0 0 0 32 0 0 0 32 0 0 0 0 0 0 0 0 0 0 0 0 0 0 0 0 0 0 0 0 0 0 0 0 0 0 0 0 0 0 0 0 0 0 0 0 0 0 0 0 0 0 0 
0 0 36 0 45 0 45 0 36 0 45 0 45 0 45 0 36 0 45 0 45 0 0 0 37 0 32 0 0 0 32 0 0 0 32 0 0 0 32 0 0 0 0 0 0 0 0 0 0 0 0 0 0 0 0 0 0 0 0 0 0 0 0 0 0 0 0 0 0 0 0 0 0 0 0 0 39 0 0 0 
0 0 0 0 0 0 0 0 0 0 0 0 0 0 0 0 0 0 0 0 0 0 0 0 0 0 0 0 46 0 0 0 0 0 0 0 39 0 0 0 41 0 0 0 36 0 0 0 0 0 0 0 0 0 0 0 0 0 0 0 0 0 0 0 0 0 0 0 0 0 0 0 0 0 32 0 0 0 0 0 
0 0 0 0 0 0 0 0 0 0 0 0 0 0 0 0 0 0 0 0 0 0 0 0 37 0 0 0 47 0 0 0 0 0 0 0 37 0 0 0 41 0 40 0 32 0 0 0 32 0 0 0 32 0 0 0 32 0 0 0 32 0 0 0 32 0 0 0 32 0 0 0 32 0 0 0 0 0 0 0 
0 0 0 0 0 0 0 0 0 0 0 0 0 0 0 0 0 0 0 0 0 0 0 0 0 0 32 0 0 0 0 0 32 0 0 0 0 0 0 0 41 0 0 0 0 0 0 0 0 0 0 0 0 0 0 0 0 0 0 0 0 0 0 0 0 0 0 0 0 0 0 0 0 0 0 0 0 0 0 0 
decorations 0

layer // layer 2
name Main
offset 0 0
cells_offset 120 -80
scroll_scale_factor_1 1 1
scroll_scale_factor_2 1 1
cell_size 40 40
width 41
height 22
cells
0 0 0 0 0 0 0 0 0 0 0 0 0 0 0 0 0 0 0 0 0 0 0 0 0 0 0 0 0 0 0 0 0 0 0 0 0 0 0 0 0 
0 0 0 0 0 0 0 0 0 0 0 0 0 0 0 0 0 0 0 0 2 2 2 2 2 2 2 2 2 2 2 12290 12290 12290 2 2 0 0 0 0 0 
0 0 0 0 0 0 0 0 0 0 0 0 0 0 0 0 0 0 0 0 2 0 0 0 0 0 0 0 0 0 0 0 0 0 12482 2 2 2 0 0 0 
2 2 2 2 2 2 2 2 2 2 2 2 2 2 2 2 2 2 2 2 2 0 0 0 0 0 0 0 0 0 0 0 0 0 0 0 0 2 0 0 0 
2 2 2 2 2 0 0 0 0 0 0 0 0 0 0 0 0 0 0 0 0 0 0 0 0 0 0 0 0 14042 0 0 0 0 0 0 0 2 0 0 0 
2 2 2 0 0 0 0 0 0 0 194 2 0 0 0 0 0 0 0 0 0 0 2 2 2 0 0 0 0 0 0 0 0 0 0 0 0 2 0 0 0 
2 2 2 0 0 0 0 0 0 0 0 2 2 2 2 2 2 2 2 2 2 2 2 2 2 0 0 0 0 0 0 0 0 0 0 0 0 2 0 0 0 
2 2 2 2 0 0 0 0 0 0 0 0 2 0 0 0 0 0 0 0 0 0 0 2 0 0 0 0 0 0 0 0 0 0 0 0 0 2 0 0 0 
2 0 0 2 2 0 0 0 0 0 0 0 2 0 0 0 0 0 0 0 0 0 0 2 0 0 0 0 0 0 0 0 0 0 14042 0 0 2 0 0 0 
2 0 0 0 2 0 0 0 0 0 0 0 2 0 0 0 0 0 0 0 0 0 0 2 0 0 0 0 0 14042 0 0 0 0 0 0 0 2 0 0 0 
2 0 0 0 2 0 0 0 0 0 0 0 2 0 0 0 0 0 0 0 0 0 0 2 0 0 0 0 0 0 0 0 0 0 0 0 0 2 0 0 0 
2 0 0 0 2 0 0 0 0 0 0 0 2 0 0 0 0 0 0 0 2 2 2 2 0 0 0 0 0 0 0 0 0 0 0 0 0 2 0 0 0 
2 0 0 0 2 0 0 2 2 2 0 0 2 0 0 0 0 0 0 0 1538 0 0 12482 13850 0 0 0 0 0 0 0 0 0 0 0 0 2 0 0 0 
2 2 2 2 2 0 0 0 0 0 0 0 2 0 0 0 0 0 0 0 2 0 0 0 0 0 0 0 0 0 0 0 0 0 0 0 0 2 0 0 0 
2 0 0 2 2 0 0 0 0 0 0 0 2 0 0 2 0 0 0 0 2 0 0 0 0 0 0 0 0 0 14042 0 0 0 0 0 0 2 0 0 0 
2 0 0 0 0 0 0 0 0 0 0 0 2 2 2 2 2 2 2 2 2 0 0 0 0 0 0 0 0 0 0 0 0 0 0 0 0 2 2 12290 2 
2 0 0 2 2 0 0 0 2 2 2 2 2 0 0 0 0 0 0 0 2 0 0 0 0 0 0 0 0 0 0 0 0 0 0 0 0 0 0 0 2 
2 2 2 2 2 2 2 2 2 2 2 2 2 0 0 0 0 0 0 0 1538 0 0 0 0 0 0 0 0 0 0 0 0 0 0 0 0 0 0 0 2 
0 0 0 0 0 0 0 0 0 0 0 0 0 0 0 0 0 0 0 0 2 0 2 0 0 0 0 0 0 0 0 0 0 0 0 0 0 2 2 0 2 
0 0 0 0 0 0 0 0 0 0 0 0 0 0 0 0 0 0 0 0 2 0 2 2 2 2 2 2 2 2 2 2 2 2 2 2 2 2 0 0 2 
0 0 0 0 0 0 0 0 0 0 0 0 0 0 0 0 0 0 0 0 2 0 0 0 0 0 0 0 0 0 0 0 0 0 0 0 0 0 0 0 2 
0 0 0 0 0 0 0 0 0 0 0 0 0 0 0 0 0 0 0 0 2 2 2 2 2 2 2 2 2 2 2 2 2 2 2 2 2 2 2 2 2 
sprite_cells
0 0 0 0 0 0 0 0 0 0 0 0 0 0 0 0 0 0 0 0 0 0 0 0 0 0 0 0 0 0 0 0 0 0 0 0 0 0 0 0 0 0 0 0 0 0 0 0 0 0 0 0 0 0 0 0 0 0 0 0 32 0 0 0 32 0 0 0 32 0 0 0 0 0 0 0 0 0 0 0 0 0 
32 0 0 0 32 0 0 0 32 0 0 0 32 0 0 0 32 0 0 0 32 0 0 0 32 0 0 0 32 0 0 0 32 0 0 0 32 0 0 0 32 0 0 0 33 0 34 0 35 0 36 0 36 0 36 0 33 0 34 0 35 0 48 0 49 0 49 0 50 0 37 0 36 0 32 0 0 0 32 0 0 0 
51 0 32 0 0 0 32 0 0 0 32 0 0 0 32 0 0 0 32 0 0 0 32 0 0 0 32 0 0 0 32 0 0 0 32 0 0 0 32 0 0 0 0 0 0 0 0 0 0 0 0 0 0 0 0 0 0 0 0 0 0 0 0 0 0 0 0 0 38 0 0 0 32 0 0 0 32 0 0 0 52 0 
36 0 36 0 37 0 53 0 54 0 55 0 33 0 34 0 35 0 53 0 54 0 55 0 56 0 33 0 34 0 35 0 57 0 33 0 34 0 35 0 56 0 0 0 0 0 0 0 0 0 0 0 0 0 0 0 0 0 0 0 0 0 0 0 0 0 0 0 0 0 0 0 0 0 32 0 0 0 32 0 0 0 
32 0 0 0 0 0 32 0 0 0 0 0 0 0 0 0 0 0 0 0 0 0 0 0 0 0 0 0 0 0 0 0 0 0 0 0 0 0 0 0 0 0 0 0 0 0 0 0 0 0 0 0 0 0 0 0 0 0 50 0 0 0 0 0 0 0 0 0 0 0 0 0 0 0 52 0 32 0 0 0 52 0 
52 0 52 0 52 0 0 0 0 0 0 0 0 0 0 0 0 0 0 0 32 0 0 0 0 0 0 0 0 0 0 0 0 0 0 0 0 0 0 0 0 0 0 0 58 0 36 0 58 0 0 0 0 0 0 0 0 0 0 0 0 0 0 0 0 0 0 0 0 0 0 0 0 0 32 0 0 0 32 0 0 0 
52 0 52 0 52 0 0 0 0 0 0 0 0 0 0 0 0 0 0 0 0 0 32 0 0 0 59 0 60 0 61 0 59 0 60 0 61 0 59 0 60 0 61 0 36 0 62 0 36 0 0 0 0 0 0 0 0 0 0 0 0 0 0 0 0 0 0 0 0 0 0 0 0 0 52 0 32 0 0 0 52 0 
32 0 0 0 32 0 0 0 0 0 0 0 0 0 0 0 0 0 0 0 0 0 0 0 36 0 63 0 64 0 0 0 63 0 64 0 0 0 63 0 64 0 0 0 63 0 36 0 0 0 0 0 0 0 0 0 0 0 0 0 0 0 0 0 0 0 0 0 0 0 0 0 0 0 32 0 0 0 32 0 0 0 
36 0 0 0 41 0 32 0 0 0 0 0 0 0 0 0 0 0 0 0 0 0 0 0 65 0 66 0 67 0 0 0 66 0 67 0 0 0 66 0 67 0 0 0 66 0 65 0 0 0 0 0 0 0 0 0 0 0 0 0 0 0 0 0 0 0 0 0 68 0 0 0 0 0 52 0 32 0 0 0 52 0 
65 0 0 0 41 0 0 0 65 0 0 0 0 0 0 0 0 0 0 0 0 0 0 0 44 0 66 0 0 0 0 0 66 0 0 0 0 0 66 0 0 0 0 0 66 0 44 0 0 0 0 0 0 0 0 0 0 0 69 0 0 0 0 0 0 0 0 0 0 0 0 0 0 0 32 0 0 0 32 0 0 0 
44 0 0 0 41 0 0 0 44 0 0 0 0 0 0 0 0 0 0 0 0 0 0 0 44 0 66 0 64 0 0 0 66 0 64 0 0 0 66 0 64 0 0 0 66 0 36 0 0 0 0 0 0 0 0 0 0 0 0 0 0 0 0 0 0 0 0 0 0 0 0 0 0 0 52 0 32 0 0 0 52 0 
44 0 0 0 41 0 0 0 44 0 0 0 0 0 0 0 0 0 0 0 0 0 0 0 36 0 70 0 69 0 71 0 70 0 71 0 71 0 71 0 36 0 32 0 0 0 62 0 0 0 0 0 0 0 0 0 0 0 0 0 0 0 0 0 0 0 0 0 0 0 0 0 0 0 32 0 0 0 32 0 0 0 
44 0 0 0 41 0 0 0 44 0 0 0 0 0 56 0 72 0 57 0 0 0 0 0 65 0 73 0 42 0 0 0 73 0 0 0 74 0 75 0 50 0 0 0 0 0 50 0 50 0 0 0 0 0 0 0 0 0 0 0 0 0 0 0 0 0 0 0 0 0 0 0 0 0 52 0 32 0 0 0 52 0 
36 0 33 0 35 0 76 0 0 0 0 0 0 0 0 0 0 0 0 0 0 0 0 0 44 0 73 0 0 0 0 0 73 0 0 0 73 0 0 0 37 0 0 0 0 0 0 0 0 0 0 0 0 0 0 0 0 0 0 0 0 0 0 0 0 0 0 0 0 0 0 0 0 0 32 0 0 0 36 0 37 0 
37 0 0 0 0 0 0 0 0 0 0 0 0 0 0 0 0 0 0 0 0 0 0 0 44 0 77 0 43 0 43 0 68 0 75 0 78 0 0 0 0 0 0 0 0 0 0 0 0 0 0 0 0 0 0 0 0 0 0 0 50 0 0 0 0 0 0 0 0 0 0 0 0 0 76 0 0 0 36 0 0 0 
0 0 0 0 0 0 0 0 0 0 0 0 0 0 0 0 0 0 0 0 0 0 0 0 36 0 32 0 0 0 32 0 0 0 32 0 0 0 32 0 0 0 0 0 0 0 0 0 0 0 0 0 0 0 0 0 0 0 0 0 0 0 0 0 0 0 0 0 0 0 0 0 0 0 0 0 0 0 50 0 37 0 
37 0 0 0 0 0 32 0 0 0 0 0 0 0 0 0 32 0 0 0 32 0 0 0 37 0 36 0 32 0 0 0 32 0 0 0 32 0 0 0 36 0 0 0 0 0 0 0 0 0 0 0 0 0 0 0 0 0 0 0 0 0 0 0 0 0 0 0 0 0 0 0 0 0 0 0 0 0 0 0 0 0 
0 0 79 0 45 0 45 0 79 0 45 0 45 0 45 0 79 0 45 0 45 0 79 0 0 0 80 0 81 0 82 0 82 0 82 0 82 0 83 0 50 0 0 0 0 0 0 0 0 0 0 0 0 0 0 0 0 0 0 0 0 0 0 0 0 0 0 0 0 0 0 0 0 0 0 0 0 0 0 0 37 0 
32 0 0 0 32 0 0 0 32 0 0 0 36 0 32 0 0 0 32 0 0 0 32 0 0 0 0 0 46 0 0 0 0 0 0 0 0 0 0 0 41 0 0 0 36 0 0 0 0 0 0 0 0 0 0 0 0 0 0 0 0 0 0 0 0 0 0 0 0 0 0 0 0 0 32 0 0 0 0 0 0 0 
0 0 0 0 0 0 0 0 0 0 0 0 0 0 0 0 0 0 0 0 0 0 0 0 37 0 0 0 47 0 0 0 84 0 85 0 0 0 0 0 41 0 0 0 32 0 0 0 32 0 0 0 36 0 32 0 0 0 36 0 36 0 32 0 0 0 36 0 36 0 36 0 32 0 0 0 0 0 0 0 36 0 
0 0 0 0 0 0 0 0 0 0 0 0 0 0 0 0 0 0 0 0 0 0 0 0 0 0 86 0 86 0 0 0 87 0 88 0 0 0 0 0 41 0 0 0 0 0 0 0 0 0 0 0 0 0 0 0 0 0 0 0 0 0 0 0 0 0 0 0 0 0 0 0 0 0 0 0 0 0 0 0 37 0 
0 0 0 0 0 0 0 0 0 0 0 0 0 0 0 0 0 0 0 0 0 0 0 0 32 0 0 0 32 0 0 0 32 0 0 0 32 0 0 0 32 0 0 0 32 0 0 0 36 0 32 0 0 0 36 0 36 0 32 0 0 0 32 0 0 0 36 0 36 0 36 0 32 0 0 0 59 0 60 0 0 0 
decorations 4
1620 600 89 0
1619 632 90 0
521 120 91 0
260 460 56 0

layer // layer 3
name noname
offset 0 0
cells_offset 1000 120
scroll_scale_factor_1 1 1
scroll_scale_factor_2 1 1
cell_size 40 40
width 3
height 1
no_cells
sprite_cells
62 0 0 0 62 0 
decorations 1
1108 131 92 0

} // layers

entities { 
hero/Magneto 5 {
position_in_layer 360 520
layer_index 2
}
Crate/solid 14 {
position_in_layer 340 580
layer_index 2
}
Crate/solid 15 {
position_in_layer 420 580
layer_index 2
}
Crate/solid 23 {
position_in_layer 380 580
layer_index 2
}
ortho/crocodile 27 {
speed_fwd 50
speed_bwd 50
position_in_layer 319 276
layer_index 2
}
ortho/crocodile 31 {
anim_fwd pinkbat
anim_bwd pinkbat
speed_fwd 60
speed_bwd 60
move_distance 240
col_offset 5 5
col_size 30 20
position_in_layer 322 445
layer_index 2
}
ortho/crocodile 33 {
forward false
anim_fwd pinkbat
anim_bwd pinkbat
speed_fwd 120
speed_bwd 60
move_distance 240
col_offset 5 5
col_size 30 20
position_in_layer 555 482
layer_index 2
}
shooter/drop 34 {
shot_delay 500 500
shot_delay2 2000 2000
position_in_layer 459 100
layer_index 2
}
Device/Respawn 35 {
position_in_layer 180 560
layer_index 2
}
teeth40_N 38 {
position_in_layer 1280 260
layer_index 2
}
Device/Respawn 39 {
position_in_layer 1080 360
layer_index 2
}
THORNBALL/big 41 {
anim_left none
position_in_layer 1104 132
layer_index 2
}
spikes40_N 42 {
delay_to_fwd 2000
delay_to_bwd 2000
start_delay 500 500
position_in_layer 1000 120
layer_index 2
}
spikes40_N 43 {
position_in_layer 1080 120
layer_index 2
}
Device/Respawn 45 {
position_in_layer 840 120
layer_index 2
}
Crate/solid 46 {
position_in_layer 500 380
layer_index 2
}
Crate/solid 47 {
position_in_layer 420 380
layer_index 2
}
Crate/solid 48 {
position_in_layer 460 380
layer_index 2
}
Spec/LevelExit 49 {
closed_sprite none
opened_sprite none
position_in_layer 1620 600
layer_index 2
}
AcidPool 50 {
size 14 1
position_in_layer 1040 640
layer_index 2
}
thorns/small_N 51 {
position_in_layer 1009 621
layer_index 2
}
steelspikes_omni 52 {
position_in_layer 420 180
layer_index 2
}
shooter/drop 54 {
position_in_layer 740 405
layer_index 2
}
Spec/Region 55 {
size 304 289
position_in_layer 1235 10
layer_index 2
}
Spec/Region 56 {
size 304 289
position_in_layer 1090 330
layer_index 2
}
fly/greenbat 57 {
speed 40 40
change_dir_delay 1500 2000
region 55
position_in_layer 1411 97
layer_index 2
}
fly/pinkbat 58 {
speed 40 40
region 56
position_in_layer 1189 429
layer_index 2
}
SoundMachine 59 {
size 240 40
position_in_layer 727 262
layer_index 2
}
} // entities
