sprite_table {
 blueplate_19 1
 blueplate_08 2
 blueplate_12 3
 blueplate_23 4
 blueplate_00 5
 blueplate_11 6
 blueplate_07 7
 blueplate_17 8
 blueplate_20 9
 blueplate_05 10
 blueplate_06 11
 blueplate_15 12
 blueplate_10 13
 blueplate_13 14
 blueplate_02 15
 blueplate_01 16
 blueplate_03 17
 blueplate_16 18
 blueplate_18 19
 blueplate_09 20
 wall_yellow_04 21
 wall_yellowx_3 22
 wall_yellowx_4 23
 wall_yellowx_5 24
 wall_yellow_03 25
 halfplate_06 26
 wall_yellow_02 27
 metal_pipe_01 28
 metal_pipe_06 29
 shadow_fix_02 30
 shadow_fix_01 31
 metal_ramp_01 32
 wall_stoneA_14 33
 metal_pipejoint_01 34
 wall_stoneB_02 35
 wall_metalA_03 36
 wall_metalA_02 37
 wall_stoneB_01 38
 nogumS 39
 halfplate_02 40
 metal_grate 41
 wall_metalA_01 42
 pistyV 43
 metal_fatpipe_01 44
 metal_fatpipe_03 45
 metal_fatpipe_08 46
 wall_noidea_11 47
 nobubble_field 48
 cogwheelA 49
 halfplate_04b 50
 brownpipe2 51
 metal_fatpipe_04 52
 wall_noidea_10 53
 wall_yellow_01 54
 metal_fatpipe_02 55
 wall_tech_20 56
 wall_stoneB_00 57
 pipeend_2 58
 metal_pipe_09 59
 metal_fatpipe_10 60
 metal_fatpipe_07 61
 metal_fatpipe_09 62
 wall_yellowx_6 63
 wall_yellowx_7 64
 wall_yellowx_8 65
 wall_stoneA_15 66
 halfplate_13b 67
 metal_pipeend 68
 bigcogwheel 69
 halfplate_07 70
 halfplate_13 71
 wire_2H 72
 wire_2S 73
 wire_2V 74
 acid_tank0 75
 comp05 76
 robot_head 77
 wire_2W 78
 comp02 79
 comp06 80
 acid_tank1 81
 wire_3E 82
 wire_3S 83
 comp01 84
 comp03 85
 wall_stoneA_03 86
 mandi 87
 nogumN 88
 metal_ring1 89
 bgr/diode02 90
 yellow_half_1 91
 halfplate_04 92
 sign/exit 93
 acid_tank_glass 94
 comp_arrow3 95
 monitorlineB 96
 comp_sinus 97
 cogwheelB 98
 wall_tech_44 99
 wall_tech_41 100
 wall_tech_46 101
 wall_yellow_07 102
 wall_yellow_08 103
 wall_yellow_09 104
} // sprite_table

layers {
clear_screen true
layer // layer 0
name noname
offset 0 0
cells_offset 360 0
scroll_scale_factor_1 1 1
scroll_scale_factor_2 1 1
cell_size 40 40
width 30
height 28
no_cells
sprite_cells
0 0 0 0 0 0 0 0 0 0 0 0 0 0 0 0 1 0 1 0 1 0 1 0 1 0 0 0 0 0 0 0 0 0 0 0 0 0 0 0 0 0 0 0 0 0 0 0 0 0 0 0 0 0 0 0 0 0 0 0 
0 0 0 0 0 0 0 0 0 0 0 0 0 0 0 0 1 0 0 0 0 0 0 0 1 0 0 0 0 0 0 0 0 0 0 0 0 0 0 0 0 0 0 0 0 0 0 0 0 0 0 0 0 0 0 0 0 0 0 0 
0 0 0 0 0 0 2 0 0 0 0 0 1 0 1 0 1 0 0 0 0 0 0 0 0 0 0 0 0 0 0 0 0 0 0 0 0 0 0 0 0 0 0 0 0 0 0 0 0 0 0 0 0 0 0 0 0 0 0 0 
0 0 0 0 0 0 2 0 0 0 0 0 0 0 0 0 0 0 0 0 0 0 0 0 0 0 0 0 0 0 0 0 0 0 0 0 0 0 0 0 0 0 0 0 0 0 0 0 0 0 0 0 0 0 0 0 0 0 0 0 
0 0 0 0 0 0 2 0 0 0 0 0 1 0 1 0 1 0 0 0 0 0 1 0 1 0 1 0 1 0 0 0 1 0 1 0 1 0 1 0 1 0 1 0 1 0 1 0 0 0 0 0 0 0 0 0 0 0 0 0 
0 0 0 0 0 0 2 0 0 0 3 0 1 0 1 0 1 0 3 0 3 0 1 0 1 0 1 0 1 0 3 0 1 0 4 0 4 0 1 0 1 0 4 0 4 0 1 0 0 0 0 0 0 0 0 0 0 0 0 0 
0 0 0 0 5 0 2 0 0 0 0 0 1 0 1 0 1 0 1 0 1 0 6 0 6 0 6 0 6 0 1 0 1 0 4 0 4 0 1 0 1 0 4 0 4 0 1 0 0 0 0 0 0 0 0 0 0 0 0 0 
0 0 0 0 5 0 2 0 0 0 0 0 0 0 0 0 0 0 0 0 0 0 0 0 0 0 0 0 0 0 0 0 1 0 1 0 1 0 0 0 1 0 1 0 1 0 1 0 0 0 0 0 0 0 0 0 0 0 0 0 
0 0 0 0 5 0 2 0 0 0 0 0 5 0 5 0 7 0 5 0 5 0 5 0 7 0 5 0 5 0 0 0 8 0 8 0 8 0 8 0 8 0 8 0 0 0 0 0 0 0 0 0 0 0 0 0 0 0 0 0 
0 0 0 0 0 0 9 0 9 0 0 0 5 0 10 0 7 0 5 0 5 0 5 0 7 0 5 0 5 0 0 0 0 0 0 0 0 0 0 0 0 0 0 0 1 0 0 0 0 0 0 0 0 0 0 0 0 0 0 0 
0 0 0 0 0 0 2 0 0 0 0 0 5 0 5 0 7 0 5 0 5 0 5 0 7 0 5 0 5 0 0 0 1 0 1 0 1 0 0 0 1 0 1 0 0 0 0 0 0 0 0 0 0 0 0 0 0 0 0 0 
0 0 0 0 0 0 2 0 0 0 0 0 10 0 5 0 7 0 5 0 5 0 5 0 7 0 5 0 5 0 0 0 1 0 1 0 1 0 0 0 1 0 1 0 0 0 11 0 11 0 11 0 11 0 11 0 11 0 11 0 
0 0 0 0 0 0 2 0 0 0 0 0 5 0 5 0 7 0 5 0 10 0 5 0 7 0 5 0 5 0 0 0 8 0 8 0 8 0 8 0 8 0 8 0 12 0 11 0 11 0 11 0 11 0 11 0 11 0 11 0 
0 0 0 0 0 0 9 0 9 0 0 0 5 0 5 0 7 0 5 0 5 0 5 0 7 0 5 0 5 0 0 0 0 0 0 0 0 0 0 0 0 0 0 0 0 0 11 0 11 0 11 0 11 0 11 0 11 0 0 0 
0 0 0 0 0 0 2 0 0 0 0 0 5 0 5 0 7 0 5 0 5 0 5 0 7 0 10 0 5 0 0 0 0 0 0 0 0 0 0 0 0 0 0 0 0 0 0 0 0 0 0 0 0 0 0 0 0 0 0 0 
0 0 0 0 0 0 2 0 0 0 0 0 5 0 5 0 7 0 10 0 5 0 5 0 7 0 5 0 5 0 0 0 0 0 0 0 0 0 0 0 0 0 0 0 0 0 0 0 0 0 0 0 0 0 0 0 0 0 0 0 
0 0 0 0 0 0 2 0 0 0 0 0 5 0 5 0 7 0 5 0 5 0 5 0 7 0 10 0 5 0 0 0 0 0 0 0 0 0 0 0 0 0 0 0 0 0 0 0 0 0 0 0 0 0 0 0 0 0 0 0 
0 0 0 0 0 0 9 0 9 0 0 0 5 0 10 0 7 0 5 0 5 0 5 0 7 0 10 0 5 0 0 0 0 0 0 0 0 0 0 0 0 0 0 0 0 0 0 0 0 0 0 0 0 0 0 0 0 0 0 0 
0 0 0 0 0 0 2 0 0 0 0 0 5 0 5 0 7 0 5 0 5 0 5 0 7 0 5 0 5 0 0 0 0 0 0 0 0 0 0 0 0 0 0 0 0 0 0 0 0 0 0 0 0 0 0 0 0 0 0 0 
0 0 0 0 0 0 2 0 0 0 0 0 0 0 0 0 0 0 0 0 0 0 0 0 0 0 0 0 0 0 0 0 0 0 0 0 0 0 0 0 0 0 0 0 0 0 0 0 0 0 0 0 0 0 0 0 0 0 0 0 
0 0 0 0 0 0 2 0 0 0 0 0 0 0 0 0 0 0 0 0 0 0 0 0 0 0 0 0 0 0 0 0 0 0 0 0 0 0 0 0 0 0 0 0 0 0 0 0 0 0 0 0 0 0 0 0 0 0 0 0 
0 0 0 0 0 0 9 0 9 0 0 0 0 0 0 0 0 0 0 0 0 0 0 0 0 0 0 0 0 0 0 0 0 0 0 0 0 0 0 0 0 0 0 0 0 0 0 0 0 0 0 0 0 0 0 0 0 0 0 0 
0 0 0 0 0 0 2 0 0 0 0 0 0 0 0 0 0 0 0 0 0 0 0 0 0 0 0 0 0 0 0 0 0 0 0 0 0 0 0 0 0 0 0 0 0 0 0 0 0 0 0 0 0 0 0 0 0 0 0 0 
0 0 0 0 0 0 2 0 0 0 0 0 0 0 0 0 0 0 0 0 0 0 0 0 0 0 0 0 0 0 0 0 0 0 0 0 0 0 0 0 0 0 0 0 0 0 0 0 0 0 0 0 0 0 0 0 0 0 0 0 
0 0 0 0 0 0 2 0 0 0 0 0 0 0 0 0 0 0 0 0 0 0 0 0 0 0 0 0 0 0 0 0 0 0 0 0 0 0 0 0 0 0 0 0 0 0 0 0 0 0 0 0 0 0 0 0 0 0 0 0 
13 0 13 0 0 0 9 0 9 0 0 0 0 0 0 0 0 0 0 0 0 0 0 0 0 0 0 0 0 0 0 0 0 0 0 0 0 0 0 0 0 0 0 0 0 0 0 0 0 0 0 0 0 0 0 0 0 0 0 0 
14 0 14 0 6 0 2 0 0 0 15 0 15 0 15 0 16 0 16 0 16 0 17 0 16 0 16 0 16 0 18 0 8 0 18 0 8 0 18 0 8 0 18 0 8 0 19 0 18 0 2 0 0 0 2 0 0 0 20 0 
0 0 0 0 6 0 2 0 0 0 0 0 0 0 0 0 0 0 0 0 0 0 0 0 0 0 0 0 0 0 0 0 0 0 0 0 0 0 0 0 0 0 0 0 0 0 0 0 0 0 5 0 2 0 0 0 2 0 0 0 
decorations 0

layer // layer 1
name noname
offset 15 15
cells_offset 320 0
scroll_scale_factor_1 1 1
scroll_scale_factor_2 1 1
cell_size 40 40
width 31
height 28
shadow
no_cells
sprite_cells
0 0 0 0 0 0 0 0 0 0 0 0 0 0 0 0 21 0 22 0 23 0 23 0 23 0 24 0 0 0 0 0 0 0 0 0 0 0 0 0 0 0 0 0 0 0 0 0 0 0 0 0 0 0 0 0 0 0 0 0 0 0 
0 0 0 0 0 0 25 0 0 0 0 0 21 0 0 0 21 0 0 0 0 0 0 0 0 0 26 0 0 0 0 0 0 0 0 0 0 0 0 0 0 0 0 0 0 0 0 0 0 0 0 0 0 0 0 0 0 0 0 0 0 0 
0 0 0 0 0 0 27 0 0 0 28 0 21 0 29 0 29 0 29 0 0 0 0 0 0 0 0 0 0 0 0 0 0 0 0 0 0 0 0 0 0 0 0 0 0 0 0 0 0 0 0 0 0 0 0 0 0 0 0 0 0 0 
0 0 0 0 0 0 0 0 0 0 0 0 25 0 0 0 25 0 0 0 0 0 27 0 25 0 0 0 25 0 0 0 27 0 25 0 0 0 25 0 0 0 25 0 0 0 25 0 0 0 0 0 0 0 0 0 0 0 0 0 0 0 
0 0 0 0 0 0 27 0 0 0 30 0 21 0 0 0 0 0 30 0 21 0 0 0 0 0 0 0 0 0 30 0 0 0 0 0 0 0 0 0 0 0 0 0 0 0 0 0 0 0 0 0 0 0 0 0 0 0 0 0 0 0 
0 0 0 0 27 0 0 0 0 0 0 0 31 0 0 0 0 0 0 0 0 0 0 0 0 0 0 0 0 0 0 0 31 0 0 0 0 0 0 0 0 0 0 0 0 0 0 0 0 0 0 0 0 0 0 0 0 0 0 0 0 0 
0 0 0 0 0 0 0 0 0 0 0 0 21 0 0 0 0 0 0 0 32 0 32 0 0 0 0 0 0 0 0 0 32 0 0 0 0 0 0 0 31 0 0 0 0 0 0 0 0 0 0 0 0 0 0 0 0 0 0 0 0 0 
0 0 0 0 27 0 0 0 0 0 0 0 25 0 0 0 25 0 0 0 25 0 0 0 25 0 0 0 25 0 0 0 21 0 33 0 33 0 33 0 21 0 0 0 0 0 0 0 0 0 0 0 0 0 0 0 0 0 0 0 0 0 
0 0 0 0 0 0 31 0 0 0 0 0 27 0 0 0 0 0 0 0 0 0 0 0 0 0 0 0 0 0 0 0 27 0 0 0 0 0 0 0 0 0 0 0 0 0 0 0 0 0 0 0 0 0 0 0 0 0 0 0 0 0 
0 0 0 0 0 0 27 0 0 0 0 0 0 0 0 0 0 0 0 0 0 0 0 0 0 0 0 0 0 0 0 0 0 0 0 0 0 0 0 0 0 0 0 0 0 0 0 0 0 0 0 0 0 0 0 0 0 0 0 0 0 0 
0 0 0 0 0 0 0 0 0 0 0 0 27 0 0 0 0 0 0 0 0 0 0 0 0 0 0 0 0 0 0 0 27 0 0 0 0 0 28 0 27 0 0 0 0 0 27 0 25 0 0 0 25 0 0 0 25 0 0 0 0 0 
0 0 0 0 0 0 27 0 0 0 0 0 0 0 0 0 0 0 0 0 0 0 0 0 0 0 0 0 0 0 0 0 0 0 0 0 30 0 34 0 0 0 0 0 30 0 0 0 0 0 0 0 0 0 0 0 0 0 0 0 0 0 
0 0 0 0 0 0 0 0 0 0 0 0 27 0 0 0 0 0 0 0 0 0 0 0 0 0 0 0 0 0 0 0 27 0 0 0 0 0 0 0 0 0 0 0 0 0 0 0 0 0 0 0 0 0 0 0 0 0 0 0 0 0 
0 0 0 0 0 0 27 0 0 0 0 0 0 0 0 0 0 0 0 0 0 0 0 0 0 0 0 0 0 0 0 0 0 0 0 0 0 0 0 0 0 0 0 0 0 0 0 0 0 0 0 0 0 0 0 0 0 0 0 0 0 0 
0 0 0 0 0 0 0 0 0 0 0 0 27 0 0 0 0 0 0 0 0 0 0 0 0 0 0 0 0 0 0 0 0 0 0 0 0 0 0 0 0 0 0 0 0 0 0 0 0 0 0 0 0 0 0 0 0 0 0 0 0 0 
0 0 0 0 0 0 27 0 0 0 0 0 0 0 0 0 0 0 0 0 0 0 0 0 0 0 0 0 0 0 0 0 0 0 0 0 0 0 0 0 0 0 0 0 0 0 0 0 0 0 0 0 0 0 0 0 0 0 0 0 0 0 
0 0 0 0 0 0 0 0 0 0 0 0 27 0 0 0 0 0 0 0 0 0 0 0 0 0 0 0 0 0 0 0 0 0 0 0 0 0 0 0 0 0 0 0 0 0 0 0 0 0 0 0 0 0 0 0 0 0 0 0 0 0 
0 0 0 0 0 0 27 0 0 0 0 0 0 0 0 0 0 0 0 0 0 0 0 0 0 0 0 0 0 0 0 0 0 0 0 0 0 0 0 0 0 0 0 0 0 0 0 0 0 0 0 0 0 0 0 0 0 0 0 0 0 0 
0 0 0 0 0 0 0 0 0 0 0 0 27 0 0 0 0 0 0 0 0 0 0 0 0 0 0 0 0 0 0 0 0 0 0 0 0 0 0 0 0 0 0 0 0 0 0 0 0 0 0 0 0 0 0 0 0 0 0 0 0 0 
0 0 0 0 0 0 27 0 0 0 0 0 0 0 0 0 0 0 0 0 0 0 0 0 0 0 0 0 0 0 0 0 0 0 0 0 0 0 0 0 0 0 0 0 0 0 0 0 0 0 0 0 0 0 0 0 0 0 0 0 0 0 
0 0 0 0 0 0 0 0 0 0 0 0 0 0 0 0 0 0 0 0 0 0 0 0 0 0 0 0 0 0 0 0 0 0 0 0 0 0 0 0 0 0 0 0 0 0 0 0 0 0 0 0 0 0 0 0 0 0 0 0 0 0 
0 0 0 0 0 0 27 0 0 0 0 0 0 0 0 0 0 0 0 0 0 0 0 0 0 0 0 0 0 0 0 0 0 0 0 0 0 0 0 0 0 0 0 0 0 0 0 0 0 0 0 0 0 0 0 0 0 0 0 0 0 0 
0 0 0 0 0 0 0 0 0 0 0 0 0 0 0 0 0 0 0 0 0 0 0 0 0 0 0 0 0 0 0 0 0 0 0 0 0 0 0 0 0 0 0 0 0 0 0 0 0 0 0 0 0 0 0 0 0 0 0 0 0 0 
0 0 0 0 0 0 27 0 0 0 0 0 0 0 0 0 0 0 0 0 0 0 0 0 0 0 0 0 0 0 0 0 0 0 0 0 0 0 0 0 0 0 0 0 0 0 0 0 0 0 0 0 0 0 0 0 0 0 0 0 0 0 
0 0 0 0 0 0 0 0 0 0 0 0 0 0 0 0 0 0 0 0 0 0 0 0 0 0 0 0 0 0 0 0 0 0 0 0 0 0 0 0 0 0 0 0 0 0 0 0 0 0 0 0 0 0 0 0 0 0 0 0 0 0 
27 0 22 0 24 0 21 0 0 0 30 0 25 0 0 0 25 0 0 0 25 0 0 0 25 0 0 0 25 0 0 0 25 0 0 0 25 0 0 0 25 0 0 0 25 0 0 0 25 0 0 0 25 0 0 0 25 0 0 0 21 0 
0 0 0 0 0 0 0 0 0 0 0 0 0 0 0 0 0 0 0 0 0 0 0 0 0 0 0 0 0 0 0 0 0 0 0 0 0 0 0 0 0 0 0 0 0 0 0 0 0 0 0 0 0 0 0 0 0 0 0 0 0 0 
27 0 0 0 0 0 0 0 0 0 0 0 0 0 0 0 0 0 0 0 0 0 0 0 0 0 0 0 0 0 0 0 0 0 0 0 0 0 0 0 0 0 0 0 0 0 0 0 0 0 0 0 0 0 0 0 0 0 0 0 0 0 
decorations 0

layer // layer 2
name Main
offset 0 0
cells_offset 320 0
scroll_scale_factor_1 1 1
scroll_scale_factor_2 1 1
cell_size 40 40
width 33
height 30
cells
0 0 0 0 0 0 0 0 0 0 0 0 0 0 0 0 0 0 0 0 0 0 0 0 0 0 0 0 0 0 0 0 0 
0 0 0 2 2 2 2 0 0 0 0 0 0 0 0 0 0 0 0 0 0 0 0 0 0 0 0 0 0 0 0 0 0 
0 0 0 2 0 0 2 0 0 0 0 0 0 0 0 0 0 0 0 0 0 0 0 0 0 0 0 0 0 0 0 0 0 
0 0 0 2 0 0 2 2 2 2 2 2 2 12290 12290 2 2 2 2 2 2 2 12290 12290 12290 2 0 0 0 0 0 0 0 
0 0 0 2 0 0 2 0 0 0 2 2 0 0 0 0 2 0 0 0 0 0 0 0 0 2 0 0 0 0 0 0 0 
0 0 2 2 0 0 0 0 0 0 0 0 0 0 0 0 0 0 0 0 0 0 0 0 0 2 0 0 0 0 0 0 0 
0 0 2 0 0 0 2 0 0 0 2 2 0 0 0 0 2 0 0 0 0 0 0 0 0 2 0 0 0 0 0 0 0 
0 0 2 0 0 0 2 2 2 2 2 2 2 2 2 2 2 2 2 2 2 0 0 0 0 2 0 0 0 0 0 0 0 
0 0 2 0 0 0 194 0 0 0 0 0 0 0 0 0 2 0 0 0 0 0 0 218 2 2 0 0 0 0 0 0 0 
0 0 2 2 0 0 194 0 0 0 0 0 0 0 0 0 2 0 0 0 0 0 0 194 0 0 0 0 0 0 0 0 0 
0 0 0 2 0 0 194 0 0 0 0 0 0 0 0 0 2 0 0 218 2 0 0 194 2 2 2 2 2 2 2 0 0 
0 0 0 2 0 0 194 0 0 0 0 0 0 0 0 0 2 0 0 12482 2 0 0 194 0 0 0 0 0 0 194 0 0 
0 0 0 2 0 0 194 0 0 0 0 0 0 0 0 0 2 0 0 0 0 0 0 0 0 0 0 0 0 0 194 0 0 
0 0 0 2 0 0 194 0 0 0 0 0 0 0 0 0 2 0 0 0 0 0 0 0 0 0 0 0 0 0 194 0 0 
0 0 0 2 0 0 194 0 0 0 0 0 0 0 0 0 2 2 2 2 2 2 2 2 2 2 2 2 2 2 2 0 0 
0 0 0 2 0 0 194 0 0 0 0 0 0 0 0 0 2 0 0 0 0 0 0 0 0 0 0 0 0 0 0 0 0 
0 0 0 2 0 0 194 0 0 0 0 0 0 0 0 0 2 0 0 0 0 0 0 0 0 0 0 0 0 0 0 0 0 
0 0 0 2 0 0 194 0 0 0 0 0 0 0 0 0 2 0 0 0 0 0 0 0 0 0 0 0 0 0 0 0 0 
0 0 0 2 0 0 194 0 0 0 0 0 0 0 0 0 2 0 0 0 0 0 0 0 0 0 0 0 0 0 0 0 0 
0 0 0 2 0 0 194 2 2 2 2 2 2 2 2 2 2 0 0 0 0 0 0 0 0 0 0 0 0 0 0 0 0 
0 0 0 2 0 0 194 0 0 0 0 0 0 0 0 0 0 0 0 0 0 0 0 0 0 0 0 0 0 0 0 0 0 
0 0 0 2 0 0 194 0 0 0 0 0 0 0 0 0 0 0 0 0 0 0 0 0 0 0 0 0 0 0 0 0 0 
0 0 0 2 0 0 194 0 0 0 0 0 0 0 0 0 0 0 0 0 0 0 0 0 0 0 0 0 0 0 0 0 0 
0 0 0 2 0 0 194 0 0 0 0 0 0 0 0 0 0 0 0 0 0 0 0 0 0 0 0 0 0 0 0 0 0 
0 0 0 2 0 0 194 0 0 0 0 0 0 0 0 0 0 0 0 0 0 0 0 0 0 0 0 0 0 0 0 0 0 
2 2 2 2 0 0 2 2 2 2 2 2 2 2 2 2 12290 12290 12290 12290 12290 12290 12290 12290 12290 12290 2 2 2 2 2 2 0 
2 0 0 0 0 0 0 0 0 0 0 0 0 0 0 0 0 0 0 0 0 0 0 0 0 0 0 0 0 0 0 2 0 
2 0 0 0 0 0 0 0 0 0 0 0 0 0 0 0 0 0 0 0 0 0 0 0 2 0 0 0 0 0 0 2 0 
2 2 2 2 2 2 2 2 2 2 2 2 2 2 2 2 2 2 2 2 2 2 2 2 2 2 2 2 2 2 2 2 0 
0 0 0 0 0 0 0 0 0 0 0 0 0 0 0 0 0 0 0 0 0 0 0 0 0 0 0 0 0 0 0 0 0 
sprite_cells
0 0 0 0 21 0 25 0 0 0 25 0 0 0 25 0 0 0 22 0 23 0 23 0 23 0 24 0 21 0 27 0 21 0 21 0 25 0 0 0 27 0 35 0 36 0 0 0 37 0 38 0 0 0 0 0 0 0 0 0 0 0 0 0 0 0 
0 0 0 0 25 0 0 0 39 0 39 0 21 0 21 0 21 0 40 0 37 0 41 0 37 0 26 0 21 0 0 0 21 0 25 0 0 0 21 0 0 0 35 0 42 0 43 0 37 0 44 0 45 0 46 0 0 0 0 0 0 0 0 0 0 0 
0 0 0 0 27 0 47 0 48 0 48 0 29 0 29 0 29 0 29 0 49 0 37 0 49 0 50 0 51 0 51 0 51 0 51 0 51 0 51 0 51 0 51 0 0 0 0 0 42 0 38 0 0 0 52 0 0 0 0 0 0 0 0 0 0 0 
0 0 0 0 0 0 53 0 48 0 48 0 25 0 0 0 25 0 0 0 21 0 25 0 0 0 21 0 25 0 0 0 25 0 0 0 21 0 21 0 25 0 0 0 36 0 0 0 0 0 54 0 0 0 55 0 0 0 0 0 0 0 0 0 0 0 
0 0 0 0 27 0 53 0 48 0 48 0 21 0 0 0 0 0 0 0 56 0 56 0 0 0 0 0 0 0 0 0 56 0 0 0 0 0 0 0 0 0 0 0 0 0 0 0 0 0 0 0 0 0 52 0 0 0 0 0 0 0 0 0 0 0 
0 0 0 0 0 0 21 0 48 0 48 0 0 0 0 0 0 0 0 0 0 0 0 0 0 0 0 0 0 0 0 0 0 0 0 0 0 0 0 0 0 0 0 0 0 0 0 0 0 0 57 0 57 0 55 0 0 0 0 0 0 0 0 0 0 0 
0 0 0 0 21 0 0 0 48 0 48 0 21 0 0 0 0 0 0 0 32 0 32 0 0 0 0 0 0 0 0 0 32 0 0 0 0 0 0 0 0 0 0 0 0 0 0 0 0 0 0 0 0 0 52 0 0 0 0 0 0 0 0 0 0 0 
0 0 0 0 27 0 0 0 48 0 48 0 25 0 0 0 25 0 0 0 25 0 0 0 21 0 25 0 0 0 25 0 0 0 33 0 33 0 33 0 21 0 0 0 0 0 0 0 0 0 54 0 0 0 55 0 0 0 0 0 0 0 0 0 0 0 
0 0 0 0 0 0 0 0 48 0 48 0 37 0 0 0 0 0 0 0 0 0 0 0 0 0 0 0 0 0 0 0 27 0 0 0 0 0 0 0 0 0 0 0 0 0 37 0 21 0 0 0 0 0 52 0 0 0 0 0 0 0 0 0 0 0 
0 0 0 0 27 0 21 0 48 0 48 0 42 0 0 0 0 0 0 0 0 0 0 0 0 0 0 0 0 0 0 0 0 0 0 0 0 0 0 0 0 0 0 0 0 0 58 0 59 0 59 0 34 0 41 0 44 0 44 0 46 0 27 0 0 0 
0 0 0 0 0 0 47 0 48 0 48 0 0 0 0 0 0 0 0 0 0 0 0 0 0 0 0 0 0 0 0 0 27 0 0 0 0 0 28 0 27 0 0 0 0 0 37 0 25 0 0 0 25 0 0 0 25 0 0 0 55 0 0 0 0 0 
0 0 0 0 27 0 53 0 48 0 48 0 42 0 0 0 0 0 0 0 0 0 0 0 0 0 0 0 0 0 0 0 0 0 0 0 0 0 34 0 0 0 0 0 0 0 21 0 0 0 0 0 0 0 0 0 0 0 0 0 60 0 46 0 0 0 
0 0 0 0 0 0 53 0 48 0 48 0 0 0 0 0 0 0 0 0 0 0 0 0 0 0 0 0 0 0 0 0 27 0 0 0 0 0 0 0 0 0 0 0 0 0 0 0 0 0 0 0 0 0 0 0 0 0 0 0 61 0 62 0 0 0 
0 0 0 0 27 0 21 0 48 0 48 0 42 0 0 0 0 0 0 0 0 0 0 0 0 0 0 0 0 0 0 0 0 0 0 0 0 0 0 0 0 0 0 0 0 0 0 0 0 0 0 0 0 0 0 0 0 0 0 0 55 0 27 0 0 0 
0 0 0 0 0 0 47 0 48 0 48 0 0 0 0 0 0 0 0 0 0 0 0 0 0 0 0 0 0 0 0 0 21 0 63 0 64 0 65 0 63 0 64 0 65 0 63 0 64 0 65 0 63 0 64 0 64 0 65 0 55 0 0 0 0 0 
0 0 0 0 27 0 53 0 48 0 48 0 37 0 0 0 0 0 0 0 0 0 0 0 0 0 0 0 0 0 0 0 42 0 0 0 66 0 0 0 0 0 37 0 67 0 67 0 37 0 59 0 59 0 59 0 59 0 59 0 68 0 21 0 0 0 
0 0 0 0 0 0 53 0 48 0 48 0 37 0 0 0 0 0 0 0 0 0 0 0 0 0 0 0 0 0 0 0 0 0 0 0 66 0 0 0 0 0 41 0 69 0 0 0 50 0 0 0 25 0 0 0 25 0 0 0 21 0 21 0 0 0 
0 0 0 0 27 0 21 0 48 0 48 0 37 0 0 0 0 0 0 0 0 0 0 0 0 0 0 0 0 0 0 0 44 0 51 0 51 0 51 0 51 0 37 0 0 0 0 0 70 0 0 0 0 0 0 0 0 0 0 0 0 0 0 0 0 0 
0 0 0 0 0 0 47 0 48 0 48 0 37 0 0 0 0 0 0 0 0 0 0 0 0 0 0 0 0 0 0 0 42 0 0 0 0 0 0 0 0 0 71 0 71 0 71 0 0 0 0 0 0 0 0 0 0 0 0 0 0 0 0 0 0 0 
0 0 0 0 27 0 53 0 48 0 48 0 36 0 0 0 36 0 0 0 36 0 0 0 36 0 0 0 36 0 0 0 0 0 72 0 72 0 72 0 72 0 72 0 72 0 72 0 73 0 0 0 0 0 0 0 0 0 0 0 0 0 0 0 0 0 
0 0 0 0 0 0 53 0 48 0 48 0 37 0 74 0 66 0 0 0 75 0 0 0 75 0 0 0 0 0 66 0 0 0 0 0 0 0 0 0 0 0 0 0 0 0 0 0 74 0 0 0 0 0 0 0 0 0 0 0 0 0 0 0 0 0 
76 0 77 0 27 0 21 0 48 0 48 0 76 0 78 0 66 0 0 0 0 0 0 0 0 0 0 0 0 0 66 0 0 0 0 0 0 0 0 0 0 0 0 0 0 0 0 0 74 0 0 0 0 0 0 0 0 0 0 0 0 0 0 0 0 0 
79 0 80 0 0 0 47 0 48 0 48 0 37 0 0 0 66 0 0 0 81 0 0 0 81 0 0 0 0 0 66 0 0 0 0 0 0 0 0 0 0 0 0 0 0 0 0 0 82 0 72 0 72 0 83 0 72 0 72 0 73 0 0 0 0 0 
54 0 0 0 27 0 53 0 48 0 48 0 37 0 0 0 66 0 0 0 0 0 0 0 0 0 0 0 0 0 66 0 0 0 0 0 0 0 0 0 0 0 0 0 0 0 0 0 84 0 0 0 85 0 0 0 79 0 0 0 84 0 0 0 0 0 
0 0 0 0 0 0 53 0 48 0 48 0 37 0 0 0 0 0 0 0 0 0 0 0 0 0 0 0 0 0 0 0 0 0 0 0 0 0 0 0 0 0 0 0 0 0 0 0 0 0 25 0 0 0 25 0 0 0 25 0 0 0 57 0 0 0 
27 0 22 0 24 0 21 0 48 0 48 0 56 0 56 0 56 0 86 0 86 0 86 0 86 0 86 0 86 0 86 0 37 0 37 0 37 0 37 0 37 0 37 0 37 0 37 0 37 0 37 0 25 0 0 0 25 0 0 0 21 0 0 0 57 0 
0 0 0 0 0 0 0 0 48 0 48 0 0 0 0 0 0 0 0 0 0 0 0 0 0 0 0 0 0 0 0 0 0 0 0 0 0 0 0 0 0 0 0 0 0 0 0 0 0 0 0 0 0 0 0 0 0 0 0 0 0 0 57 0 0 0 
27 0 0 0 0 0 0 0 48 0 48 0 0 0 0 0 0 0 0 0 0 0 0 0 0 0 0 0 0 0 0 0 0 0 0 0 0 0 0 0 0 0 0 0 0 0 0 0 86 0 0 0 0 0 0 0 0 0 87 0 0 0 0 0 57 0 
0 0 63 0 64 0 65 0 88 0 88 0 56 0 56 0 56 0 86 0 86 0 86 0 86 0 86 0 86 0 86 0 86 0 86 0 86 0 86 0 86 0 86 0 86 0 86 0 86 0 21 0 25 0 0 0 25 0 0 0 21 0 57 0 0 0 
0 0 0 0 0 0 0 0 0 0 0 0 0 0 0 0 0 0 0 0 0 0 0 0 0 0 0 0 0 0 0 0 0 0 0 0 0 0 0 0 0 0 0 0 0 0 0 0 0 0 25 0 0 0 25 0 0 0 25 0 0 0 0 0 0 0 
decorations 22
1240 440 70 0
860 80 51 0
860 79 89 0
1193 79 89 0
1035 80 89 0
1258 515 90 0
1258 518 90 0
880 120 67 0
840 120 67 0
532 79 28 0
560 100 91 0
680 80 92 0
1480 1113 93 0
1153 681 89 0
1074 680 89 0
1040 680 89 0
1000 680 89 0
742 846 94 0
822 846 94 0
572 848 95 0
566 848 96 0
324 851 97 0

layer // layer 3
name noname
offset 0 0
cells_offset 320 960
scroll_scale_factor_1 1 1
scroll_scale_factor_2 1 1
cell_size 40 40
width 26
height 7
no_cells
sprite_cells
0 0 0 0 0 0 0 0 0 0 0 0 0 0 21 0 25 0 0 0 21 0 98 0 21 0 25 0 0 0 21 0 98 0 21 0 98 0 98 0 25 0 0 0 98 0 25 0 0 0 0 0 
0 0 0 0 0 0 0 0 0 0 0 0 0 0 0 0 0 0 25 0 0 0 99 0 25 0 0 0 25 0 0 0 99 0 91 0 99 0 99 0 91 0 91 0 99 0 91 0 91 0 91 0 
0 0 0 0 0 0 0 0 0 0 0 0 0 0 0 0 0 0 0 0 0 0 0 0 0 0 0 0 0 0 0 0 0 0 0 0 0 0 0 0 0 0 0 0 0 0 0 0 0 0 0 0 
0 0 0 0 0 0 0 0 0 0 0 0 0 0 0 0 0 0 0 0 0 0 0 0 0 0 0 0 0 0 0 0 0 0 0 0 0 0 0 0 0 0 0 0 0 0 0 0 100 0 0 0 
0 0 0 0 0 0 0 0 0 0 0 0 0 0 0 0 0 0 99 0 25 0 0 0 27 0 99 0 99 0 27 0 99 0 99 0 99 0 27 0 99 0 99 0 27 0 27 0 101 0 0 0 
102 0 103 0 103 0 103 0 103 0 103 0 103 0 103 0 104 0 98 0 21 0 21 0 0 0 98 0 98 0 0 0 98 0 98 0 98 0 0 0 98 0 98 0 0 0 0 0 98 0 0 0 
0 0 0 0 0 0 0 0 0 0 0 0 0 0 0 0 91 0 91 0 91 0 91 0 91 0 91 0 91 0 91 0 91 0 91 0 91 0 91 0 91 0 91 0 91 0 91 0 91 0 91 0 
decorations 23
960 1000 67 0
1000 1000 67 0
1120 1000 67 0
1160 1000 67 0
1240 1000 67 0
1041 1000 67 0
1081 1000 67 0
1200 1000 67 0
1280 1000 67 0
1320 1000 67 0
940 940 91 0
981 940 91 0
1021 940 91 0
1061 940 91 0
1101 940 91 0
1180 940 91 0
1221 940 91 0
1141 940 91 0
900 940 91 0
860 940 91 0
740 940 91 0
780 940 91 0
820 940 91 0

} // layers

entities { 
shooter/drop 1 {
shot_delay 2000 2000
position_in_layer 540 140
layer_index 2
}
hero/Magneto 3 {
position_in_layer 1420 520
layer_index 2
}
Device/Respawn 4 {
position_in_layer 380 1080
layer_index 2
}
spikes_N 5 {
position_in_layer 680 1120
layer_index 2
}
spikes_S 6 {
start_delay 1000 2000
position_in_layer 760 960
layer_index 2
}
spikes_N 9 {
position_in_layer 840 1120
layer_index 2
}
spikes_N 10 {
start_delay 750 750
position_in_layer 880 1120
layer_index 2
}
spikes40_S 11 {
delay_to_fwd 1000
delay_to_bwd 1000
start_delay 750 750
position_in_layer 960 1000
layer_index 2
}
spikes40_S 12 {
start_delay 2000 2000
position_in_layer 1040 1000
layer_index 2
}
spikes40_S 13 {
position_in_layer 1080 1000
layer_index 2
}
spikes40_N 15 {
start_delay 1500 1500
fwd_sound none
bwd_sound none
position_in_layer 1040 1120
layer_index 2
}
spikes40_N 16 {
position_in_layer 1000 1120
layer_index 2
}
spikes40_N 17 {
start_delay 1500 1500
position_in_layer 960 1120
layer_index 2
}
spikes_N 18 {
start_delay 750 750
position_in_layer 1120 1120
layer_index 2
}
spikes_N 19 {
start_delay 250 250
position_in_layer 1160 1120
layer_index 2
}
spikes_S 20 {
delay_to_fwd 2000
delay_to_bwd 1000
start_delay 1500 1500
position_in_layer 1200 960
layer_index 2
}
spikes40_N 21 {
position_in_layer 1280 1080
layer_index 2
}
spikes40_E 22 {
fwd_sound none
bwd_sound none
position_in_layer 1280 1080
layer_index 2
}
spikes40_W 23 {
fwd_sound none
bwd_sound none
position_in_layer 1280 1080
layer_index 2
}
Spec/LevelExit 24 {
closed_sprite none
opened_sprite none
position_in_layer 1480 1080
layer_index 2
}
Spec/Region 25 {
size 240 240
position_in_layer 1000 320
layer_index 2
}
happyblue 30 {
anim_left rednose_punk
speed 100 100
angle 45 45
col_offset 1 10
col_size 12 12
region 25
position_in_layer 1159 527
layer_index 2
}
Device/Respawn 32 {
position_in_layer 1120 240
layer_index 2
}
Device/Respawn 34 {
position_in_layer 640 240
layer_index 2
}
teeth80_N 35 {
position_in_layer 800 260
layer_index 2
}
teeth80_N 36 {
position_in_layer 880 260
layer_index 2
}
Device/Teleport 37 {
target 42
looping_sound none
position_in_layer 920 240
layer_index 2
}
Device/Teleport 42 {
target 51
flash_in_sound none
flash_out_sound none
looping_sound none
position_in_layer 880 240
layer_index 2
}
Crate/solid 45 {
position_in_layer 940 220
layer_index 2
}
Device/Teleport 51 {
target 52
flash_in_sound none
flash_out_sound none
looping_sound none
position_in_layer 840 240
layer_index 2
}
Device/Teleport 52 {
target 37
looping_sound none
position_in_layer 800 240
layer_index 2
}
Spec/Region 56 {
size 80 1040
balloon true
killer true
position_in_layer 480 80
layer_index 2
}
happyblue 57 {
anim_left rednose_punk
speed 100 100
angle 45 45
col_offset 1 10
col_size 12 12
region 25
position_in_layer 1002 404
layer_index 2
}
happyblue 58 {
anim_left rednose_punk
speed 100 100
angle 45 45
col_offset 1 10
col_size 12 12
region 25
position_in_layer 1142 318
layer_index 2
}
Device/Respawn 59 {
position_in_layer 920 1080
layer_index 2
}
AcidPool 60 {
size 9 9
position_in_layer 600 400
layer_index 2
}
Device/Teleport 61 {
target 52
flash_in_sound none
flash_out_sound none
looping_sound none
position_in_layer 820 240
layer_index 2
}
Device/Teleport 62 {
target 51
flash_in_sound none
flash_out_sound none
position_in_layer 860 240
layer_index 2
}
Device/Teleport 63 {
target 42
looping_sound none
position_in_layer 900 240
layer_index 2
}
ortho/seahorse 65 {
region 72
position_in_layer 664 550
layer_index 2
}
ortho/piranha 67 {
region 72
position_in_layer 661 705
layer_index 2
}
Spec/Region 72 {
size 335 336
position_in_layer 611 412
layer_index 2
}
ortho/piranha 73 {
region 72
position_in_layer 838 672
layer_index 2
}
ortho/piranha 74 {
region 72
position_in_layer 861 548
layer_index 2
}
ortho/piranha 75 {
region 72
position_in_layer 644 462
layer_index 2
}
ortho/piranha 76 {
region 72
position_in_layer 888 425
layer_index 2
}
ortho/seahorse 77 {
region 72
position_in_layer 777 398
layer_index 2
}
ortho/seahorse 78 {
region 72
position_in_layer 804 552
layer_index 2
}
SoundMachine 79 {
position_in_layer 1216 657
layer_index 2
}
SoundMachine 80 {
position_in_layer 1240 59
layer_index 2
}
SoundComputer 81 {
position_in_layer 1384 881
layer_index 2
}
SoundTV 82 {
size 20 20
position_in_layer 570 847
layer_index 2
}
SoundComputer 83 {
position_in_layer 316 835
layer_index 2
}
} // entities
