sprite_table {
 bgr/plate_01 1
 bluetech_02 2
 bluetech_01 3
 bluetech_15 4
 bgr/plate_04 5
 bgr/plate_03 6
 bgr/plate_06 7
 bgr/plate_13 8
 bluetech_12 9
 bluetech_08 10
 bgr/plate_wire_2 11
 bluetech_04 12
 bluetech_06 13
 bluetech_11 14
 bluetech_09 15
 bluetech_13 16
 bluetech_14 17
 bluetech_10 18
 bgr/hugepipe01 19
 bgr/hugepipe02 20
 bgr/hugepipe04 21
 bgr/plate_wire_1 22
 bluetech_07 23
 bgr/hugepipe03 24
 bgr/bulkhead 25
 bgr/diode05V 26
 bgr/diode05H 27
 bgr/diode03 28
 bgr/diode02 29
 bgr/diode01 30
 bgr/diode04 31
 wall_yellow_04 32
 wall_yellowx_3 33
 wall_yellowx_4 34
 wall_yellowx_5 35
 wall_yellow_02 36
 wall_yellow_03 37
 metal_fatpipe_09 38
 shadow_fix_02 39
 shadow_fix_01 40
 spikes2_S2 41
 metal_grate 42
 metal_pipe_05 43
 crane01 44
 crane02 45
 crane03 46
 wall_stoneA_14 47
 crane_grab 48
 charlie_head1 49
 tractor4 50
 wall_metalA_02 51
 crane10 52
 metal_pipe_10 53
 crane_platform 54
 metal_pipejoint_04 55
 crane_rope 56
 wall_yellow_01 57
 metal_fatpipe_10 58
 metal_fatpipe_01 59
 metal_fatpipe_03 60
 bgr/plate_11 61
 nobubble_field 62
 wall_yellow_11 63
 metal_pipeend 64
 wall_yellow_10 65
 wall_yellowx_6 66
 wall_yellowx_7 67
 wall_yellowx_8 68
 wall_yellow_09b 69
 crane04 70
 metal_pipejoint_02 71
 metal_fatpipe_04 72
 tractor1 73
 tractor3 74
 wall_metalA_03 75
 charlie_head0 76
 wall_stoneB_00 77
 wall_yellow_06 78
 tractor2 79
 wall_stoneA_03 80
 crane12 81
 crane13 82
 crane14 83
 wall_noidea_12 84
 wall_noidea_13 85
 bigcogwheel 86
 charlie_key_L 87
 metal_ring3 88
 halfplate_04 89
 halfplate_02 90
 mandi 91
 sign/electricity 92
 sign/exit 93
 sign/arrow4 94
 bigeye 95
 sign/arrow2 96
 wire_2N 97
 wire_2S 98
 wire_2V 99
 brownpipe1 100
 wire_2E 101
 wire_2W 102
} // sprite_table

layers {
clear_screen true
layer // layer 0
name noname
offset 0 0
cells_offset -480 -320
scroll_scale_factor_1 1 1
scroll_scale_factor_2 1 1
cell_size 40 40
width 37
height 25
no_cells
sprite_cells
0 0 0 0 0 0 0 0 0 0 0 0 0 0 1 0 1 0 1 0 0 0 0 0 0 0 0 0 0 0 0 0 0 0 0 0 0 0 0 0 0 0 0 0 0 0 0 0 0 0 0 0 0 0 0 0 0 0 0 0 0 0 0 0 0 0 0 0 0 0 0 0 0 0 
0 0 0 0 0 0 0 0 0 0 0 0 0 0 1 0 1 0 1 0 1 0 0 0 0 0 0 0 0 0 0 0 0 0 0 0 0 0 0 0 0 0 0 0 0 0 0 0 0 0 0 0 0 0 0 0 0 0 0 0 0 0 0 0 0 0 0 0 0 0 0 0 0 0 
2 0 0 0 0 0 0 0 0 0 2 0 2 0 1 0 0 0 1 0 1 0 0 0 0 0 0 0 0 0 0 0 0 0 0 0 0 0 0 0 0 0 0 0 0 0 0 0 0 0 0 0 0 0 0 0 0 0 0 0 0 0 0 0 0 0 0 0 0 0 0 0 0 0 
3 0 0 0 4 0 2 0 3 0 0 0 2 0 1 0 0 0 1 0 1 0 1 0 1 0 0 0 0 0 0 0 0 0 0 0 0 0 0 0 0 0 0 0 0 0 0 0 0 0 0 0 0 0 0 0 0 0 0 0 0 0 0 0 0 0 0 0 0 0 0 0 0 0 
0 0 0 0 4 0 2 0 0 0 0 0 2 0 0 0 0 0 0 0 5 0 5 0 5 0 5 0 0 0 0 0 0 0 0 0 0 0 0 0 0 0 0 0 0 0 0 0 0 0 0 0 0 0 0 0 0 0 0 0 0 0 0 0 0 0 0 0 0 0 0 0 0 0 
3 0 0 0 4 0 3 0 0 0 3 0 0 0 3 0 0 0 0 0 0 0 0 0 0 0 0 0 0 0 0 0 0 0 0 0 0 0 0 0 0 0 0 0 0 0 0 0 0 0 0 0 0 0 0 0 0 0 0 0 0 0 0 0 0 0 0 0 0 0 0 0 0 0 
0 0 0 0 4 0 0 0 0 0 0 0 0 0 0 0 0 0 0 0 6 0 0 0 6 0 0 0 0 0 0 0 0 0 0 0 0 0 0 0 0 0 0 0 0 0 0 0 0 0 0 0 1 0 1 0 1 0 1 0 1 0 1 0 1 0 1 0 1 0 1 0 1 0 
3 0 0 0 4 0 2 0 3 0 0 0 3 0 0 0 2 0 0 0 0 0 0 0 0 0 0 0 0 0 0 0 0 0 0 0 0 0 0 0 0 0 0 0 0 0 0 0 1 0 1 0 1 0 1 0 1 0 1 0 1 0 1 0 1 0 1 0 1 0 1 0 1 0 
0 0 0 0 4 0 2 0 0 0 0 0 0 0 0 0 2 0 0 0 6 0 0 0 6 0 0 0 0 0 0 0 0 0 0 0 0 0 0 0 0 0 0 0 0 0 0 0 0 0 0 0 0 0 0 0 0 0 0 0 0 0 0 0 0 0 0 0 0 0 7 0 0 0 
3 0 0 0 4 0 3 0 0 0 3 0 0 0 3 0 0 0 0 0 0 0 0 0 0 0 0 0 0 0 0 0 0 0 0 0 0 0 0 0 0 0 0 0 0 0 0 0 1 0 0 0 1 0 1 0 1 0 1 0 1 0 1 0 1 0 0 0 0 0 8 0 0 0 
0 0 0 0 4 0 0 0 0 0 2 0 9 0 2 0 0 0 0 0 6 0 0 0 6 0 0 0 0 0 0 0 0 0 0 0 0 0 0 0 0 0 0 0 0 0 0 0 1 0 0 0 1 0 1 0 1 0 1 0 1 0 1 0 1 0 0 0 0 0 0 0 0 0 
3 0 0 0 4 0 3 0 0 0 2 0 10 0 2 0 2 0 0 0 0 0 0 0 0 0 0 0 0 0 0 0 0 0 0 0 0 0 0 0 0 0 0 0 0 0 0 0 1 0 0 0 11 0 0 0 11 0 0 0 11 0 0 0 0 0 0 0 1 0 1 0 1 0 
3 0 0 0 4 0 3 0 0 0 12 0 13 0 3 0 0 0 0 0 6 0 0 0 6 0 0 0 0 0 0 0 0 0 0 0 0 0 0 0 0 0 0 0 0 0 0 0 1 0 0 0 1 0 1 0 1 0 1 0 1 0 0 0 0 0 1 0 1 0 8 0 0 0 
3 0 0 0 4 0 0 0 14 0 15 0 16 0 0 0 0 0 0 0 0 0 0 0 0 0 0 0 0 0 0 0 0 0 0 0 0 0 0 0 0 0 0 0 0 0 0 0 1 0 0 0 1 0 0 0 1 0 1 0 0 0 0 0 1 0 1 0 1 0 0 0 0 0 
3 0 17 0 4 0 3 0 0 0 18 0 2 0 3 0 0 0 0 0 0 0 7 0 0 0 0 0 0 0 0 0 1 0 1 0 1 0 0 0 0 0 0 0 0 0 0 0 0 0 0 0 1 0 1 0 1 0 1 0 0 0 7 0 0 0 7 0 0 0 0 0 0 0 
0 0 0 0 4 0 0 0 0 0 2 0 2 0 0 0 0 0 0 0 6 0 0 0 6 0 0 0 0 0 0 0 1 0 1 0 1 0 0 0 0 0 0 0 0 0 0 0 0 0 0 0 0 0 1 0 1 0 1 0 0 0 1 0 1 0 1 0 1 0 0 0 0 0 
3 0 0 0 4 0 3 0 0 0 3 0 0 0 3 0 0 0 0 0 0 0 0 0 0 0 0 0 0 0 0 0 1 0 1 0 1 0 0 0 0 0 0 0 0 0 0 0 0 0 0 0 5 0 5 0 5 0 5 0 5 0 5 0 5 0 5 0 5 0 0 0 0 0 
0 0 0 0 4 0 0 0 0 0 0 0 0 0 0 0 0 0 0 0 6 0 0 0 6 0 0 0 6 0 0 0 19 0 0 0 20 0 6 0 0 0 0 0 0 0 0 0 0 0 0 0 0 0 0 0 0 0 0 0 0 0 0 0 0 0 0 0 0 0 1 0 1 0 
3 0 0 0 4 0 3 0 0 0 3 0 0 0 3 0 0 0 0 0 0 0 0 0 0 0 0 0 0 0 0 0 21 0 0 0 0 0 0 0 0 0 5 0 5 0 22 0 5 0 22 0 5 0 5 0 5 0 5 0 5 0 5 0 5 0 5 0 5 0 5 0 5 0 
0 0 0 0 4 0 0 0 0 0 12 0 23 0 16 0 0 0 0 0 6 0 0 0 6 0 0 0 6 0 0 0 0 0 24 0 0 0 6 0 0 0 0 0 0 0 0 0 0 0 0 0 0 0 0 0 0 0 0 0 0 0 0 0 0 0 0 0 0 0 0 0 0 0 
3 0 0 0 4 0 3 0 17 0 10 0 2 0 3 0 0 0 0 0 0 0 0 0 0 0 0 0 0 0 0 0 0 0 0 0 0 0 0 0 0 0 0 0 0 0 0 0 0 0 0 0 0 0 0 0 0 0 0 0 0 0 0 0 0 0 0 0 0 0 0 0 0 0 
0 0 0 0 4 0 0 0 0 0 10 0 2 0 0 0 0 0 0 0 0 0 0 0 0 0 0 0 0 0 0 0 0 0 0 0 0 0 0 0 0 0 0 0 0 0 0 0 0 0 0 0 0 0 0 0 0 0 0 0 0 0 0 0 0 0 0 0 0 0 0 0 0 0 
3 0 0 0 4 0 3 0 14 0 13 0 3 0 0 0 0 0 1 0 1 0 1 0 0 0 0 0 0 0 0 0 0 0 0 0 0 0 0 0 0 0 0 0 0 0 0 0 0 0 0 0 0 0 0 0 0 0 0 0 0 0 0 0 0 0 0 0 0 0 0 0 0 0 
0 0 0 0 4 0 0 0 3 0 0 0 0 0 0 0 25 0 5 0 5 0 5 0 0 0 0 0 0 0 0 0 0 0 0 0 0 0 0 0 0 0 0 0 0 0 0 0 0 0 0 0 0 0 0 0 0 0 0 0 0 0 0 0 0 0 0 0 0 0 0 0 0 0 
2 0 2 0 4 0 2 0 0 0 0 0 2 0 2 0 0 0 0 0 0 0 0 0 0 0 0 0 0 0 0 0 0 0 0 0 0 0 0 0 0 0 0 0 0 0 0 0 0 0 0 0 0 0 0 0 0 0 0 0 0 0 0 0 0 0 0 0 0 0 0 0 0 0 
decorations 13
-301 212 26 0
-302 571 26 0
-227 99 27 0
-184 456 28 0
-270 214 29 0
-423 197 30 0
-144 241 30 0
-318 99 31 0
-277 426 31 0
-209 -53 30 0
-171 -40 30 0
-326 -38 31 0
-215 652 31 0

layer // layer 1
name noname
offset 15 15
cells_offset -520 -320
scroll_scale_factor_1 1 1
scroll_scale_factor_2 1 1
cell_size 40 40
width 38
height 24
shadow
no_cells
sprite_cells
0 0 0 0 0 0 0 0 0 0 0 0 0 0 32 0 33 0 34 0 35 0 32 0 0 0 0 0 0 0 0 0 0 0 0 0 0 0 0 0 0 0 0 0 0 0 0 0 0 0 0 0 0 0 0 0 0 0 0 0 0 0 0 0 0 0 0 0 0 0 0 0 0 0 0 0 
36 0 0 0 0 0 0 0 0 0 0 0 37 0 0 0 0 0 0 0 0 0 0 0 0 0 0 0 0 0 0 0 0 0 0 0 0 0 0 0 0 0 0 0 0 0 0 0 0 0 0 0 0 0 0 0 0 0 0 0 0 0 0 0 0 0 0 0 0 0 0 0 0 0 0 0 
0 0 37 0 0 0 37 0 0 0 32 0 38 0 0 0 0 0 0 0 0 0 39 0 37 0 0 0 0 0 0 0 0 0 0 0 0 0 0 0 0 0 0 0 0 0 0 0 0 0 0 0 0 0 0 0 0 0 0 0 0 0 0 0 0 0 0 0 0 0 0 0 0 0 0 0 
36 0 0 0 0 0 0 0 0 0 0 0 0 0 0 0 0 0 0 0 40 0 0 0 0 0 41 0 0 0 0 0 0 0 0 0 0 0 0 0 0 0 0 0 0 0 0 0 0 0 0 0 0 0 0 0 0 0 0 0 0 0 0 0 0 0 0 0 0 0 0 0 0 0 0 0 
0 0 0 0 0 0 0 0 0 0 0 0 0 0 39 0 37 0 0 0 36 0 0 0 0 0 0 0 0 0 0 0 0 0 0 0 0 0 0 0 0 0 0 0 0 0 0 0 0 0 0 0 0 0 0 0 0 0 0 0 0 0 0 0 0 0 0 0 0 0 0 0 0 0 0 0 
36 0 0 0 0 0 0 0 0 0 0 0 0 0 0 0 0 0 0 0 0 0 0 0 0 0 0 0 0 0 0 0 0 0 0 0 0 0 0 0 0 0 0 0 0 0 0 0 0 0 0 0 0 0 0 0 0 0 0 0 0 0 0 0 0 0 0 0 0 0 0 0 0 0 0 0 
0 0 0 0 0 0 0 0 0 0 0 0 0 0 0 0 0 0 0 0 36 0 0 0 0 0 0 0 0 0 0 0 0 0 0 0 0 0 0 0 0 0 0 0 0 0 0 0 36 0 37 0 0 0 33 0 34 0 35 0 32 0 33 0 34 0 35 0 32 0 33 0 34 0 35 0 
36 0 0 0 0 0 0 0 0 0 0 0 0 0 0 0 0 0 0 0 0 0 0 0 0 0 0 0 0 0 0 0 0 0 0 0 0 0 0 0 0 0 0 0 0 0 0 0 0 0 0 0 0 0 0 0 0 0 0 0 0 0 0 0 0 0 0 0 0 0 40 0 0 0 0 0 
0 0 0 0 0 0 0 0 0 0 0 0 0 0 0 0 0 0 0 0 36 0 0 0 0 0 0 0 42 0 0 0 0 0 0 0 0 0 0 0 0 0 0 0 0 0 0 0 36 0 37 0 0 0 37 0 0 0 37 0 0 0 37 0 0 0 37 0 0 0 36 0 0 0 0 0 
36 0 0 0 0 0 0 0 0 0 0 0 0 0 0 0 0 0 0 0 0 0 0 0 0 0 0 0 43 0 0 0 0 0 0 0 0 0 0 0 0 0 0 0 0 0 0 0 0 0 0 0 36 0 44 0 45 0 46 0 45 0 45 0 45 0 45 0 0 0 0 0 0 0 0 0 
0 0 0 0 0 0 0 0 0 0 0 0 0 0 0 0 0 0 0 0 36 0 0 0 0 0 0 0 43 0 0 0 0 0 0 0 0 0 0 0 0 0 0 0 0 0 0 0 36 0 47 0 0 0 0 0 0 0 0 0 0 0 0 0 0 0 0 0 37 0 0 0 0 0 0 0 
36 0 0 0 0 0 0 0 0 0 0 0 0 0 0 0 0 0 0 0 0 0 0 0 0 0 0 0 0 0 0 0 0 0 0 0 0 0 0 0 0 0 0 0 0 0 0 0 0 0 0 0 36 0 0 0 0 0 48 0 0 0 0 0 0 0 37 0 0 0 0 0 0 0 0 0 
0 0 0 0 0 0 0 0 0 0 0 0 0 0 0 0 0 0 0 0 36 0 0 0 0 0 0 0 0 0 0 0 0 0 0 0 0 0 0 0 0 0 0 0 0 0 0 0 36 0 47 0 0 0 0 0 0 0 0 0 0 0 0 0 37 0 0 0 0 0 0 0 0 0 0 0 
36 0 0 0 0 0 0 0 0 0 0 0 0 0 0 0 0 0 0 0 0 0 40 0 0 0 0 0 0 0 0 0 37 0 0 0 37 0 0 0 0 0 0 0 0 0 0 0 0 0 0 0 0 0 0 0 0 0 1 0 0 0 37 0 0 0 0 0 0 0 0 0 0 0 0 0 
0 0 0 0 0 0 0 0 0 0 0 0 0 0 0 0 0 0 0 0 36 0 32 0 0 0 0 0 0 0 0 0 36 0 0 0 0 0 49 0 0 0 0 0 0 0 0 0 0 0 0 0 0 0 0 0 50 0 0 0 0 0 36 0 0 0 0 0 0 0 0 0 0 0 0 0 
36 0 0 0 0 0 0 0 0 0 0 0 0 0 0 0 0 0 0 0 0 0 0 0 0 0 0 0 0 0 0 0 0 0 0 0 0 0 0 0 0 0 0 0 0 0 0 0 0 0 0 0 37 0 0 0 33 0 34 0 35 0 0 0 0 0 0 0 0 0 0 0 0 0 0 0 
0 0 0 0 0 0 0 0 0 0 0 0 0 0 0 0 0 0 0 0 36 0 0 0 0 0 0 0 51 0 37 0 0 0 33 0 34 0 35 0 37 0 0 0 0 0 0 0 0 0 0 0 36 0 0 0 0 0 0 0 0 0 0 0 0 0 0 0 52 0 36 0 37 0 0 0 
36 0 0 0 0 0 0 0 0 0 0 0 0 0 0 0 0 0 0 0 0 0 0 0 0 0 0 0 53 0 0 0 0 0 0 0 0 0 0 0 0 0 0 0 37 0 0 0 37 0 0 0 0 0 0 0 0 0 0 0 0 0 0 0 0 0 52 0 54 0 0 0 0 0 0 0 
0 0 0 0 0 0 0 0 0 0 0 0 0 0 0 0 0 0 0 0 36 0 0 0 0 0 39 0 55 0 0 0 0 0 0 0 0 0 0 0 0 0 39 0 32 0 0 0 0 0 0 0 0 0 0 0 0 0 0 0 0 0 0 0 0 0 0 0 0 0 36 0 0 0 0 0 
36 0 0 0 0 0 0 0 0 0 0 0 0 0 0 0 39 0 32 0 0 0 0 0 0 0 0 0 0 0 0 0 0 0 0 0 0 0 0 0 0 0 0 0 0 0 0 0 0 0 0 0 0 0 0 0 0 0 0 0 0 0 52 0 0 0 0 0 0 0 0 0 0 0 0 0 
0 0 0 0 0 0 0 0 0 0 0 0 0 0 0 0 0 0 0 0 0 0 0 0 0 0 0 0 0 0 0 0 0 0 0 0 0 0 0 0 0 0 0 0 0 0 0 0 0 0 0 0 0 0 0 0 0 0 0 0 0 0 0 0 0 0 0 0 0 0 0 0 0 0 0 0 
36 0 0 0 0 0 40 0 0 0 0 0 0 0 0 0 0 0 0 0 0 0 0 0 0 0 0 0 0 0 0 0 0 0 0 0 0 0 0 0 0 0 0 0 0 0 0 0 0 0 0 0 0 0 0 0 0 0 0 0 0 0 0 0 0 0 0 0 0 0 0 0 0 0 0 0 
0 0 0 0 39 0 32 0 0 0 0 0 0 0 0 0 39 0 32 0 33 0 34 0 35 0 0 0 0 0 0 0 0 0 0 0 0 0 0 0 0 0 0 0 0 0 0 0 0 0 0 0 0 0 0 0 0 0 0 0 0 0 0 0 0 0 0 0 0 0 0 0 0 0 0 0 
36 0 0 0 0 0 0 0 0 0 0 0 0 0 0 0 0 0 0 0 0 0 0 0 0 0 0 0 0 0 0 0 0 0 0 0 0 0 0 0 0 0 0 0 0 0 0 0 0 0 0 0 0 0 0 0 0 0 0 0 0 0 0 0 0 0 0 0 0 0 0 0 0 0 0 0 
decorations 4
656 79 56 0
760 336 39 0
800 296 39 0
680 415 39 0

layer // layer 2
name Main
offset 0 0
cells_offset -520 -320
scroll_scale_factor_1 1 1
scroll_scale_factor_2 1 1
cell_size 40 40
width 39
height 26
cells
0 0 0 0 0 0 0 2 2 2 2 2 2 0 0 0 0 0 0 0 0 0 0 0 0 0 0 0 0 0 0 0 0 0 0 0 0 0 0 
2 2 2 2 2 2 2 2 0 0 0 0 2 0 0 0 0 0 0 0 0 0 0 0 0 0 0 0 0 0 0 0 0 0 0 0 0 0 0 
2 12482 12290 12290 12290 12290 13826 0 0 0 0 0 2 2 2 0 0 0 0 0 0 0 0 0 0 0 0 0 0 0 0 0 0 0 0 0 0 0 0 
2 0 0 0 0 0 0 0 0 0 0 0 0 0 2 0 0 0 0 0 0 0 0 0 0 0 0 0 0 0 0 0 0 0 0 0 0 0 0 
2 0 0 0 0 0 0 0 2 2 1538 0 0 0 194 0 0 0 0 0 0 0 0 0 0 0 0 0 0 0 0 0 0 0 0 0 0 0 0 
2 0 0 0 0 0 0 0 0 0 1538 0 0 0 194 0 0 0 0 0 0 0 0 0 0 0 0 0 0 0 0 0 0 0 0 0 0 0 0 
2 0 0 0 0 0 0 0 0 0 2 0 0 0 194 0 0 0 0 0 0 0 0 0 2 2 2 2 2 2 2 2 2 2 2 2 2 2 2 
2 0 0 0 0 0 0 0 0 0 2 0 0 0 194 0 0 0 0 0 0 0 0 0 2 0 0 0 0 0 0 0 0 0 0 0 0 0 2 
2 0 0 0 0 0 0 0 0 0 2 0 0 0 194 0 0 0 0 0 0 0 0 0 2 2 2 2 2 2 2 2 2 2 2 2 0 0 2 
2 0 0 0 0 0 0 0 0 0 2 0 0 0 194 0 0 0 0 0 0 0 0 0 0 0 0 0 0 0 0 0 0 0 0 2 0 0 2 
2 0 0 0 0 0 0 0 0 0 2 0 0 0 194 0 0 0 0 0 0 0 0 0 0 0 0 0 0 0 0 0 0 0 2 2 0 0 194 
2 0 0 0 0 0 0 0 0 0 1730 0 0 0 194 0 0 0 0 0 0 0 0 0 0 0 0 0 0 0 0 0 0 2 2 0 0 0 194 
2 0 0 0 0 0 0 0 0 0 1730 0 0 0 194 0 0 0 0 0 0 0 0 0 0 0 0 0 0 0 0 0 2 2 0 0 0 0 2 
2 0 0 0 0 0 0 0 0 0 1730 0 0 0 2 0 0 0 0 0 0 0 0 0 0 0 0 0 0 0 0 2 2 0 0 0 0 0 2 
2 0 0 0 0 0 0 0 0 0 194 13850 0 0 2 0 0 0 0 0 0 0 0 0 2 2 2 0 0 0 0 2 0 0 0 0 2 2 2 
2 0 0 0 0 0 0 0 0 0 1730 0 0 0 2 0 0 0 0 0 0 0 0 0 2 0 2 2 2 2 2 2 0 0 0 0 2 0 0 
2 0 0 0 0 0 0 0 0 0 1730 0 0 0 194 2 2 2 2 2 2 2 2 0 2 0 2 0 0 0 0 0 0 0 2 2 2 2 2 
2 0 0 0 0 0 0 0 0 0 1730 0 0 0 1730 0 0 0 0 0 0 0 2 2 2 0 2 0 0 0 0 0 0 2 0 2 0 0 2 
2 0 0 0 0 0 0 0 0 0 2 0 0 0 14018 0 0 0 0 0 0 0 2 0 0 0 0 0 0 0 0 0 0 0 0 2 0 0 2 
2 0 0 0 0 0 0 0 0 2 2 0 0 0 0 0 0 0 0 0 0 0 0 0 0 0 0 0 0 0 0 2 2 0 0 2 0 0 2 
2 0 0 0 0 0 0 0 0 0 2 2 2 2 2 2 2 2 2 2 2 2 2 2 2 0 2 2 2 2 2 2 2 2 2 2 2 2 2 
2 0 0 0 0 0 0 0 0 0 2 0 0 0 0 0 0 0 0 0 0 0 0 0 2 0 2 0 0 0 0 0 0 0 0 0 0 0 0 
2 0 0 14042 0 0 0 0 0 2 2 2 2 2 0 0 0 0 0 0 0 0 0 0 2 2 2 0 0 0 0 0 0 0 0 0 0 0 0 
2 0 0 0 0 0 0 0 0 0 0 0 0 2 0 0 0 0 0 0 0 0 0 0 0 0 0 0 0 0 0 0 0 0 0 0 0 0 0 
2 0 0 0 0 0 0 0 0 0 0 0 0 2 0 0 0 0 0 0 0 0 0 0 0 0 0 0 0 0 0 0 0 0 0 0 0 0 0 
2 2 2 2 2 2 2 2 2 2 2 2 2 2 0 0 0 0 0 0 0 0 0 0 0 0 0 0 0 0 0 0 0 0 0 0 0 0 0 
sprite_cells
57 0 0 0 37 0 0 0 36 0 32 0 57 0 0 0 33 0 34 0 35 0 32 0 32 0 37 0 0 0 0 0 0 0 0 0 0 0 0 0 0 0 0 0 0 0 0 0 0 0 0 0 0 0 0 0 0 0 0 0 0 0 0 0 0 0 0 0 0 0 0 0 0 0 0 0 0 0 
0 0 0 0 37 0 0 0 0 0 32 0 0 0 0 0 0 0 0 0 0 0 0 0 57 0 0 0 37 0 0 0 0 0 0 0 0 0 0 0 0 0 0 0 0 0 0 0 0 0 0 0 0 0 0 0 0 0 0 0 0 0 0 0 0 0 0 0 0 0 0 0 0 0 0 0 0 0 
36 0 58 0 59 0 59 0 59 0 60 0 38 0 0 0 0 0 61 0 0 0 0 0 0 0 0 0 36 0 32 0 0 0 0 0 0 0 0 0 0 0 0 0 0 0 0 0 0 0 0 0 0 0 0 0 0 0 0 0 0 0 0 0 0 0 0 0 0 0 0 0 0 0 0 0 0 0 
0 0 0 0 0 0 0 0 0 0 0 0 0 0 0 0 0 0 61 0 0 0 0 0 0 0 0 0 0 0 36 0 0 0 0 0 0 0 0 0 0 0 0 0 0 0 0 0 0 0 0 0 0 0 0 0 0 0 0 0 0 0 0 0 0 0 0 0 0 0 0 0 0 0 0 0 0 0 
36 0 0 0 0 0 0 0 0 0 0 0 0 0 0 0 32 0 37 0 0 0 0 0 0 0 0 0 51 0 0 0 0 0 0 0 0 0 0 0 0 0 0 0 0 0 0 0 0 0 0 0 0 0 0 0 0 0 0 0 0 0 0 0 0 0 0 0 0 0 0 0 0 0 0 0 0 0 
0 0 0 0 0 0 62 0 62 0 62 0 62 0 62 0 62 0 62 0 32 0 0 0 0 0 0 0 53 0 32 0 0 0 0 0 0 0 0 0 0 0 0 0 0 0 0 0 0 0 0 0 0 0 0 0 0 0 0 0 0 0 0 0 0 0 0 0 0 0 0 0 0 0 0 0 0 0 
36 0 0 0 0 0 62 0 62 0 62 0 62 0 62 0 62 0 62 0 32 0 0 0 0 0 0 0 53 0 36 0 0 0 0 0 0 0 0 0 0 0 0 0 0 0 0 0 36 0 37 0 0 0 33 0 34 0 35 0 32 0 33 0 34 0 35 0 32 0 33 0 34 0 35 0 32 0 
0 0 0 0 0 0 62 0 62 0 62 0 62 0 62 0 62 0 62 0 63 0 0 0 0 0 0 0 64 0 0 0 0 0 0 0 0 0 0 0 0 0 0 0 0 0 0 0 0 0 0 0 0 0 0 0 0 0 0 0 0 0 0 0 0 0 0 0 0 0 0 0 0 0 0 0 32 0 
32 0 0 0 0 0 0 0 0 0 0 0 0 0 0 0 0 0 0 0 65 0 0 0 0 0 0 0 42 0 36 0 0 0 0 0 0 0 0 0 0 0 0 0 0 0 0 0 37 0 0 0 32 0 66 0 67 0 67 0 67 0 67 0 67 0 67 0 68 0 32 0 0 0 0 0 36 0 
32 0 0 0 0 0 0 0 0 0 0 0 0 0 0 0 0 0 0 0 69 0 0 0 0 0 0 0 43 0 32 0 0 0 0 0 0 0 0 0 0 0 0 0 0 0 0 0 63 0 0 0 63 0 44 0 45 0 46 0 45 0 45 0 45 0 70 0 57 0 0 0 0 0 0 0 0 0 
32 0 62 0 62 0 62 0 62 0 62 0 62 0 62 0 0 0 0 0 32 0 0 0 0 0 0 0 43 0 32 0 0 0 0 0 0 0 0 0 0 0 0 0 0 0 0 0 65 0 47 0 65 0 0 0 0 0 0 0 0 0 0 0 0 0 0 0 0 0 0 0 0 0 0 0 51 0 
32 0 0 0 0 0 0 0 0 0 62 0 62 0 62 0 0 0 0 0 51 0 0 0 0 0 0 0 71 0 32 0 0 0 0 0 0 0 0 0 0 0 0 0 0 0 0 0 65 0 0 0 65 0 0 0 0 0 48 0 0 0 0 0 0 0 36 0 32 0 0 0 0 0 0 0 51 0 
36 0 0 0 0 0 0 0 0 0 62 0 62 0 62 0 0 0 0 0 72 0 0 0 0 0 0 0 51 0 32 0 0 0 0 0 0 0 0 0 0 0 0 0 0 0 0 0 65 0 47 0 65 0 0 0 0 0 0 0 0 0 0 0 36 0 0 0 0 0 0 0 0 0 0 0 36 0 
0 0 0 0 0 0 0 0 0 0 62 0 62 0 62 0 0 0 0 0 72 0 0 0 0 0 0 0 37 0 0 0 37 0 0 0 37 0 0 0 37 0 0 0 37 0 0 0 65 0 0 0 65 0 73 0 74 0 0 0 0 0 36 0 0 0 0 0 0 0 0 0 0 0 0 0 0 0 
36 0 0 0 62 0 0 0 0 0 0 0 0 0 0 0 0 0 0 0 75 0 0 0 0 0 0 0 32 0 37 0 0 0 76 0 0 0 49 0 32 0 37 0 0 0 32 0 77 0 78 0 77 0 79 0 50 0 0 0 0 0 0 0 0 0 0 0 0 0 0 0 36 0 37 0 0 0 
0 0 0 0 62 0 0 0 0 0 0 0 0 0 0 0 0 0 0 0 72 0 0 0 0 0 0 0 37 0 0 0 32 0 0 0 0 0 0 0 37 0 0 0 37 0 0 0 80 0 0 0 80 0 32 0 33 0 34 0 35 0 32 0 0 0 0 0 0 0 0 0 0 0 57 0 0 0 
36 0 0 0 62 0 62 0 62 0 0 0 0 0 0 0 0 0 62 0 72 0 0 0 0 0 0 0 51 0 37 0 0 0 33 0 34 0 35 0 32 0 32 0 57 0 0 0 0 0 0 0 0 0 0 0 0 0 0 0 0 0 0 0 0 0 0 0 52 0 81 0 32 0 0 0 0 0 
0 0 0 0 0 0 62 0 62 0 62 0 62 0 62 0 62 0 62 0 51 0 0 0 0 0 0 0 53 0 0 0 0 0 0 0 0 0 0 0 0 0 0 0 0 0 0 0 0 0 0 0 0 0 0 0 0 0 0 0 0 0 0 0 0 0 52 0 54 0 81 0 0 0 0 0 36 0 
36 0 0 0 0 0 62 0 62 0 62 0 62 0 62 0 62 0 62 0 32 0 0 0 0 0 0 0 55 0 0 0 0 0 0 0 0 0 0 0 0 0 0 0 32 0 0 0 0 0 0 0 0 0 0 0 0 0 0 0 0 0 0 0 0 0 0 0 0 0 82 0 0 0 0 0 0 0 
0 0 0 0 0 0 0 0 0 0 62 0 62 0 62 0 62 0 37 0 0 0 0 0 0 0 0 0 0 0 0 0 0 0 0 0 0 0 0 0 0 0 0 0 0 0 0 0 0 0 0 0 0 0 0 0 0 0 0 0 0 0 52 0 81 0 0 0 0 0 83 0 0 0 0 0 32 0 
32 0 0 0 0 0 0 0 0 0 62 0 62 0 0 0 0 0 0 0 57 0 0 0 57 0 0 0 37 0 0 0 32 0 36 0 32 0 37 0 0 0 37 0 0 0 32 0 80 0 0 0 80 0 32 0 37 0 0 0 37 0 0 0 37 0 0 0 32 0 37 0 0 0 37 0 0 0 
32 0 0 0 0 0 0 0 0 0 62 0 62 0 0 0 0 0 0 0 0 0 0 0 0 0 0 0 84 0 85 0 85 0 0 0 84 0 85 0 85 0 36 0 86 0 0 0 80 0 0 0 80 0 86 0 0 0 32 0 0 0 0 0 0 0 0 0 0 0 0 0 0 0 0 0 0 0 
36 0 0 0 0 0 51 0 0 0 62 0 62 0 0 0 0 0 32 0 33 0 34 0 35 0 32 0 84 0 85 0 85 0 36 0 84 0 85 0 85 0 0 0 0 0 0 0 80 0 80 0 80 0 0 0 0 0 36 0 0 0 0 0 0 0 0 0 0 0 0 0 0 0 0 0 0 0 
0 0 0 0 0 0 0 0 0 0 0 0 0 0 0 0 0 0 0 0 0 0 0 0 0 0 37 0 0 0 37 0 0 0 0 0 37 0 0 0 32 0 37 0 0 0 32 0 0 0 0 0 0 0 37 0 0 0 0 0 0 0 0 0 0 0 0 0 0 0 0 0 0 0 0 0 0 0 
36 0 0 0 0 0 0 0 0 0 0 0 0 0 0 0 0 0 0 0 0 0 0 0 0 0 36 0 0 0 0 0 0 0 0 0 0 0 0 0 0 0 0 0 0 0 0 0 0 0 0 0 0 0 0 0 0 0 0 0 0 0 0 0 0 0 0 0 0 0 0 0 0 0 0 0 0 0 
0 0 37 0 0 0 37 0 0 0 37 0 0 0 37 0 0 0 37 0 0 0 37 0 0 0 0 0 0 0 0 0 0 0 0 0 0 0 0 0 0 0 0 0 0 0 0 0 0 0 0 0 0 0 0 0 0 0 0 0 0 0 0 0 0 0 0 0 0 0 0 0 0 0 0 0 0 0 
decorations 37
258 262 87 0
172 312 88 0
225 312 88 0
-120 -120 89 0
-119 -161 90 0
236 275 27 0
-186 -104 62 0
-165 -78 62 0
-80 640 91 0
-401 559 92 0
-79 673 93 0
39 319 94 0
-389 345 62 0
-354 381 62 0
-298 428 62 0
-296 508 62 0
-228 390 62 0
-166 371 62 0
-403 419 62 0
-330 572 62 0
-331 208 62 0
657 80 56 0
378 539 95 0
-39 -242 96 0
-291 94 62 0
-261 169 62 0
-305 146 62 0
-341 -89 62 0
-260 111 62 0
-357 -105 62 0
-254 -87 62 0
-343 -49 62 0
-402 -24 62 0
-425 88 62 0
-478 93 62 0
-373 91 62 0
-442 261 62 0

layer // layer 3
name noname
offset 0 0
cells_offset -160 -160
scroll_scale_factor_1 1 1
scroll_scale_factor_2 1 1
cell_size 40 40
width 18
height 20
no_cells
sprite_cells
97 0 98 0 0 0 0 0 0 0 0 0 0 0 0 0 0 0 0 0 0 0 0 0 0 0 0 0 0 0 0 0 0 0 0 0 
0 0 99 0 0 0 0 0 0 0 0 0 0 0 0 0 0 0 0 0 0 0 0 0 0 0 0 0 0 0 0 0 0 0 0 0 
0 0 99 0 0 0 0 0 0 0 0 0 0 0 0 0 0 0 0 0 0 0 0 0 0 0 0 0 0 0 0 0 0 0 0 0 
0 0 99 0 0 0 0 0 0 0 0 0 0 0 0 0 0 0 0 0 0 0 0 0 0 0 0 0 0 0 0 0 0 0 0 0 
0 0 99 0 0 0 0 0 0 0 0 0 0 0 0 0 0 0 0 0 0 0 0 0 0 0 0 0 0 0 0 0 0 0 0 0 
0 0 99 0 0 0 0 0 0 0 0 0 0 0 0 0 0 0 0 0 0 0 0 0 0 0 0 0 0 0 0 0 0 0 0 0 
0 0 99 0 0 0 0 0 0 0 0 0 0 0 0 0 0 0 0 0 0 0 0 0 0 0 0 0 0 0 0 0 0 0 0 0 
0 0 99 0 0 0 0 0 0 0 0 0 0 0 0 0 0 0 0 0 0 0 0 0 0 0 0 0 0 0 0 0 0 0 0 0 
0 0 99 0 0 0 0 0 0 0 0 0 0 0 0 0 0 0 0 0 0 0 0 0 0 0 0 0 0 0 0 0 0 0 0 0 
0 0 99 0 0 0 0 0 0 0 0 0 0 0 0 0 0 0 0 0 0 0 0 0 0 0 0 0 0 0 0 0 0 0 0 0 
0 0 99 0 0 0 0 0 0 0 0 0 0 0 0 0 0 0 0 0 0 0 0 0 0 0 0 0 0 0 77 0 78 0 77 0 
0 0 99 0 0 0 0 0 0 0 0 0 0 0 0 0 0 0 0 0 0 0 0 0 0 0 0 0 0 0 0 0 100 0 0 0 
0 0 99 0 0 0 0 0 0 0 0 0 0 0 0 0 0 0 0 0 0 0 0 0 0 0 0 0 0 0 77 0 100 0 77 0 
0 0 99 0 0 0 0 0 0 0 0 0 0 0 0 0 0 0 0 0 0 0 0 0 0 0 0 0 0 0 0 0 100 0 0 0 
0 0 99 0 0 0 0 0 0 0 0 0 0 0 0 0 0 0 0 0 0 0 0 0 0 0 0 0 0 0 0 0 0 0 0 0 
101 0 102 0 0 0 0 0 0 0 0 0 0 0 0 0 0 0 0 0 0 0 0 0 0 0 0 0 0 0 0 0 0 0 0 0 
0 0 0 0 0 0 0 0 0 0 0 0 0 0 0 0 0 0 0 0 0 0 0 0 0 0 0 0 0 0 77 0 100 0 77 0 
0 0 0 0 0 0 0 0 0 0 0 0 0 0 0 0 0 0 0 0 0 0 0 0 0 0 0 0 0 0 0 0 100 0 0 0 
0 0 0 0 0 0 0 0 0 0 0 0 0 0 0 0 0 0 0 0 0 0 0 0 0 0 0 0 0 0 77 0 100 0 77 0 
0 0 0 0 0 0 0 0 0 0 0 0 0 0 0 0 0 0 0 0 0 0 0 0 0 0 0 0 0 0 0 0 78 0 0 0 
decorations 4
480 480 88 0
480 393 88 0
480 593 88 0
480 279 88 0

} // layers

entities { 
Device/Teleport 1 {
target 2
flash_in_sound none
flash_out_sound none
looping_sound none
position_in_layer 480 520
layer_index 2
}
Device/Teleport 2 {
flash_in_sound none
flash_out_sound none
looping_sound none
position_in_layer 480 280
layer_index 2
}
hero/Magneto 13 {
position_in_layer 520 -40
layer_index 2
}
Crate 18 {
position_in_layer 500 340
layer_index 2
}
Crate 19 {
position_in_layer 500 380
layer_index 2
}
Crate 20 {
position_in_layer 500 420
layer_index 2
}
Crate 21 {
position_in_layer 500 460
layer_index 2
}
Crate 22 {
position_in_layer 500 500
layer_index 2
}
buchar_S 24 {
position_in_layer 520 320
layer_index 2
}
buchar_S 25 {
fwd_sound none
bwd_sound none
position_in_layer 440 320
layer_index 2
}
Device/Respawn 26 {
position_in_layer 640 440
layer_index 2
}
shooter/krapnik 29 {
shot_delay 1000 1000
position_in_layer 874 115
layer_index 2
}
shooter/krapnik 30 {
shot_delay2 500 500
position_in_layer 791 196
layer_index 2
}
shooter/krapnik 31 {
shot_delay 1000 1000
shot_delay2 500 500
position_in_layer 753 235
layer_index 2
}
Spec/Region 33 {
size 280 120
position_in_layer 80 360
layer_index 2
}
happyblue 34 {
speed 160 160
angle 45 45
region 33
position_in_layer 249 365
layer_index 2
}
happyblue 36 {
speed 100 100
angle 45 45
region 33
position_in_layer 139 432
layer_index 2
}
Device/FloorPermanent 37 {
operate 39
position_in_layer 400 480
layer_index 2
}
Break/Bridge 39 {
position_in_layer 480 280
layer_index 2
}
bot/flybot 42 {
move_distance 80
looping_sound none
position_in_layer -80 0
layer_index 2
}
bot/flybot 43 {
speed_bwd 40
move_distance 80
start_delay 500 500
position_in_layer -80 -39
layer_index 2
}
bot/flybot 44 {
speed_fwd 40
move_distance 80
start_delay 250 250
looping_sound none
position_in_layer -80 -76
layer_index 2
}
Device/Respawn 45 {
position_in_layer -80 200
layer_index 2
}
Spec/LevelExit 46 {
closed_sprite none
opened_sprite none
position_in_layer -80 640
layer_index 2
}
Device/Lever_PullDown 47 {
operate 66
on_switch_on_action run
position_in_layer -160 480
layer_index 2
}
steelspikes_S 48 {
position_in_layer 0 -200
layer_index 2
}
Spec/Region 51 {
size 265 102
balloon true
magneto false
killer true
position_in_layer -390 -115
layer_index 2
}
Spec/Region 52 {
size 117 112
balloon true
magneto false
killer true
position_in_layer -320 120
layer_index 2
}
Spec/Region 53 {
size 276 36
balloon true
magneto false
killer true
position_in_layer -480 83
layer_index 2
}
Spec/Region 54 {
size 37 109
balloon true
magneto false
killer true
position_in_layer -440 240
layer_index 2
}
Spec/Region 56 {
size 73 115
balloon true
magneto false
killer true
position_in_layer -398 326
layer_index 2
}
Spec/Region 57 {
size 74 221
balloon true
magneto false
killer true
position_in_layer -320 363
layer_index 2
}
Spec/Region 58 {
size 81 102
balloon true
magneto false
killer true
position_in_layer -242 365
layer_index 2
}
Spec/Region 59 {
size 36 111
balloon true
magneto false
killer true
position_in_layer -159 326
layer_index 2
}
Break/Bridge 60 {
broken false
operate 61
position_in_layer -160 -240
layer_index 2
}
Break/Bridge 61 {
broken false
position_in_layer -160 -200
layer_index 2
}
Spec/Actions/Camera 66 {
a1_target 60
a2_target 60
a2_action signal0
position_in_layer -193 598
layer_index 2
}
Crate/solid 67 {
position_in_layer 800 420
layer_index 2
}
Crate/solid 68 {
position_in_layer 820 460
layer_index 2
}
Crate/solid 69 {
position_in_layer 960 460
layer_index 2
}
SoundMachine 70 {
position_in_layer 480 559
layer_index 2
}
} // entities
