sprite_table {
 bgr/wall_brick 1
 bgr/wall_brick2 2
 bgr/wire2 3
 bgr/arc_top1 4
 bgr/arc_top2 5
 bgr/arc_top3 6
 bgr/arc_left 7
 bgr/arc_right 8
 bgr/wire1 9
 bgr/column1 10
 bgr/win2 11
 bgr/pipe2 12
 bgr/pipe6 13
 bgr/pipe1 14
 bgr/pipe4 15
 bgr/futro_H 16
 bgr/column2 17
 bgr/plate4 18
 bgr/plate2 19
 bgr/win3 20
 bgr/column3 21
 bgr/pipe3 22
 bgr/pipe5 23
 bgr/futro_V 24
 bgr/win1 25
 bgr/grate 26
 bgr/hole1 27
 bgr/bigarc_top1 28
 bgr/bigarc_top2 29
 bgr/bigarc_top3 30
 bgr/bigarc_left_curve 31
 bgr/bigarc_right_curve 32
 bgr/plate3 33
 bgr/bigarc_left 34
 bgr/bigarc_right 35
 bgr/eyes 36
 bgr/eyes_big 37
 wall_metalA_03 38
 wall_metalA_01 39
 metal_pipe_08 40
 wall_metalA_02 41
 wall_arc_01 42
 wall_arc_02 43
 wall_arc_03 44
 wall_stoneA_10 45
 shadow_fix_01 46
 shadow_fix_02 47
 wall_stoneA_05 48
 metal_fatpipe_09 49
 wall_stoneA_09 50
 wall_stoneA_04 51
 crane10 52
 wall_brick02 53
 crane_platform 54
 crane09 55
 wall_stoneA_02 56
 metal_ramp_02 57
 crane15 58
 wire_2V 59
 tile/deathray_E 60
 crane07 61
 crane_grab 62
 wall_stoneA_15 63
 nogumW 64
 pipeend_1 65
 comp02 66
 wire_2E 67
 wire_2H 68
 comp05 69
 metal_pipejoint_02 70
 metal_pipe_06 71
 metal_fatpipe_07 72
 metal_grate 73
 metal_fatpipe_04 74
 halfplate_11 75
 halfplate_13b 76
 metal_pipe_09 77
 pipeend_4 78
 metal_pipeend 79
 pistyH 80
 halfplate_14 81
 metal_pipejoint_01 82
 metal_pipejoint_03 83
 metal_pipe_03 84
 wall_stoneA_03 85
 wall_brick01 86
 wall_brick03 87
 wall_stoneA_06 88
 wall_stoneA_07 89
 wall_stoneA_08 90
 wall_stoneA_01 91
 wall_stoneA_00 92
 teleOUT_dn 93
 mandi 94
 pipeend_3 95
 metal_fatpipe_01 96
 metal_ramp_01 97
 metal_pipe_10 98
 metal_ramp_03 99
 crane01 100
 crane03 101
 crane04 102
 tech_light 103
 wall_green_24a 104
 wall_half_05 105
 metal_pipejoint_04 106
 crane08 107
 tile/crate 108
 teleIN_up 109
 nogumE 110
 nobubble_field 111
 bulbsofdeath_end 112
 tractor2 113
 tractor4 114
 metal_quadpipe 115
 halfplate_01 116
 halfplate_06 117
 halfplate_10 118
 halfplate_04 119
 halfplate_04b 120
 biggate 121
 tile/crate/solid 122
 sign/storage 123
 sign/stripe3 124
} // sprite_table

layers {
clear_screen true
layer // layer 0
name noname
offset 0 0
cells_offset -2080 280
scroll_scale_factor_1 1 1
scroll_scale_factor_2 1 1
cell_size 40 40
width 78
height 18
no_cells
sprite_cells
0 0 0 0 0 0 0 0 0 0 0 0 0 0 0 0 0 0 0 0 0 0 0 0 0 0 0 0 0 0 0 0 0 0 0 0 0 0 0 0 0 0 0 0 0 0 0 0 0 0 0 0 0 0 0 0 0 0 0 0 0 0 0 0 0 0 0 0 0 0 0 0 0 0 0 0 0 0 0 0 0 0 0 0 0 0 0 0 0 0 0 0 0 0 0 0 0 0 0 0 0 0 0 0 0 0 0 0 0 0 0 0 0 0 0 0 0 0 0 0 0 0 0 0 0 0 0 0 0 0 0 0 0 0 0 0 0 0 0 0 0 0 0 0 0 0 1 0 0 0 2 0 1 0 0 0 
0 0 0 0 0 0 0 0 0 0 0 0 0 0 0 0 0 0 0 0 0 0 0 0 0 0 0 0 0 0 0 0 0 0 0 0 0 0 0 0 0 0 0 0 0 0 0 0 0 0 0 0 0 0 0 0 0 0 0 0 0 0 0 0 0 0 0 0 0 0 0 0 0 0 0 0 0 0 0 0 0 0 0 0 0 0 0 0 0 0 0 0 0 0 0 0 0 0 0 0 0 0 0 0 0 0 0 0 0 0 0 0 0 0 0 0 0 0 0 0 0 0 0 0 0 0 0 0 0 0 0 0 0 0 0 0 0 0 0 0 0 0 0 0 0 0 0 0 0 0 2 0 0 0 0 0 
0 0 0 0 0 0 0 0 0 0 0 0 0 0 0 0 0 0 0 0 0 0 0 0 0 0 0 0 0 0 0 0 0 0 0 0 0 0 0 0 0 0 0 0 0 0 0 0 0 0 0 0 0 0 0 0 0 0 0 0 0 0 0 0 0 0 0 0 0 0 0 0 0 0 0 0 0 0 0 0 0 0 0 0 0 0 0 0 0 0 0 0 0 0 0 0 0 0 0 0 0 0 0 0 0 0 0 0 0 0 0 0 0 0 0 0 0 0 0 0 0 0 0 0 0 0 0 0 0 0 0 0 0 0 0 0 0 0 0 0 0 0 0 0 0 0 3 0 3 0 3 0 3 0 3 0 
0 0 0 0 0 0 0 0 0 0 0 0 0 0 0 0 0 0 0 0 0 0 0 0 0 0 0 0 0 0 0 0 0 0 0 0 0 0 0 0 0 0 0 0 0 0 0 0 0 0 0 0 0 0 0 0 0 0 0 0 0 0 0 0 0 0 0 0 0 0 0 0 0 0 0 0 0 0 0 0 0 0 0 0 0 0 0 0 0 0 0 0 0 0 0 0 0 0 0 0 0 0 0 0 0 0 0 0 0 0 0 0 0 0 0 0 0 0 0 0 0 0 0 0 0 0 0 0 0 0 0 0 0 0 0 0 0 0 0 0 0 0 0 0 0 0 2 0 4 0 5 0 6 0 2 0 
0 0 0 0 0 0 0 0 0 0 0 0 0 0 0 0 0 0 0 0 0 0 0 0 0 0 0 0 0 0 0 0 0 0 0 0 0 0 0 0 0 0 0 0 0 0 0 0 0 0 0 0 0 0 0 0 0 0 0 0 0 0 0 0 0 0 0 0 0 0 0 0 0 0 0 0 0 0 0 0 0 0 0 0 0 0 0 0 0 0 0 0 0 0 0 0 0 0 0 0 0 0 0 0 0 0 0 0 0 0 0 0 0 0 0 0 0 0 0 0 0 0 0 0 0 0 0 0 0 0 0 0 0 0 0 0 0 0 0 0 0 0 0 0 0 0 2 0 7 0 0 0 8 0 2 0 
0 0 1 0 0 0 1 0 0 0 0 0 0 0 2 0 2 0 0 0 0 0 0 0 2 0 2 0 2 0 2 0 9 0 2 0 0 0 0 0 0 0 0 0 0 0 0 0 0 0 0 0 0 0 0 0 0 0 0 0 0 0 0 0 0 0 0 0 0 0 0 0 0 0 0 0 0 0 0 0 0 0 0 0 0 0 0 0 0 0 0 0 0 0 0 0 0 0 0 0 0 0 0 0 0 0 0 0 0 0 0 0 0 0 0 0 0 0 0 0 0 0 0 0 0 0 0 0 0 0 0 0 0 0 0 0 0 0 0 0 0 0 0 0 0 0 2 0 7 0 0 0 8 0 2 0 
2 0 0 0 0 0 0 0 2 0 2 0 10 0 2 0 11 0 2 0 12 0 10 0 2 0 11 0 1 0 0 0 9 0 2 0 2 0 0 0 0 0 0 0 0 0 0 0 0 0 0 0 0 0 0 0 0 0 0 0 0 0 0 0 0 0 2 0 2 0 2 0 2 0 2 0 9 0 2 0 12 0 1 0 0 0 1 0 0 0 1 0 0 0 13 0 14 0 14 0 14 0 15 0 1 0 0 0 0 0 0 0 0 0 0 0 0 0 0 0 0 0 0 0 0 0 0 0 0 0 0 0 0 0 0 0 0 0 0 0 0 0 0 0 0 0 2 0 7 0 0 0 8 0 2 0 
16 0 16 0 0 0 0 0 2 0 2 0 17 0 2 0 0 0 2 0 12 0 17 0 2 0 0 0 0 0 0 0 9 0 2 0 18 0 0 0 0 0 0 0 0 0 0 0 0 0 0 0 0 0 0 0 0 0 0 0 0 0 0 0 0 0 14 0 14 0 14 0 15 0 2 0 9 0 19 0 12 0 0 0 20 0 0 0 0 0 20 0 0 0 2 0 20 0 2 0 2 0 12 0 0 0 0 0 0 0 0 0 0 0 0 0 0 0 0 0 0 0 0 0 0 0 0 0 0 0 0 0 0 0 0 0 0 0 0 0 0 0 0 0 0 0 2 0 7 0 0 0 8 0 2 0 
2 0 2 0 0 0 2 0 0 0 2 0 21 0 22 0 14 0 14 0 23 0 21 0 2 0 2 0 1 0 0 0 0 0 2 0 2 0 0 0 0 0 0 0 0 0 1 0 0 0 2 0 2 0 0 0 1 0 0 0 2 0 0 0 0 0 2 0 19 0 2 0 12 0 2 0 9 0 2 0 12 0 2 0 0 0 1 0 0 0 0 0 1 0 0 0 0 0 1 0 0 0 12 0 19 0 18 0 0 0 1 0 0 0 1 0 0 0 1 0 0 0 1 0 0 0 2 0 9 0 0 0 0 0 0 0 0 0 0 0 0 0 0 0 0 0 2 0 7 0 0 0 8 0 2 0 
16 0 16 0 0 0 2 0 0 0 0 0 0 0 0 0 2 0 2 0 0 0 0 0 0 0 0 0 0 0 0 0 0 0 0 0 0 0 2 0 1 0 0 0 10 0 0 0 2 0 2 0 10 0 10 0 0 0 0 0 2 0 10 0 24 0 1 0 0 0 2 0 12 0 2 0 0 0 2 0 12 0 2 0 2 0 0 0 0 0 2 0 0 0 0 0 2 0 0 0 0 0 12 0 2 0 2 0 25 0 0 0 0 0 0 0 0 0 0 0 25 0 0 0 0 0 2 0 9 0 2 0 25 0 1 0 0 0 24 0 0 0 0 0 1 0 0 0 7 0 0 0 8 0 26 0 
14 0 14 0 14 0 14 0 14 0 14 0 23 0 2 0 2 0 2 0 0 0 0 0 1 0 0 0 1 0 0 0 1 0 0 0 1 0 0 0 0 0 11 0 17 0 4 0 5 0 6 0 17 0 17 0 4 0 5 0 6 0 17 0 24 0 0 0 0 0 2 0 12 0 1 0 0 0 2 0 12 0 1 0 0 0 3 0 3 0 0 0 3 0 3 0 0 0 14 0 14 0 23 0 1 0 0 0 0 0 2 0 2 0 2 0 2 0 2 0 0 0 1 0 0 0 2 0 9 0 2 0 0 0 0 0 0 0 24 0 1 0 0 0 0 0 0 0 0 0 0 0 0 0 0 0 
2 0 2 0 2 0 2 0 2 0 2 0 2 0 2 0 2 0 2 0 24 0 2 0 0 0 0 0 0 0 0 0 0 0 0 0 0 0 0 0 2 0 0 0 17 0 7 0 0 0 8 0 17 0 17 0 7 0 0 0 8 0 17 0 0 0 2 0 22 0 14 0 23 0 0 0 0 0 2 0 12 0 0 0 0 0 1 0 0 0 2 0 2 0 2 0 2 0 1 0 0 0 2 0 0 0 0 0 2 0 2 0 0 0 2 0 0 0 2 0 2 0 0 0 0 0 2 0 9 0 2 0 2 0 1 0 0 0 24 0 0 0 0 0 26 0 2 0 0 0 1 0 0 0 2 0 
2 0 2 0 26 0 2 0 0 0 2 0 2 0 2 0 2 0 2 0 0 0 0 0 0 0 0 0 0 0 0 0 1 0 0 0 1 0 0 0 2 0 2 0 21 0 7 0 0 0 8 0 21 0 21 0 7 0 0 0 8 0 21 0 24 0 2 0 12 0 2 0 2 0 2 0 2 0 2 0 13 0 14 0 0 0 0 0 0 0 0 0 14 0 15 0 0 0 0 0 0 0 0 0 27 0 1 0 0 0 0 0 0 0 0 0 0 0 0 0 2 0 22 0 0 0 2 0 9 0 1 0 0 0 0 0 0 0 1 0 0 0 1 0 0 0 2 0 0 0 0 0 0 0 2 0 
0 0 0 0 0 0 2 0 0 0 0 0 2 0 2 0 2 0 0 0 0 0 0 0 0 0 0 0 0 0 0 0 3 0 3 0 0 0 0 0 0 0 26 0 0 0 0 0 0 0 0 0 0 0 0 0 0 0 0 0 0 0 0 0 0 0 2 0 12 0 2 0 28 0 29 0 30 0 2 0 2 0 2 0 2 0 28 0 29 0 30 0 2 0 12 0 1 0 0 0 1 0 0 0 1 0 0 0 0 0 0 0 1 0 0 0 12 0 0 0 2 0 12 0 1 0 0 0 9 0 0 0 0 0 1 0 0 0 0 0 0 0 0 0 0 0 0 0 2 0 1 0 0 0 2 0 
0 0 0 0 0 0 2 0 0 0 0 0 0 0 2 0 0 0 0 0 0 0 0 0 0 0 0 0 2 0 0 0 1 0 0 0 0 0 0 0 0 0 0 0 0 0 2 0 2 0 2 0 26 0 26 0 2 0 2 0 2 0 0 0 2 0 2 0 12 0 31 0 0 0 0 0 32 0 0 0 33 0 33 0 31 0 0 0 0 0 32 0 0 0 12 0 0 0 0 0 0 0 0 0 0 0 27 0 2 0 2 0 0 0 0 0 12 0 0 0 2 0 12 0 0 0 33 0 18 0 1 0 0 0 0 0 0 0 1 0 0 0 1 0 0 0 0 0 2 0 2 0 0 0 2 0 
0 0 0 0 0 0 0 0 0 0 0 0 0 0 0 0 0 0 0 0 0 0 0 0 0 0 0 0 0 0 0 0 0 0 0 0 0 0 0 0 0 0 0 0 0 0 0 0 0 0 0 0 0 0 0 0 0 0 0 0 0 0 0 0 14 0 14 0 23 0 0 0 0 0 0 0 0 0 0 0 33 0 33 0 0 0 0 0 0 0 0 0 0 0 13 0 14 0 0 0 1 0 0 0 1 0 0 0 1 0 0 0 1 0 0 0 12 0 2 0 2 0 12 0 1 0 0 0 9 0 0 0 0 0 1 0 0 0 0 0 0 0 0 0 0 0 2 0 2 0 2 0 0 0 2 0 
0 0 0 0 0 0 0 0 0 0 0 0 0 0 0 0 0 0 0 0 0 0 0 0 0 0 0 0 0 0 0 0 0 0 0 0 0 0 0 0 0 0 0 0 0 0 0 0 0 0 0 0 0 0 0 0 0 0 0 0 0 0 0 0 2 0 19 0 2 0 34 0 0 0 0 0 0 0 35 0 26 0 26 0 34 0 0 0 0 0 0 0 35 0 2 0 2 0 9 0 0 0 0 0 0 0 0 0 0 0 0 0 0 0 0 0 13 0 14 0 14 0 23 0 0 0 0 0 9 0 2 0 9 0 0 0 0 0 2 0 0 0 0 0 0 0 0 0 0 0 0 0 0 0 0 0 
0 0 0 0 0 0 0 0 0 0 0 0 0 0 0 0 0 0 0 0 0 0 0 0 0 0 0 0 0 0 0 0 0 0 0 0 0 0 0 0 0 0 0 0 0 0 2 0 2 0 2 0 26 0 26 0 2 0 2 0 2 0 0 0 33 0 33 0 33 0 33 0 33 0 33 0 33 0 33 0 33 0 33 0 33 0 33 0 33 0 33 0 33 0 33 0 33 0 33 0 33 0 33 0 33 0 33 0 19 0 33 0 33 0 33 0 33 0 33 0 33 0 33 0 33 0 33 0 33 0 18 0 33 0 33 0 33 0 0 0 0 0 0 0 0 0 0 0 0 0 0 0 0 0 0 0 
decorations 5
926 585 36 0
-611 903 36 0
-587 863 36 3746
-312 933 37 0
-1112 777 37 0

layer // layer 1
name noname
offset 15 15
cells_offset -2120 240
scroll_scale_factor_1 1 1
scroll_scale_factor_2 1 1
cell_size 40 40
width 79
height 19
shadow
no_cells
sprite_cells
0 0 0 0 0 0 0 0 0 0 0 0 0 0 0 0 0 0 0 0 0 0 0 0 0 0 0 0 0 0 0 0 0 0 0 0 0 0 0 0 0 0 0 0 0 0 0 0 0 0 0 0 0 0 0 0 0 0 0 0 0 0 0 0 0 0 0 0 0 0 0 0 0 0 0 0 0 0 0 0 0 0 0 0 0 0 0 0 0 0 0 0 0 0 0 0 0 0 0 0 0 0 0 0 0 0 0 0 0 0 0 0 0 0 0 0 0 0 0 0 0 0 0 0 0 0 0 0 0 0 0 0 0 0 0 0 0 0 0 0 0 0 0 0 0 0 38 0 0 0 38 0 0 0 38 0 0 0 
0 0 0 0 0 0 0 0 0 0 0 0 0 0 0 0 0 0 0 0 0 0 0 0 0 0 0 0 0 0 0 0 0 0 0 0 0 0 0 0 0 0 0 0 0 0 0 0 0 0 0 0 0 0 0 0 0 0 0 0 0 0 0 0 0 0 0 0 0 0 0 0 0 0 0 0 0 0 0 0 0 0 0 0 0 0 0 0 0 0 0 0 0 0 0 0 0 0 0 0 0 0 0 0 0 0 0 0 0 0 0 0 0 0 0 0 0 0 0 0 0 0 0 0 0 0 0 0 0 0 0 0 0 0 0 0 0 0 0 0 0 0 0 0 0 0 39 0 0 0 0 0 0 0 0 0 0 0 
0 0 0 0 0 0 0 0 0 0 0 0 0 0 0 0 0 0 0 0 0 0 0 0 0 0 0 0 0 0 0 0 0 0 0 0 0 0 0 0 0 0 0 0 0 0 0 0 0 0 0 0 0 0 0 0 0 0 0 0 0 0 0 0 0 0 0 0 0 0 0 0 0 0 0 0 0 0 0 0 0 0 0 0 0 0 0 0 0 0 0 0 0 0 0 0 0 0 0 0 0 0 0 0 0 0 0 0 0 0 0 0 0 0 0 0 0 0 0 0 0 0 0 0 0 0 0 0 0 0 0 0 0 0 0 0 0 0 0 0 0 0 0 0 0 0 0 0 0 0 0 0 0 0 0 0 0 0 
0 0 0 0 0 0 0 0 0 0 0 0 0 0 0 0 0 0 0 0 0 0 0 0 0 0 0 0 0 0 0 0 0 0 0 0 0 0 0 0 0 0 0 0 0 0 0 0 0 0 0 0 0 0 0 0 0 0 0 0 0 0 0 0 0 0 0 0 0 0 0 0 0 0 0 0 0 0 0 0 0 0 0 0 0 0 0 0 0 0 0 0 0 0 0 0 0 0 0 0 0 0 0 0 0 0 0 0 0 0 0 0 0 0 0 0 0 0 0 0 0 0 0 0 0 0 0 0 0 0 0 0 0 0 0 0 0 0 0 0 0 0 0 0 0 0 39 0 0 0 0 0 0 0 0 0 0 0 
0 0 0 0 0 0 0 0 0 0 0 0 0 0 0 0 0 0 0 0 0 0 0 0 0 0 0 0 0 0 0 0 0 0 0 0 0 0 0 0 0 0 0 0 0 0 0 0 0 0 0 0 0 0 0 0 0 0 0 0 0 0 0 0 0 0 0 0 0 0 0 0 0 0 0 0 0 0 0 0 0 0 0 0 0 0 0 0 0 0 0 0 0 0 0 0 0 0 0 0 0 0 0 0 0 0 0 0 0 0 0 0 0 0 0 0 0 0 0 0 0 0 0 0 0 0 0 0 0 0 0 0 0 0 0 0 0 0 0 0 0 0 0 0 0 0 0 0 0 0 0 0 0 0 0 0 0 0 
0 0 39 0 38 0 0 0 38 0 0 0 0 0 0 0 0 0 0 0 0 0 0 0 0 0 0 0 0 0 0 0 0 0 0 0 0 0 0 0 0 0 0 0 0 0 0 0 0 0 0 0 0 0 0 0 0 0 0 0 0 0 0 0 0 0 0 0 0 0 0 0 0 0 0 0 0 0 0 0 0 0 0 0 0 0 0 0 0 0 0 0 0 0 0 0 0 0 0 0 0 0 0 0 0 0 0 0 0 0 0 0 0 0 0 0 0 0 0 0 0 0 0 0 0 0 0 0 0 0 0 0 0 0 0 0 0 0 0 0 0 0 0 0 0 0 39 0 0 0 0 0 0 0 0 0 0 0 
39 0 0 0 40 0 40 0 40 0 40 0 38 0 0 0 38 0 0 0 38 0 0 0 41 0 42 0 43 0 44 0 42 0 43 0 44 0 45 0 0 0 0 0 0 0 0 0 0 0 0 0 0 0 0 0 0 0 0 0 0 0 0 0 0 0 38 0 0 0 38 0 0 0 38 0 0 0 38 0 0 0 38 0 0 0 38 0 0 0 38 0 0 0 38 0 0 0 38 0 0 0 38 0 0 0 38 0 0 0 0 0 0 0 0 0 0 0 0 0 0 0 0 0 0 0 0 0 0 0 0 0 0 0 0 0 0 0 0 0 0 0 0 0 0 0 0 0 0 0 0 0 0 0 0 0 0 0 
0 0 0 0 0 0 0 0 0 0 46 0 0 0 0 0 0 0 0 0 0 0 0 0 0 0 0 0 0 0 0 0 0 0 0 0 0 0 0 0 0 0 0 0 0 0 0 0 0 0 0 0 0 0 0 0 0 0 0 0 0 0 0 0 0 0 39 0 0 0 0 0 0 0 0 0 0 0 0 0 0 0 0 0 0 0 0 0 0 0 0 0 0 0 0 0 0 0 0 0 0 0 0 0 0 0 0 0 0 0 0 0 0 0 0 0 0 0 0 0 0 0 0 0 0 0 0 0 0 0 0 0 0 0 0 0 0 0 0 0 0 0 0 0 0 0 39 0 0 0 0 0 0 0 0 0 0 0 
39 0 0 0 0 0 38 0 0 0 39 0 0 0 0 0 0 0 0 0 0 0 0 0 0 0 0 0 0 0 0 0 0 0 0 0 0 0 0 0 0 0 0 0 0 0 0 0 0 0 0 0 0 0 0 0 0 0 0 0 0 0 0 0 0 0 0 0 0 0 0 0 0 0 0 0 0 0 0 0 0 0 0 0 0 0 0 0 0 0 0 0 0 0 0 0 0 0 0 0 0 0 0 0 0 0 0 0 0 0 39 0 38 0 0 0 38 0 0 0 38 0 0 0 38 0 0 0 38 0 0 0 0 0 0 0 0 0 0 0 0 0 0 0 0 0 0 0 0 0 0 0 0 0 0 0 0 0 
0 0 0 0 0 0 39 0 0 0 0 0 0 0 0 0 0 0 0 0 0 0 0 0 0 0 0 0 0 0 0 0 0 0 0 0 0 0 0 0 38 0 0 0 38 0 0 0 42 0 43 0 44 0 38 0 0 0 42 0 43 0 44 0 38 0 0 0 0 0 0 0 0 0 0 0 0 0 46 0 0 0 0 0 0 0 0 0 0 0 0 0 0 0 0 0 0 0 0 0 0 0 0 0 0 0 0 0 47 0 0 0 0 0 0 0 0 0 0 0 0 0 0 0 0 0 0 0 0 0 47 0 38 0 0 0 38 0 0 0 41 0 0 0 0 0 39 0 0 0 0 0 0 0 0 0 0 0 
39 0 0 0 47 0 0 0 0 0 38 0 0 0 38 0 0 0 38 0 0 0 0 0 48 0 0 0 48 0 0 0 48 0 0 0 38 0 0 0 49 0 0 0 0 0 0 0 0 0 0 0 0 0 0 0 0 0 0 0 0 0 0 0 0 0 0 0 0 0 0 0 0 0 0 0 47 0 41 0 0 0 0 0 0 0 46 0 0 0 0 0 46 0 0 0 0 0 46 0 0 0 0 0 0 0 0 0 0 0 0 0 0 0 0 0 46 0 0 0 0 0 0 0 0 0 0 0 0 0 0 0 0 0 0 0 0 0 0 0 47 0 38 0 0 0 0 0 0 0 0 0 0 0 0 0 0 0 
0 0 0 0 0 0 0 0 0 0 0 0 0 0 0 0 0 0 47 0 50 0 48 0 0 0 0 0 0 0 0 0 0 0 0 0 0 0 0 0 0 0 0 0 0 0 0 0 0 0 0 0 0 0 0 0 0 0 0 0 0 0 0 0 0 0 46 0 0 0 0 0 0 0 0 0 0 0 0 0 0 0 0 0 0 0 51 0 0 0 0 0 51 0 0 0 0 0 51 0 0 0 0 0 0 0 0 0 0 0 0 0 0 0 0 0 39 0 46 0 0 0 0 0 0 0 0 0 0 0 0 0 0 0 0 0 0 0 0 0 0 0 0 0 0 0 0 0 0 0 38 0 0 0 38 0 0 0 
39 0 0 0 46 0 0 0 0 0 46 0 0 0 0 0 0 0 0 0 0 0 0 0 0 0 0 0 0 0 0 0 46 0 0 0 0 0 0 0 0 0 0 0 0 0 0 0 0 0 0 0 0 0 0 0 0 0 0 0 0 0 0 0 52 0 53 0 0 0 0 0 0 0 0 0 0 0 0 0 46 0 0 0 0 0 51 0 0 0 0 0 51 0 0 0 0 0 51 0 0 0 0 0 46 0 0 0 0 0 0 0 0 0 0 0 0 0 41 0 46 0 0 0 0 0 46 0 0 0 0 0 0 0 0 0 46 0 0 0 0 0 0 0 0 0 0 0 0 0 39 0 38 0 0 0 41 0 
0 0 54 0 55 0 46 0 0 0 51 0 46 0 0 0 47 0 0 0 0 0 0 0 0 0 0 0 0 0 0 0 56 0 0 0 0 0 0 0 0 0 46 0 0 0 0 0 0 0 0 0 0 0 0 0 0 0 0 0 0 0 0 0 0 0 46 0 0 0 0 0 0 0 0 0 52 0 54 0 55 0 0 0 47 0 51 0 0 0 47 0 51 0 0 0 47 0 51 0 39 0 57 0 51 0 0 0 0 0 0 0 48 0 0 0 48 0 0 0 51 0 0 0 47 0 41 0 0 0 0 0 52 0 58 0 55 0 0 0 52 0 54 0 54 0 54 0 54 0 0 0 0 0 59 0 0 0 
0 0 0 0 0 0 39 0 0 0 0 0 51 0 60 0 0 0 0 0 0 0 0 0 0 0 0 0 0 0 0 0 0 0 0 0 0 0 0 0 0 0 51 0 0 0 38 0 0 0 38 0 0 0 38 0 0 0 38 0 0 0 41 0 0 0 41 0 0 0 0 0 0 0 0 0 0 0 0 0 0 0 0 0 0 0 0 0 0 0 0 0 0 0 0 0 0 0 0 0 0 0 0 0 0 0 0 0 0 0 0 0 39 0 0 0 0 0 0 0 39 0 0 0 0 0 0 0 0 0 0 0 0 0 61 0 0 0 0 0 0 0 41 0 0 0 0 0 0 0 46 0 0 0 62 0 0 0 
0 0 0 0 0 0 0 0 0 0 0 0 0 0 51 0 0 0 0 0 0 0 0 0 0 0 0 0 0 0 0 0 56 0 0 0 0 0 0 0 0 0 0 0 0 0 41 0 0 0 63 0 0 0 0 0 0 0 0 0 63 0 0 0 39 0 0 0 0 0 0 0 0 0 0 0 0 0 0 0 0 0 0 0 0 0 0 0 0 0 0 0 0 0 0 0 0 0 0 0 39 0 0 0 0 0 0 0 0 0 47 0 0 0 0 0 0 0 47 0 0 0 0 0 0 0 0 0 0 0 0 0 0 0 61 0 0 0 0 0 0 0 63 0 0 0 0 0 0 0 56 0 0 0 0 0 0 0 
0 0 0 0 0 0 0 0 0 0 0 0 0 0 0 0 0 0 0 0 0 0 0 0 0 0 0 0 0 0 0 0 0 0 0 0 0 0 0 0 0 0 0 0 0 0 0 0 0 0 0 0 0 0 0 0 0 0 0 0 0 0 0 0 0 0 0 0 0 0 0 0 0 0 0 0 0 0 0 0 0 0 0 0 0 0 0 0 0 0 0 0 0 0 0 0 0 0 47 0 0 0 0 0 0 0 0 0 0 0 0 0 0 0 0 0 0 0 0 0 0 0 0 0 0 0 0 0 0 0 0 0 47 0 64 0 0 0 0 0 0 0 63 0 0 0 0 0 0 0 0 0 0 0 0 0 0 0 
0 0 0 0 0 0 0 0 0 0 0 0 0 0 0 0 0 0 0 0 0 0 0 0 0 0 0 0 0 0 0 0 0 0 0 0 0 0 0 0 0 0 0 0 0 0 38 0 0 0 38 0 0 0 38 0 0 0 38 0 0 0 41 0 39 0 0 0 0 0 0 0 0 0 0 0 0 0 0 0 0 0 0 0 0 0 0 0 0 0 0 0 0 0 0 0 0 0 0 0 0 0 0 0 0 0 0 0 0 0 0 0 0 0 0 0 0 0 0 0 0 0 0 0 0 0 0 0 0 0 0 0 0 0 0 0 0 0 0 0 0 0 0 0 0 0 0 0 0 0 0 0 0 0 0 0 0 0 
0 0 0 0 0 0 0 0 0 0 0 0 0 0 0 0 0 0 0 0 0 0 0 0 0 0 0 0 0 0 0 0 0 0 0 0 0 0 0 0 0 0 0 0 0 0 41 0 0 0 63 0 0 0 0 0 0 0 0 0 63 0 0 0 0 0 0 0 0 0 0 0 0 0 0 0 0 0 0 0 0 0 0 0 0 0 0 0 0 0 0 0 0 0 0 0 0 0 0 0 0 0 0 0 0 0 0 0 0 0 0 0 0 0 0 0 0 0 0 0 0 0 0 0 0 0 0 0 0 0 0 0 0 0 0 0 0 0 0 0 0 0 0 0 0 0 0 0 0 0 0 0 0 0 0 0 0 0 
decorations 3
864 798 41 0
-80 760 47 0
-640 735 47 0

layer // layer 2
name Main
offset 0 0
cells_offset -2120 160
scroll_scale_factor_1 1 1
scroll_scale_factor_2 1 1
cell_size 40 40
width 80
height 22
cells
0 0 0 0 0 0 0 0 0 0 0 0 0 0 0 0 0 0 0 0 0 0 0 0 0 0 0 0 0 0 0 0 0 0 0 0 0 0 0 0 0 0 0 0 0 0 0 0 0 0 0 0 0 0 0 0 0 0 0 0 0 0 0 0 0 0 0 0 0 0 0 0 0 0 0 0 0 0 0 0 
0 0 0 0 0 0 0 0 0 0 0 0 0 0 0 0 0 0 0 0 0 0 0 0 0 0 0 0 0 0 0 0 0 0 0 0 0 0 0 0 0 0 0 0 0 0 0 0 0 0 0 0 0 0 0 0 0 0 0 0 0 0 0 0 0 0 0 0 0 0 0 0 0 0 0 0 0 0 0 0 
0 0 0 0 0 0 0 0 0 0 0 0 0 0 0 0 0 0 0 0 0 0 0 0 0 0 0 0 0 0 0 0 0 0 0 0 0 0 0 0 0 0 0 0 0 0 0 0 0 0 0 0 0 0 0 0 0 0 0 0 0 0 0 0 0 0 0 0 0 0 0 0 0 0 12290 12290 12290 12290 12290 0 
0 0 0 0 0 0 0 0 0 0 0 0 0 0 0 0 0 0 0 0 0 0 0 0 0 0 0 0 0 0 0 0 0 0 0 0 0 0 0 0 0 0 0 0 0 0 0 0 0 0 0 0 0 0 0 0 0 0 0 0 0 0 0 0 0 0 0 0 0 0 0 0 0 1538 0 0 0 0 0 194 
0 0 0 0 0 0 0 0 0 0 0 0 0 0 0 0 0 0 0 0 0 0 0 0 0 0 0 0 0 0 0 0 0 0 0 0 0 0 0 0 0 0 0 0 0 0 0 0 0 0 0 0 0 0 0 0 0 0 0 0 0 0 0 0 0 0 0 0 0 0 0 0 0 1538 0 0 0 0 0 194 
0 0 0 0 0 0 0 0 0 0 0 0 0 0 0 0 0 0 0 0 0 0 0 0 0 0 0 0 0 0 0 0 0 0 0 0 0 0 0 0 0 0 0 0 0 0 0 0 0 0 0 0 0 0 0 0 0 0 0 0 0 0 0 0 0 0 0 0 0 0 0 0 0 1538 0 0 0 0 0 194 
0 0 0 0 0 0 0 0 0 0 0 0 0 0 0 0 0 0 0 0 0 0 0 0 0 0 0 0 0 0 0 0 0 0 0 0 0 0 0 0 0 0 0 0 0 0 0 0 0 0 0 0 0 0 0 0 0 0 0 0 0 0 0 0 0 0 0 0 0 0 0 0 0 1538 0 0 0 0 0 194 
0 0 0 0 0 0 0 0 0 0 0 0 0 0 0 0 0 0 0 0 0 0 0 0 0 0 0 0 0 0 0 0 0 0 0 0 0 0 0 0 0 0 0 0 0 0 0 0 0 0 0 0 0 0 0 0 0 0 0 0 0 0 0 0 0 0 0 0 0 0 0 0 0 1538 0 0 0 0 0 194 
12290 12290 12290 12290 12290 12290 12290 12290 12290 12290 12290 12290 2 2 2 2 2 2 2 2 2 0 0 0 0 0 0 0 0 0 0 0 0 2 2 2 2 2 2 2 2 2 2 2 2 2 2 2 2 2 2 2 2 2 2 2 0 0 0 0 0 0 0 0 0 0 0 0 0 0 0 0 0 1538 0 0 0 0 0 194 
1538 0 0 0 0 0 0 0 0 0 0 0 0 0 0 0 0 0 0 0 2 0 0 0 0 0 0 0 0 0 0 0 0 2 0 0 0 0 0 0 0 0 0 0 0 0 0 0 0 0 0 0 0 0 0 2 0 0 0 0 0 0 0 0 0 0 0 0 0 0 0 0 0 1538 0 0 0 0 0 194 
1538 0 0 218 12290 1562 0 0 0 0 0 0 0 0 0 0 0 0 0 0 2 0 0 0 0 0 0 0 0 0 0 0 0 2 0 0 0 0 0 0 0 0 0 0 0 0 0 0 0 0 0 0 0 0 0 2 2 2 2 2 2 2 2 2 2 2 2 0 0 0 0 0 0 1538 0 0 0 0 0 194 
1538 0 0 1730 0 1730 0 0 0 0 0 0 0 0 0 0 0 0 0 0 2 2 2 2 2 2 2 2 2 2 2 2 2 2 0 0 0 0 0 0 0 0 0 0 0 0 0 0 0 0 0 0 0 0 0 12290 0 0 0 0 0 0 0 0 0 0 2 12290 2 2 2 2 0 1538 0 0 0 0 0 194 
2 0 0 2 0 12482 12314 12314 12314 12314 12314 2 2 2 2 2 2 12314 12314 12314 13826 0 0 0 0 0 0 0 0 0 0 0 0 0 0 0 0 0 0 14042 0 0 0 0 0 0 0 0 0 0 0 0 0 0 0 0 0 0 0 0 0 0 0 0 0 0 0 0 0 0 0 2 2 2 0 0 0 0 0 2 
2 0 0 0 0 0 0 0 0 0 2 2 2 0 0 0 0 0 0 0 0 0 0 0 0 0 0 0 0 0 0 0 0 0 0 0 0 0 0 0 0 0 0 1754 0 0 1754 0 0 1754 0 0 0 0 0 0 0 0 2 0 0 0 0 0 0 0 0 0 0 0 0 0 0 0 0 2 2 2 2 2 
2 0 0 0 0 0 0 0 0 0 0 0 0 0 0 0 0 0 0 0 0 0 0 0 0 0 0 0 0 0 0 0 2 1538 0 0 0 0 0 0 0 0 0 14018 0 0 1730 0 0 1730 0 0 0 0 0 0 0 2 2 2 0 0 0 0 0 0 0 0 0 0 0 0 0 0 0 2 0 0 0 0 
2 2 2 0 0 194 0 0 0 2 2 2 2 2 2 2 2 0 0 0 0 0 0 0 0 0 0 0 0 0 0 0 0 0 0 0 0 0 2 2 2 0 0 2 0 0 2 0 0 2 2 2 2 0 0 0 2 2 2 2 2 0 0 2 0 0 2 2 2 0 2 2 2 2 2 2 0 0 0 0 
0 0 2 2 0 194 2 0 0 0 2 2 2 2 2 2 2 0 0 2 2 2 0 2 2 2 2 2 2 2 2 2 2 2 0 0 0 0 0 0 0 0 0 0 0 0 0 0 0 0 2 0 0 0 0 0 194 0 0 0 2 0 0 0 0 0 0 2 0 0 0 2 0 0 0 0 0 0 0 0 
0 0 0 2 0 194 2 2 2 2 2 0 0 0 0 0 2 0 0 2 0 2 2 2 0 0 0 0 0 0 0 0 2 0 0 0 0 0 0 0 0 0 0 0 0 0 0 0 0 0 2 0 0 0 0 0 14018 0 0 0 2 0 0 0 0 0 0 2 0 0 0 2 0 0 0 0 0 0 0 0 
0 0 0 2 2 2 0 0 0 0 0 0 0 0 0 0 2 0 0 2 0 0 0 0 0 0 0 0 0 0 0 0 2 0 0 0 0 0 0 0 0 0 0 0 0 0 0 0 0 0 2 0 0 0 0 0 0 0 0 0 0 0 0 0 0 0 0 2 0 0 0 2 0 0 0 0 0 0 0 0 
0 0 0 0 0 0 0 0 0 0 0 0 0 0 0 0 2 2 2 2 0 0 0 0 0 0 0 0 0 0 0 0 2 0 0 0 0 0 0 0 0 0 0 0 0 0 0 0 0 0 0 0 0 0 0 0 0 0 0 0 0 0 0 0 0 0 0 0 0 0 0 2 0 0 0 0 0 0 0 0 
0 0 0 0 0 0 0 0 0 0 0 0 0 0 0 0 0 0 0 0 0 0 0 0 0 0 0 0 0 0 0 0 2 0 0 0 0 0 0 0 0 0 0 0 0 0 0 0 0 0 0 0 0 0 0 0 0 0 0 0 0 0 0 0 0 0 0 0 0 0 2 2 0 0 0 0 0 0 0 0 
0 0 0 0 0 0 0 0 0 0 0 0 0 0 0 0 0 0 0 0 0 0 0 0 0 0 0 0 0 0 0 0 2 2 2 2 2 2 2 2 2 2 2 2 2 2 2 2 2 2 2 2 2 2 2 2 2 2 2 2 2 2 2 2 2 2 2 2 2 2 2 0 0 0 0 0 0 0 0 0 
sprite_cells
0 0 0 0 0 0 0 0 0 0 0 0 0 0 0 0 0 0 0 0 0 0 0 0 0 0 0 0 0 0 0 0 0 0 0 0 0 0 0 0 0 0 0 0 0 0 0 0 0 0 0 0 0 0 0 0 0 0 0 0 0 0 0 0 0 0 0 0 0 0 0 0 0 0 0 0 0 0 0 0 0 0 0 0 0 0 0 0 0 0 0 0 0 0 0 0 0 0 0 0 0 0 0 0 0 0 0 0 0 0 0 0 0 0 0 0 0 0 0 0 0 0 0 0 0 0 0 0 0 0 0 0 0 0 0 0 0 0 0 0 0 0 0 0 0 0 65 0 0 0 66 0 0 0 67 0 68 0 69 0 
0 0 0 0 0 0 0 0 0 0 0 0 0 0 0 0 0 0 0 0 0 0 0 0 0 0 0 0 0 0 0 0 0 0 0 0 0 0 0 0 0 0 0 0 0 0 0 0 0 0 0 0 0 0 0 0 0 0 0 0 0 0 0 0 0 0 0 0 0 0 0 0 0 0 0 0 0 0 0 0 0 0 0 0 0 0 0 0 0 0 0 0 0 0 0 0 0 0 0 0 0 0 0 0 0 0 0 0 0 0 0 0 0 0 0 0 0 0 0 0 0 0 0 0 0 0 0 0 0 0 0 0 0 0 0 0 0 0 0 0 0 0 0 0 0 0 70 0 71 0 70 0 71 0 70 0 71 0 70 0 
0 0 0 0 0 0 0 0 0 0 0 0 0 0 0 0 0 0 0 0 0 0 0 0 0 0 0 0 0 0 0 0 0 0 0 0 0 0 0 0 0 0 0 0 0 0 0 0 0 0 0 0 0 0 0 0 0 0 0 0 0 0 0 0 0 0 0 0 0 0 0 0 0 0 0 0 0 0 0 0 0 0 0 0 0 0 0 0 0 0 0 0 0 0 0 0 0 0 0 0 0 0 0 0 0 0 0 0 0 0 0 0 0 0 0 0 0 0 0 0 0 0 0 0 0 0 0 0 0 0 0 0 0 0 0 0 0 0 0 0 0 0 0 0 72 0 73 0 38 0 0 0 41 0 38 0 0 0 73 0 
0 0 0 0 0 0 0 0 0 0 0 0 0 0 0 0 0 0 0 0 0 0 0 0 0 0 0 0 0 0 0 0 0 0 0 0 0 0 0 0 0 0 0 0 0 0 0 0 0 0 0 0 0 0 0 0 0 0 0 0 0 0 0 0 0 0 0 0 0 0 0 0 0 0 0 0 0 0 0 0 0 0 0 0 0 0 0 0 0 0 0 0 0 0 0 0 0 0 0 0 0 0 0 0 0 0 0 0 0 0 0 0 0 0 0 0 0 0 0 0 0 0 0 0 0 0 0 0 0 0 0 0 0 0 0 0 0 0 0 0 0 0 0 0 74 0 39 0 0 0 0 0 0 0 0 0 0 0 39 0 
0 0 0 0 0 0 0 0 0 0 0 0 0 0 0 0 0 0 0 0 0 0 0 0 0 0 0 0 0 0 0 0 0 0 0 0 0 0 0 0 0 0 0 0 0 0 0 0 0 0 0 0 0 0 0 0 0 0 0 0 0 0 0 0 0 0 0 0 0 0 0 0 0 0 0 0 0 0 0 0 0 0 0 0 0 0 0 0 0 0 0 0 0 0 0 0 0 0 0 0 0 0 0 0 0 0 0 0 0 0 0 0 0 0 0 0 0 0 0 0 0 0 0 0 0 0 0 0 0 0 0 0 0 0 0 0 0 0 0 0 0 0 0 0 74 0 0 0 0 0 0 0 0 0 0 0 0 0 0 0 
0 0 0 0 0 0 0 0 0 0 0 0 0 0 0 0 0 0 0 0 0 0 0 0 0 0 0 0 0 0 0 0 0 0 0 0 0 0 0 0 0 0 0 0 0 0 0 0 0 0 0 0 0 0 0 0 0 0 0 0 0 0 0 0 0 0 0 0 0 0 0 0 0 0 0 0 0 0 0 0 0 0 0 0 0 0 0 0 0 0 0 0 0 0 0 0 0 0 0 0 0 0 0 0 0 0 0 0 0 0 0 0 0 0 0 0 0 0 0 0 0 0 0 0 0 0 0 0 0 0 0 0 0 0 0 0 0 0 0 0 0 0 72 0 49 0 39 0 0 0 0 0 0 0 0 0 0 0 39 0 
75 0 76 0 76 0 76 0 76 0 38 0 0 0 38 0 0 0 77 0 78 0 0 0 0 0 0 0 0 0 0 0 0 0 0 0 0 0 0 0 0 0 0 0 0 0 0 0 0 0 0 0 0 0 0 0 0 0 0 0 0 0 0 0 0 0 0 0 0 0 0 0 0 0 0 0 0 0 0 0 0 0 0 0 0 0 0 0 0 0 0 0 0 0 0 0 0 0 0 0 0 0 0 0 0 0 0 0 0 0 0 0 0 0 0 0 0 0 0 0 0 0 0 0 0 0 0 0 0 0 0 0 0 0 0 0 0 0 0 0 72 0 49 0 51 0 0 0 0 0 0 0 0 0 0 0 0 0 0 0 
41 0 41 0 38 0 0 0 41 0 79 0 80 0 0 0 73 0 76 0 76 0 81 0 0 0 48 0 0 0 48 0 0 0 48 0 0 0 48 0 0 0 48 0 0 0 51 0 51 0 48 0 0 0 51 0 51 0 48 0 0 0 48 0 0 0 56 0 82 0 77 0 77 0 83 0 56 0 82 0 77 0 77 0 83 0 56 0 82 0 77 0 77 0 83 0 56 0 82 0 77 0 77 0 83 0 56 0 0 0 0 0 0 0 0 0 0 0 0 0 0 0 0 0 0 0 0 0 0 0 0 0 0 0 0 0 0 0 72 0 49 0 48 0 0 0 79 0 0 0 0 0 0 0 0 0 0 0 79 0 
38 0 0 0 40 0 40 0 40 0 84 0 41 0 41 0 82 0 77 0 83 0 41 0 85 0 42 0 43 0 44 0 42 0 43 0 44 0 45 0 85 0 86 0 53 0 53 0 53 0 53 0 53 0 53 0 53 0 53 0 53 0 53 0 87 0 0 0 88 0 89 0 89 0 90 0 0 0 48 0 0 0 50 0 51 0 0 0 85 0 48 0 0 0 85 0 0 0 45 0 85 0 48 0 0 0 0 0 85 0 91 0 0 0 0 0 0 0 0 0 0 0 0 0 0 0 0 0 0 0 0 0 0 0 0 0 72 0 49 0 51 0 56 0 51 0 39 0 0 0 0 0 0 0 0 0 0 0 39 0 
41 0 0 0 0 0 0 0 0 0 0 0 0 0 0 0 0 0 0 0 0 0 0 0 0 0 0 0 0 0 0 0 0 0 0 0 0 0 0 0 85 0 86 0 53 0 53 0 53 0 87 0 48 0 0 0 86 0 53 0 53 0 53 0 87 0 56 0 0 0 0 0 0 0 0 0 0 0 0 0 0 0 0 0 0 0 0 0 0 0 0 0 0 0 0 0 0 0 0 0 0 0 0 0 0 0 0 0 0 0 0 0 0 0 48 0 0 0 48 0 0 0 48 0 0 0 48 0 0 0 48 0 0 0 72 0 49 0 92 0 0 0 0 0 85 0 0 0 0 0 0 0 0 0 0 0 0 0 0 0 
41 0 0 0 0 0 39 0 93 0 79 0 0 0 0 0 0 0 0 0 0 0 0 0 0 0 0 0 0 0 0 0 0 0 0 0 0 0 0 0 56 0 86 0 53 0 53 0 53 0 53 0 53 0 53 0 53 0 53 0 53 0 53 0 87 0 0 0 0 0 0 0 0 0 0 0 0 0 0 0 0 0 0 0 0 0 0 0 0 0 0 0 0 0 0 0 0 0 0 0 0 0 0 0 0 0 0 0 0 0 56 0 85 0 45 0 48 0 0 0 85 0 51 0 48 0 0 0 48 0 0 0 85 0 70 0 56 0 0 0 0 0 85 0 56 0 41 0 0 0 0 0 0 0 0 0 0 0 41 0 
41 0 0 0 0 0 0 0 0 0 41 0 0 0 0 0 0 0 0 0 0 0 0 0 0 0 0 0 0 0 0 0 0 0 94 0 0 0 0 0 0 0 85 0 48 0 0 0 42 0 43 0 44 0 48 0 0 0 42 0 43 0 44 0 85 0 85 0 0 0 0 0 0 0 0 0 0 0 0 0 0 0 0 0 0 0 0 0 0 0 0 0 0 0 0 0 0 0 0 0 0 0 0 0 0 0 0 0 0 0 0 0 0 0 0 0 0 0 0 0 0 0 0 0 0 0 0 0 0 0 0 0 50 0 95 0 0 0 51 0 48 0 0 0 0 0 41 0 0 0 0 0 0 0 0 0 0 0 41 0 
85 0 0 0 0 0 85 0 0 0 41 0 41 0 38 0 0 0 77 0 83 0 85 0 45 0 48 0 0 0 48 0 0 0 41 0 73 0 96 0 49 0 0 0 0 0 0 0 0 0 0 0 0 0 0 0 0 0 0 0 0 0 0 0 0 0 0 0 0 0 0 0 0 0 0 0 0 0 41 0 0 0 0 0 0 0 0 0 0 0 0 0 0 0 0 0 0 0 0 0 0 0 0 0 0 0 0 0 0 0 0 0 0 0 0 0 0 0 0 0 0 0 0 0 0 0 0 0 0 0 0 0 0 0 0 0 0 0 0 0 0 0 48 0 0 0 85 0 0 0 0 0 0 0 0 0 0 0 85 0 
56 0 0 0 0 0 0 0 0 0 0 0 0 0 0 0 0 0 0 0 50 0 48 0 0 0 0 0 0 0 0 0 0 0 0 0 0 0 0 0 0 0 0 0 0 0 0 0 0 0 0 0 0 0 0 0 0 0 0 0 0 0 0 0 0 0 0 0 0 0 0 0 0 0 0 0 0 0 0 0 0 0 0 0 0 0 41 0 0 0 0 0 73 0 0 0 0 0 41 0 0 0 0 0 0 0 0 0 0 0 0 0 0 0 0 0 97 0 0 0 0 0 0 0 0 0 0 0 0 0 0 0 0 0 0 0 0 0 0 0 0 0 0 0 0 0 0 0 0 0 48 0 0 0 85 0 48 0 0 0 
0 0 0 0 0 0 0 0 0 0 0 0 0 0 0 0 0 0 0 0 0 0 0 0 0 0 0 0 0 0 0 0 0 0 0 0 0 0 0 0 0 0 0 0 0 0 0 0 0 0 0 0 0 0 0 0 0 0 0 0 0 0 0 0 52 0 85 0 0 0 0 0 0 0 0 0 0 0 0 0 0 0 0 0 0 0 98 0 0 0 0 0 98 0 0 0 0 0 98 0 0 0 0 0 0 0 0 0 0 0 0 0 0 0 85 0 99 0 56 0 0 0 0 0 0 0 0 0 0 0 0 0 0 0 0 0 0 0 0 0 0 0 0 0 0 0 0 0 0 0 56 0 100 0 101 0 102 0 56 0 
85 0 54 0 55 0 0 0 0 0 85 0 0 0 0 0 0 0 48 0 0 0 85 0 48 0 0 0 48 0 0 0 56 0 0 0 0 0 0 0 0 0 0 0 0 0 0 0 0 0 0 0 0 0 0 0 0 0 0 0 0 0 0 0 0 0 0 0 0 0 0 0 0 0 0 0 52 0 54 0 55 0 0 0 0 0 85 0 0 0 0 0 85 0 0 0 0 0 85 0 97 0 57 0 85 0 0 0 0 0 0 0 48 0 0 0 85 0 0 0 50 0 0 0 0 0 85 0 0 0 0 0 52 0 58 0 55 0 0 0 52 0 54 0 54 0 54 0 54 0 0 0 0 0 59 0 0 0 0 0 
86 0 87 0 48 0 0 0 0 0 85 0 85 0 0 0 0 0 0 0 48 0 0 0 103 0 103 0 103 0 103 0 0 0 0 0 0 0 85 0 48 0 0 0 0 0 56 0 86 0 53 0 53 0 53 0 53 0 53 0 53 0 87 0 85 0 85 0 0 0 0 0 0 0 0 0 0 0 0 0 0 0 0 0 0 0 0 0 0 0 0 0 0 0 0 0 0 0 0 0 99 0 0 0 0 0 0 0 0 0 0 0 85 0 0 0 0 0 0 0 56 0 0 0 0 0 0 0 0 0 0 0 0 0 61 0 0 0 0 0 0 0 85 0 0 0 0 0 0 0 0 0 0 0 62 0 0 0 85 0 
86 0 53 0 87 0 51 0 0 0 85 0 48 0 0 0 0 0 51 0 85 0 48 0 0 0 104 0 104 0 48 0 0 0 0 0 0 0 48 0 0 0 48 0 0 0 0 0 0 0 63 0 0 0 0 0 0 0 0 0 63 0 0 0 56 0 105 0 0 0 0 0 0 0 0 0 0 0 0 0 0 0 0 0 0 0 0 0 0 0 0 0 0 0 0 0 0 0 0 0 99 0 0 0 0 0 0 0 0 0 0 0 106 0 0 0 0 0 0 0 0 0 0 0 0 0 0 0 0 0 0 0 0 0 107 0 0 0 0 0 0 0 63 0 0 0 108 0 108 0 108 0 0 0 0 0 0 0 56 0 
86 0 53 0 87 0 85 0 109 0 85 0 38 0 0 0 38 0 0 0 38 0 0 0 38 0 0 0 38 0 0 0 85 0 0 0 0 0 85 0 86 0 53 0 53 0 53 0 53 0 53 0 53 0 53 0 53 0 53 0 53 0 87 0 0 0 0 0 0 0 0 0 0 0 0 0 0 0 0 0 0 0 0 0 0 0 0 0 0 0 0 0 0 0 0 0 0 0 0 0 110 0 111 0 111 0 111 0 111 0 111 0 111 0 111 0 111 0 111 0 111 0 111 0 111 0 111 0 111 0 111 0 111 0 64 0 0 0 0 0 0 0 63 0 112 0 113 0 114 0 0 0 0 0 0 0 0 0 0 0 
0 0 0 0 0 0 0 0 0 0 0 0 0 0 0 0 0 0 0 0 0 0 0 0 0 0 0 0 0 0 48 0 0 0 85 0 48 0 0 0 86 0 53 0 53 0 53 0 53 0 53 0 53 0 53 0 53 0 53 0 53 0 87 0 56 0 0 0 0 0 0 0 0 0 0 0 0 0 0 0 0 0 0 0 0 0 0 0 0 0 0 0 0 0 0 0 0 0 0 0 0 0 0 0 0 0 0 0 0 0 0 0 0 0 0 0 0 0 0 0 0 0 0 0 0 0 0 0 0 0 0 0 0 0 0 0 0 0 0 0 0 0 85 0 48 0 0 0 48 0 0 0 48 0 0 0 48 0 0 0 
0 0 0 0 0 0 0 0 0 0 0 0 0 0 0 0 0 0 0 0 0 0 0 0 0 0 0 0 0 0 0 0 48 0 0 0 51 0 51 0 86 0 53 0 53 0 87 0 0 0 63 0 0 0 0 0 0 0 0 0 63 0 0 0 0 0 0 0 0 0 0 0 0 0 0 0 0 0 0 0 0 0 0 0 0 0 0 0 0 0 0 0 0 0 0 0 0 0 0 0 0 0 0 0 0 0 0 0 0 0 0 0 0 0 0 0 0 0 0 0 0 0 0 0 0 0 0 0 0 0 0 0 0 0 0 0 0 0 0 0 56 0 39 0 39 0 39 0 41 0 39 0 115 0 39 0 39 0 56 0 
0 0 0 0 0 0 0 0 0 0 0 0 0 0 0 0 0 0 0 0 0 0 0 0 0 0 0 0 0 0 0 0 0 0 48 0 0 0 45 0 86 0 53 0 53 0 53 0 53 0 53 0 53 0 53 0 53 0 53 0 53 0 87 0 85 0 48 0 0 0 48 0 0 0 48 0 0 0 48 0 0 0 85 0 48 0 0 0 51 0 85 0 48 0 0 0 48 0 0 0 48 0 0 0 48 0 0 0 85 0 48 0 0 0 48 0 0 0 48 0 0 0 48 0 0 0 48 0 0 0 85 0 48 0 0 0 51 0 85 0 0 0 0 0 0 0 0 0 79 0 0 0 41 0 0 0 0 0 0 0 
decorations 11
-800 720 116 0
121 799 117 0
79 600 118 0
-1940 841 119 0
-1621 459 105 0
-1920 760 117 0
-1920 800 120 0
958 849 121 0
818 799 108 0
859 800 122 0
942 687 123 0

layer // layer 3
name noname
offset 0 0
cells_offset 760 920
scroll_scale_factor_1 1 1
scroll_scale_factor_2 1 1
cell_size 40 40
width 7
height 1
no_cells
sprite_cells
124 0 124 0 124 0 124 0 124 0 124 0 124 0 
decorations 0

} // layers

entities { 
hero/Magneto 2 {
position_in_layer 920 280
layer_index 2
}
Break/Bridge 3 {
operate 4
position_in_layer 40 840
layer_index 2
}
Break/Bridge 4 {
position_in_layer 0 760
layer_index 2
}
teeth120_W 14 {
position_in_layer -2000 560
layer_index 2
}
teeth120_E 15 {
position_in_layer -2100 560
layer_index 2
}
Device/Respawn 16 {
position_in_layer -1520 720
layer_index 2
}
Device/Respawn 17 {
position_in_layer -560 600
layer_index 2
}
ortho/crocodile 18 {
anim_fwd sadstewie
anim_bwd sadstewie
move_distance 560
col_offset 0 0
col_size 40 28
position_in_layer -1361 766
layer_index 2
}
ortho/crocodile 21 {
anim_fwd sadstewie
anim_bwd sadstewie
move_distance 560
start_delay 2000 2000
col_offset 0 0
col_size 40 28
position_in_layer -1361 766
layer_index 2
}
DeathRayH 23 {
on_duration 1000
off_duration 1000
position_in_layer -1840 800
layer_index 2
}
shooter/cannon 25 {
angle 0 0
shot_delay 2000 2000
shot_offset 50 16
shot_angle 0 0
position_in_layer -1880 762
layer_index 2
}
Device/FloorButton 36 {
operate 38
position_in_layer -1800 840
layer_index 2
}
DoorSingleH 38 {
position_in_layer -1960 640
layer_index 2
}
DoorSingleH 39 {
start_opened true
position_in_layer -1960 800
layer_index 2
}
Crate/solid 40 {
position_in_layer -1940 620
layer_index 2
}
Device/Lever_N 43 {
on true
operate 39
col_offset 7 12
col_size 26 30
position_in_layer -1740 720
layer_index 2
}
Device/Teleport 46 {
target 47
position_in_layer -1960 840
layer_index 2
}
Device/Teleport 47 {
position_in_layer -1960 600
layer_index 2
}
Device/Lever_PullDown 48 {
operate 3
position_in_layer 200 800
layer_index 2
}
shooter/drop 49 {
shot_delay 500 500
shot_delay2 2000 2000
position_in_layer 580 660
layer_index 2
}
ortho/sadStewie 50 {
speed_fwd 80
speed_bwd 80
position_in_layer 460 640
layer_index 2
}
ortho/sadStewie 52 {
speed_fwd 80
speed_bwd 80
start_delay 1500 1500
position_in_layer 340 640
layer_index 2
}
thorns/medium_W 53 {
position_in_layer 1023 445
layer_index 2
}
thorns/medium_E 55 {
position_in_layer 836 525
layer_index 2
}
ortho/crocodile 56 {
anim_fwd pinkbat
anim_bwd pinkbat
speed_fwd 120
move_distance 160
col_offset 5 5
col_size 30 20
position_in_layer 835 489
layer_index 2
}
Device/Respawn 58 {
position_in_layer 760 720
layer_index 2
}
Device/Respawn 59 {
position_in_layer -100 720
layer_index 2
}
ortho/crocodile 63 {
speed_fwd 160
speed_bwd 160
move_distance 640
position_in_layer -516 638
layer_index 2
}
ortho/crocodile 64 {
speed_bwd 160
move_distance 640
start_delay 2000 2000
position_in_layer -516 638
layer_index 2
}
bot/UFO 65 {
move_distance 0
shot_delay 500 500
shot_delay2 2000 2000
position_in_layer -250 535
layer_index 2
}
bot/UFO 67 {
move_distance 0
shot_delay 1500 1500
position_in_layer -370 536
layer_index 2
}
shooter/drop 68 {
shot_delay 1500 1500
position_in_layer -540 700
layer_index 2
}
Spec/LevelExit 71 {
closed_sprite none
opened_sprite none
position_in_layer -1440 600
layer_index 2
}
THORNBALL/big 72 {
position_in_layer 836 339
layer_index 2
}
Spec/Region 73 {
size 640 40
balloon true
killer true
position_in_layer -80 880
layer_index 2
}
AcidPool 74 {
size 37 1
position_in_layer -800 960
layer_index 2
}
steelspikes_N 75 {
position_in_layer -1440 880
layer_index 2
}
steelspikes_N 76 {
position_in_layer -1400 880
layer_index 2
}
SoundMachine 77 {
position_in_layer -1860 421
layer_index 2
}
} // entities
