sprite_table {
 bgr/plate_01 1
 bgr/plate_wire_1 2
 bgr/plate_13 3
 bgr/rock_03 4
 bgr/rock_01 5
 bgr/plate_08 6
 bgr/rock_07 7
 bgr/rock_02 8
 bgr/eyes 9
 bgr/mix_futro04 10
 bgr/eyes_big 11
 wall_stoneA_05 12
 wall_stoneA_02 13
 shadow_fix_01 14
 wall_stoneA_06 15
 wall_stoneA_07 16
 shadow_fix_02 17
 spikes2_W0 18
 wall_stoneA_09 19
 wall_stoneA_04 20
 wall_stoneA_01 21
 wall_stoneA_00 22
 wall_stoneA_08 23
 wall_metalA_01 24
 wall_metalA_02 25
 metal_ramp_01 26
 pipeend_2 27
 metal_pipe_09 28
 pistyV 29
 wall_stoneA_03 30
 metal_ramp_03 31
 wall_tech_11 32
 wall_tech_07 33
 wall_tech_12 34
 wall_tech_06 35
 pistyH 36
 wall_tech_09 37
 wall_tech_43 38
 wall_noidea_12 39
 wall_noidea_13 40
 wall_tech_40 41
 wall_tech_45 42
 wall_tech_42 43
 metal_grate 44
 wall_green_25a 45
 wind_field_E 46
 bigcogwheel 47
 tile/fan_e 48
 metal_pipejoint_02 49
 wall_tech_41 50
 wall_stoneA_12 51
 wall_stoneA_13 52
 wall_tech_10 53
 wall_tech_05 54
 wall_stoneA_10 55
 sign/gaugeB 56
 sign/number1 57
 sign/number3 58
 sign/number4 59
 sign/number5 60
 sign/number2 61
} // sprite_table

layers {
clear_screen true
layer // layer 0
name noname
offset 0 0
cells_offset -520 240
scroll_scale_factor_1 1 1
scroll_scale_factor_2 1 1
cell_size 40 40
width 83
height 8
no_cells
sprite_cells
1 0 2 0 3 0 0 0 1 0 0 0 0 0 0 0 0 0 0 0 0 0 0 0 0 0 0 0 0 0 0 0 0 0 0 0 0 0 0 0 0 0 0 0 0 0 0 0 0 0 0 0 0 0 0 0 0 0 0 0 0 0 0 0 0 0 0 0 0 0 0 0 0 0 0 0 0 0 0 0 0 0 0 0 0 0 0 0 0 0 0 0 0 0 0 0 0 0 0 0 0 0 0 0 0 0 0 0 0 0 0 0 0 0 0 0 0 0 0 0 0 0 0 0 0 0 0 0 0 0 0 0 0 0 0 0 0 0 0 0 0 0 0 0 0 0 0 0 0 0 0 0 0 0 0 0 1 0 1 0 1 0 1 0 0 0 
1 0 0 0 0 0 0 0 1 0 0 0 0 0 0 0 0 0 0 0 0 0 0 0 0 0 0 0 0 0 0 0 0 0 0 0 0 0 0 0 0 0 0 0 0 0 0 0 0 0 0 0 0 0 0 0 0 0 0 0 0 0 0 0 0 0 0 0 0 0 0 0 0 0 0 0 0 0 0 0 0 0 0 0 0 0 0 0 0 0 0 0 0 0 0 0 0 0 0 0 0 0 0 0 0 0 0 0 0 0 0 0 0 0 0 0 0 0 0 0 0 0 0 0 0 0 0 0 0 0 0 0 0 0 0 0 0 0 0 0 0 0 0 0 0 0 0 0 0 0 0 0 0 0 0 0 1 0 1 0 1 0 1 0 0 0 
0 0 0 0 1 0 1 0 0 0 0 0 0 0 0 0 0 0 0 0 0 0 0 0 0 0 0 0 0 0 0 0 0 0 0 0 0 0 4 0 5 0 0 0 5 0 0 0 5 0 0 0 5 0 0 0 5 0 0 0 5 0 0 0 5 0 0 0 5 0 0 0 5 0 0 0 5 0 0 0 5 0 0 0 5 0 0 0 5 0 0 0 5 0 0 0 0 0 0 0 0 0 0 0 0 0 0 0 0 0 0 0 0 0 0 0 0 0 0 0 0 0 0 0 0 0 0 0 0 0 0 0 0 0 0 0 0 0 0 0 6 0 0 0 0 0 0 0 0 0 0 0 0 0 0 0 1 0 0 0 0 0 0 0 0 0 
7 0 0 0 7 0 0 0 7 0 0 0 7 0 0 0 7 0 0 0 7 0 0 0 7 0 0 0 7 0 0 0 7 0 0 0 0 0 0 0 0 0 0 0 0 0 0 0 0 0 0 0 0 0 0 0 0 0 0 0 0 0 0 0 0 0 0 0 0 0 0 0 0 0 0 0 0 0 0 0 0 0 4 0 0 0 0 0 0 0 0 0 0 0 0 0 7 0 0 0 7 0 0 0 7 0 0 0 7 0 0 0 7 0 0 0 7 0 0 0 7 0 0 0 7 0 0 0 7 0 0 0 7 0 0 0 7 0 0 0 7 0 0 0 7 0 0 0 7 0 0 0 7 0 0 0 7 0 0 0 7 0 0 0 7 0 
5 0 0 0 8 0 0 0 5 0 0 0 5 0 0 0 5 0 0 0 5 0 0 0 8 0 0 0 5 0 0 0 5 0 0 0 5 0 4 0 5 0 0 0 5 0 0 0 5 0 0 0 5 0 0 0 8 0 0 0 5 0 0 0 5 0 0 0 5 0 0 0 5 0 0 0 5 0 0 0 5 0 4 0 5 0 0 0 5 0 0 0 5 0 0 0 5 0 0 0 5 0 0 0 8 0 0 0 5 0 0 0 5 0 0 0 5 0 0 0 5 0 0 0 5 0 0 0 5 0 0 0 5 0 0 0 5 0 0 0 5 0 0 0 5 0 0 0 5 0 0 0 5 0 0 0 5 0 0 0 5 0 0 0 5 0 
0 0 0 0 0 0 0 0 0 0 0 0 0 0 0 0 0 0 0 0 0 0 0 0 0 0 0 0 0 0 0 0 0 0 0 0 0 0 0 0 0 0 0 0 0 0 0 0 0 0 0 0 0 0 0 0 0 0 0 0 0 0 0 0 0 0 0 0 0 0 0 0 0 0 0 0 0 0 0 0 0 0 0 0 0 0 0 0 0 0 0 0 0 0 0 0 0 0 0 0 0 0 0 0 0 0 0 0 0 0 0 0 0 0 0 0 0 0 0 0 0 0 0 0 0 0 0 0 0 0 0 0 0 0 0 0 0 0 0 0 0 0 0 0 0 0 0 0 0 0 0 0 0 0 0 0 0 0 0 0 0 0 0 0 0 0 
5 0 0 0 5 0 0 0 5 0 0 0 8 0 0 0 5 0 0 0 5 0 0 0 5 0 0 0 5 0 0 0 5 0 0 0 5 0 4 0 5 0 0 0 5 0 0 0 5 0 0 0 5 0 0 0 5 0 0 0 5 0 0 0 5 0 0 0 5 0 0 0 5 0 0 0 5 0 0 0 5 0 4 0 5 0 0 0 5 0 0 0 5 0 0 0 5 0 0 0 5 0 0 0 5 0 0 0 5 0 0 0 5 0 0 0 5 0 0 0 5 0 0 0 5 0 0 0 8 0 0 0 5 0 0 0 5 0 0 0 5 0 0 0 5 0 0 0 5 0 0 0 5 0 0 0 5 0 0 0 5 0 0 0 5 0 
0 0 0 0 0 0 0 0 0 0 0 0 0 0 0 0 0 0 0 0 0 0 0 0 0 0 0 0 0 0 0 0 0 0 0 0 0 0 0 0 0 0 0 0 0 0 0 0 0 0 0 0 0 0 0 0 0 0 0 0 0 0 0 0 0 0 0 0 0 0 0 0 0 0 0 0 0 0 0 0 0 0 0 0 0 0 0 0 0 0 0 0 0 0 0 0 0 0 0 0 0 0 0 0 0 0 0 0 0 0 0 0 0 0 0 0 0 0 0 0 0 0 0 0 0 0 0 0 0 0 0 0 0 0 0 0 0 0 0 0 6 0 0 0 0 0 0 0 0 0 0 0 0 0 0 0 0 0 0 0 0 0 0 0 0 0 
decorations 5
-11 419 9 0
-441 350 10 0
-401 350 10 0
2600 350 10 0
1593 431 11 0

layer // layer 1
name noname
offset 15 15
cells_offset -560 200
scroll_scale_factor_1 1 1
scroll_scale_factor_2 1 1
cell_size 40 40
width 84
height 9
shadow
no_cells
sprite_cells
12 0 0 0 12 0 0 0 12 0 0 0 0 0 0 0 0 0 0 0 0 0 0 0 0 0 0 0 0 0 0 0 0 0 0 0 0 0 0 0 0 0 0 0 0 0 0 0 0 0 0 0 0 0 0 0 0 0 0 0 0 0 0 0 0 0 0 0 0 0 0 0 0 0 0 0 0 0 0 0 0 0 0 0 0 0 0 0 0 0 0 0 0 0 0 0 0 0 0 0 0 0 0 0 0 0 0 0 0 0 0 0 0 0 0 0 0 0 0 0 0 0 0 0 0 0 0 0 0 0 0 0 0 0 0 0 0 0 0 0 0 0 0 0 0 0 0 0 0 0 0 0 0 0 0 0 12 0 0 0 12 0 0 0 12 0 0 0 
13 0 0 0 0 0 0 0 0 0 0 0 0 0 0 0 0 0 0 0 0 0 0 0 0 0 0 0 0 0 0 0 0 0 0 0 0 0 0 0 0 0 0 0 0 0 0 0 0 0 0 0 0 0 0 0 0 0 0 0 0 0 0 0 0 0 0 0 0 0 0 0 0 0 0 0 0 0 0 0 0 0 0 0 0 0 0 0 0 0 0 0 0 0 0 0 0 0 0 0 0 0 0 0 0 0 0 0 0 0 0 0 0 0 0 0 0 0 0 0 0 0 0 0 0 0 0 0 0 0 0 0 0 0 0 0 0 0 0 0 0 0 0 0 0 0 0 0 0 0 0 0 0 0 0 0 13 0 0 0 0 0 0 0 0 0 0 0 
0 0 0 0 14 0 0 0 0 0 0 0 0 0 0 0 0 0 0 0 0 0 0 0 0 0 0 0 0 0 0 0 0 0 0 0 0 0 0 0 0 0 0 0 0 0 0 0 0 0 0 0 0 0 0 0 0 0 0 0 0 0 0 0 0 0 0 0 0 0 15 0 15 0 0 0 0 0 0 0 0 0 0 0 0 0 0 0 0 0 0 0 0 0 0 0 0 0 0 0 0 0 0 0 0 0 0 0 0 0 0 0 0 0 0 0 0 0 0 0 0 0 0 0 0 0 0 0 0 0 0 0 0 0 0 0 0 0 0 0 0 0 0 0 0 0 0 0 0 0 0 0 0 0 0 0 0 0 0 0 0 0 0 0 0 0 0 0 
0 0 12 0 0 0 0 0 0 0 0 0 0 0 0 0 0 0 0 0 0 0 0 0 0 0 0 0 0 0 0 0 0 0 0 0 0 0 15 0 15 0 15 0 15 0 15 0 15 0 15 0 15 0 15 0 15 0 15 0 15 0 15 0 15 0 15 0 15 0 15 0 15 0 15 0 15 0 15 0 15 0 15 0 15 0 15 0 15 0 15 0 15 0 15 0 0 0 15 0 15 0 15 0 15 0 15 0 15 0 15 0 15 0 15 0 15 0 15 0 15 0 0 0 0 0 0 0 15 0 15 0 15 0 15 0 15 0 15 0 15 0 15 0 15 0 0 0 15 0 15 0 15 0 15 0 15 0 0 0 0 0 0 0 0 0 0 0 
0 0 13 0 0 0 0 0 0 0 0 0 0 0 0 0 0 0 0 0 0 0 0 0 0 0 0 0 0 0 0 0 0 0 0 0 0 0 16 0 0 0 0 0 0 0 0 0 0 0 0 0 0 0 0 0 0 0 0 0 0 0 0 0 0 0 0 0 0 0 0 0 0 0 0 0 0 0 17 0 15 0 0 0 0 0 0 0 0 0 0 0 0 0 17 0 15 0 15 0 0 0 0 0 0 0 0 0 0 0 0 0 0 0 0 0 0 0 0 0 0 0 0 0 0 0 0 0 0 0 0 0 0 0 0 0 0 0 0 0 0 0 0 0 0 0 0 0 0 0 0 0 0 0 0 0 0 0 0 0 14 0 0 0 0 0 18 0 
0 0 0 0 0 0 0 0 0 0 0 0 0 0 0 0 0 0 0 0 0 0 0 0 0 0 0 0 0 0 0 0 0 0 0 0 18 0 16 0 0 0 0 0 0 0 0 0 0 0 0 0 0 0 0 0 0 0 0 0 0 0 0 0 0 0 0 0 0 0 0 0 0 0 14 0 0 0 0 0 0 0 0 0 0 0 0 0 0 0 0 0 0 0 0 0 0 0 0 0 0 0 0 0 14 0 0 0 0 0 0 0 0 0 0 0 0 0 0 0 0 0 0 0 0 0 0 0 0 0 0 0 0 0 0 0 0 0 0 0 0 0 0 0 0 0 0 0 0 0 0 0 0 0 0 0 0 0 17 0 19 0 0 0 0 0 18 0 
0 0 13 0 0 0 0 0 0 0 0 0 0 0 0 0 0 0 0 0 0 0 0 0 0 0 0 0 0 0 0 0 0 0 0 0 0 0 0 0 0 0 0 0 0 0 0 0 0 0 14 0 0 0 0 0 0 0 0 0 0 0 0 0 0 0 0 0 0 0 0 0 17 0 15 0 0 0 0 0 0 0 0 0 0 0 0 0 14 0 0 0 0 0 0 0 0 0 0 0 0 0 0 0 13 0 0 0 0 0 0 0 0 0 0 0 0 0 0 0 0 0 0 0 0 0 0 0 0 0 0 0 0 0 0 0 0 0 0 0 0 0 0 0 0 0 0 0 0 0 0 0 0 0 0 0 0 0 0 0 0 0 0 0 0 0 18 0 
0 0 0 0 0 0 0 0 0 0 0 0 0 0 0 0 0 0 0 0 0 0 0 0 0 0 0 0 0 0 0 0 0 0 0 0 0 0 0 0 0 0 0 0 0 0 0 0 0 0 15 0 0 0 0 0 0 0 0 0 0 0 0 0 0 0 0 0 0 0 0 0 0 0 0 0 0 0 0 0 0 0 0 0 0 0 0 0 15 0 0 0 0 0 0 0 0 0 15 0 0 0 0 0 0 0 0 0 0 0 0 0 0 0 0 0 0 0 0 0 0 0 0 0 0 0 0 0 0 0 0 0 0 0 0 0 0 0 0 0 0 0 0 0 0 0 0 0 0 0 0 0 0 0 0 0 0 0 0 0 0 0 0 0 0 0 18 0 
0 0 0 0 0 0 0 0 0 0 0 0 0 0 0 0 0 0 0 0 0 0 0 0 0 0 0 0 0 0 0 0 0 0 0 0 0 0 0 0 0 0 0 0 0 0 0 0 0 0 0 0 0 0 0 0 0 0 0 0 0 0 0 0 0 0 0 0 0 0 0 0 0 0 0 0 0 0 0 0 0 0 0 0 0 0 0 0 0 0 0 0 0 0 0 0 0 0 0 0 0 0 0 0 0 0 0 0 0 0 0 0 0 0 0 0 0 0 0 0 0 0 0 0 0 0 0 0 0 0 0 0 0 0 0 0 0 0 0 0 20 0 0 0 0 0 0 0 0 0 0 0 0 0 0 0 0 0 0 0 0 0 0 0 0 0 0 0 
decorations 0

layer // layer 2
name Main
offset 0 0
cells_offset -720 200
scroll_scale_factor_1 1 1
scroll_scale_factor_2 1 1
cell_size 40 40
width 89
height 10
cells
0 0 0 0 2 2 2 2 2 2 2 0 0 0 0 0 0 0 0 0 0 0 0 0 0 0 0 0 0 0 0 0 0 0 0 0 0 0 0 0 0 0 0 0 0 0 0 0 0 0 0 0 0 0 0 0 0 0 0 0 0 0 0 0 0 0 0 0 0 0 0 0 0 0 0 0 0 0 0 0 0 0 2 2 2 2 2 2 0 
0 0 0 0 2 0 0 0 0 0 2 0 0 0 0 0 0 0 0 0 0 0 0 0 0 0 0 0 0 0 0 0 0 0 0 0 0 0 0 0 0 0 0 0 0 0 0 0 0 0 0 0 0 0 0 0 0 0 0 0 0 0 0 0 0 0 0 0 0 0 0 0 0 0 0 0 0 0 0 0 0 0 2 0 0 0 0 2 0 
0 0 0 0 2 0 0 0 0 0 2 0 0 0 0 0 0 0 0 0 0 0 0 0 0 0 0 0 0 0 0 0 0 0 0 0 0 0 0 0 0 0 0 0 0 0 0 0 0 0 0 0 0 0 0 0 0 0 0 0 0 0 0 0 0 0 0 0 0 0 0 0 0 0 2 2 2 0 0 0 0 0 2 0 0 0 0 2 0 
0 0 0 0 2 2 2 0 0 2 2 2 2 2 2 2 2 2 2 2 2 2 2 2 2 2 2 2 2 2 2 2 2 2 2 2 2 2 2 2 2 2 2 2 2 2 2 2 2 2 2 2 2 2 2 2 2 2 2 2 2 2 2 2 2 2 2 2 2 2 2 2 2 2 2 2 2 2 2 2 2 2 2 0 2 2 2 2 2 
0 0 0 0 0 2 0 0 0 0 0 0 0 0 0 0 0 0 0 0 0 0 0 2 0 0 0 0 0 0 0 0 0 0 0 0 0 0 0 0 0 0 0 0 2 0 0 0 0 0 0 0 2 2 0 0 0 0 0 0 0 0 0 0 0 0 0 0 0 0 0 0 0 0 0 0 0 0 0 0 0 0 0 0 0 0 0 0 2 
0 0 0 0 0 2 0 0 0 0 0 0 0 0 0 0 0 0 0 0 0 0 0 2 0 0 0 0 0 0 0 0 0 0 0 0 0 0 0 0 0 0 0 0 0 0 0 0 0 0 0 0 0 0 0 0 0 0 0 0 0 0 0 0 0 0 0 0 0 0 0 0 0 0 0 0 0 0 0 0 0 0 0 0 2 0 0 0 2 
0 0 0 0 0 2 0 0 0 0 0 0 0 0 0 0 0 0 0 0 0 0 0 0 0 0 0 0 0 0 0 0 0 0 0 0 0 0 0 0 0 2 0 0 0 0 0 0 0 0 0 0 0 0 0 0 2 0 0 0 0 0 0 0 0 0 0 0 0 0 0 0 0 0 0 0 0 0 0 0 0 0 0 0 0 0 0 0 2 
0 0 0 0 0 2 0 0 0 0 0 0 0 0 0 0 0 0 0 0 0 0 0 0 0 0 0 0 0 2 0 0 0 0 0 0 0 0 0 0 0 0 0 0 0 0 0 0 2 0 0 0 2 2 2 2 2 0 0 0 0 0 0 0 0 0 0 0 0 0 0 0 0 0 0 0 0 0 0 0 0 0 0 0 0 0 0 0 2 
0 0 0 0 0 2 2 2 2 2 2 2 2 2 2 2 2 2 2 2 2 2 2 2 2 2 2 2 2 2 2 2 2 2 2 2 2 2 2 2 2 2 2 2 2 2 2 2 2 2 2 2 2 2 2 2 2 2 2 2 2 2 2 2 2 2 2 2 2 2 2 2 2 2 2 2 2 2 2 2 2 2 2 2 2 2 2 2 2 
0 0 0 0 0 0 0 0 0 0 0 0 0 0 0 0 0 0 0 0 0 0 0 0 0 0 0 0 0 0 0 0 0 0 0 0 0 0 0 0 0 0 0 0 0 0 0 0 0 0 0 0 0 0 0 0 0 0 0 0 0 0 0 0 0 0 0 0 0 0 0 0 0 0 0 0 0 0 0 0 0 0 0 0 0 0 0 0 0 
sprite_cells
21 0 0 0 22 0 0 0 15 0 16 0 16 0 16 0 16 0 16 0 23 0 0 0 0 0 0 0 0 0 0 0 0 0 0 0 0 0 0 0 0 0 0 0 0 0 0 0 0 0 0 0 0 0 0 0 0 0 0 0 0 0 0 0 0 0 0 0 0 0 0 0 0 0 0 0 0 0 0 0 0 0 0 0 0 0 0 0 0 0 0 0 0 0 0 0 0 0 0 0 0 0 0 0 0 0 0 0 0 0 0 0 0 0 0 0 0 0 0 0 0 0 0 0 0 0 0 0 0 0 0 0 0 0 0 0 0 0 0 0 0 0 0 0 0 0 0 0 0 0 0 0 0 0 24 0 25 0 24 0 25 0 24 0 15 0 16 0 16 0 16 0 16 0 23 0 26 0 
0 0 0 0 0 0 0 0 13 0 0 0 0 0 0 0 0 0 0 0 13 0 0 0 0 0 0 0 0 0 0 0 0 0 0 0 0 0 0 0 0 0 0 0 0 0 0 0 0 0 0 0 0 0 0 0 0 0 0 0 0 0 0 0 0 0 0 0 0 0 0 0 0 0 0 0 0 0 0 0 0 0 0 0 0 0 0 0 0 0 0 0 0 0 0 0 0 0 0 0 0 0 0 0 0 0 0 0 0 0 0 0 0 0 0 0 0 0 0 0 0 0 0 0 0 0 0 0 0 0 0 0 0 0 0 0 0 0 0 0 0 0 0 0 0 0 0 0 27 0 28 0 28 0 0 0 29 0 0 0 29 0 0 0 30 0 0 0 0 0 0 0 0 0 30 0 31 0 
32 0 33 0 33 0 34 0 0 0 0 0 0 0 0 0 0 0 0 0 0 0 12 0 0 0 12 0 0 0 0 0 0 0 0 0 0 0 0 0 0 0 0 0 0 0 0 0 0 0 0 0 0 0 0 0 0 0 0 0 0 0 0 0 0 0 0 0 0 0 0 0 0 0 0 0 0 0 0 0 0 0 0 0 0 0 0 0 0 0 0 0 0 0 0 0 0 0 0 0 0 0 0 0 0 0 0 0 0 0 0 0 0 0 0 0 0 0 0 0 0 0 0 0 0 0 0 0 0 0 0 0 0 0 0 0 0 0 0 0 0 0 0 0 0 0 0 0 13 0 12 0 0 0 25 0 0 0 25 0 0 0 25 0 19 0 0 0 0 0 0 0 0 0 19 0 31 0 
35 0 36 0 0 0 37 0 15 0 16 0 23 0 0 0 0 0 19 0 38 0 15 0 23 0 38 0 15 0 16 0 16 0 16 0 16 0 16 0 16 0 16 0 23 0 30 0 15 0 16 0 16 0 16 0 16 0 16 0 16 0 16 0 16 0 16 0 16 0 16 0 16 0 16 0 16 0 16 0 16 0 16 0 16 0 23 0 13 0 12 0 0 0 30 0 12 0 0 0 30 0 20 0 0 0 0 0 30 0 39 0 40 0 12 0 0 0 39 0 40 0 12 0 0 0 39 0 40 0 12 0 0 0 39 0 40 0 12 0 0 0 39 0 40 0 30 0 0 0 0 0 30 0 30 0 12 0 0 0 12 0 0 0 30 0 0 0 12 0 0 0 30 0 12 0 0 0 
41 0 42 0 43 0 44 0 45 0 0 0 46 0 46 0 46 0 46 0 46 0 46 0 46 0 46 0 46 0 46 0 46 0 46 0 46 0 46 0 46 0 46 0 46 0 13 0 46 0 46 0 46 0 46 0 46 0 46 0 46 0 46 0 46 0 46 0 46 0 46 0 46 0 46 0 46 0 46 0 46 0 46 0 46 0 46 0 0 0 46 0 46 0 46 0 46 0 46 0 46 0 46 0 0 0 0 0 46 0 46 0 46 0 46 0 46 0 46 0 46 0 46 0 46 0 46 0 46 0 46 0 46 0 46 0 46 0 46 0 46 0 46 0 46 0 46 0 46 0 46 0 46 0 46 0 46 0 46 0 46 0 46 0 46 0 46 0 46 0 46 0 46 0 0 0 13 0 
35 0 47 0 0 0 24 0 45 0 48 0 46 0 46 0 46 0 46 0 46 0 46 0 46 0 46 0 46 0 46 0 46 0 46 0 46 0 46 0 46 0 46 0 46 0 0 0 46 0 46 0 46 0 46 0 46 0 46 0 46 0 46 0 46 0 46 0 46 0 46 0 46 0 46 0 46 0 46 0 46 0 46 0 46 0 46 0 46 0 46 0 46 0 46 0 46 0 46 0 46 0 46 0 46 0 46 0 46 0 46 0 46 0 46 0 46 0 46 0 46 0 46 0 46 0 46 0 46 0 46 0 46 0 46 0 46 0 46 0 46 0 46 0 46 0 46 0 46 0 46 0 46 0 46 0 46 0 46 0 46 0 46 0 46 0 46 0 30 0 46 0 46 0 0 0 0 0 
35 0 0 0 0 0 0 0 45 0 48 0 46 0 46 0 46 0 46 0 46 0 46 0 46 0 46 0 46 0 46 0 46 0 46 0 46 0 46 0 46 0 46 0 46 0 46 0 46 0 46 0 46 0 46 0 46 0 46 0 46 0 46 0 46 0 46 0 46 0 46 0 46 0 46 0 46 0 46 0 46 0 30 0 46 0 46 0 46 0 46 0 46 0 46 0 46 0 46 0 46 0 46 0 46 0 46 0 46 0 0 0 49 0 46 0 46 0 46 0 46 0 46 0 46 0 46 0 46 0 46 0 46 0 46 0 46 0 46 0 46 0 46 0 46 0 46 0 46 0 46 0 46 0 46 0 46 0 46 0 46 0 46 0 46 0 46 0 46 0 46 0 46 0 0 0 30 0 
41 0 42 0 43 0 44 0 45 0 48 0 46 0 46 0 46 0 46 0 46 0 46 0 46 0 46 0 46 0 46 0 46 0 46 0 46 0 46 0 46 0 46 0 46 0 46 0 46 0 46 0 46 0 46 0 46 0 13 0 46 0 46 0 46 0 46 0 46 0 46 0 46 0 46 0 46 0 46 0 46 0 46 0 46 0 46 0 46 0 46 0 46 0 46 0 13 0 46 0 46 0 0 0 0 0 0 0 22 0 46 0 13 0 46 0 46 0 46 0 46 0 46 0 46 0 46 0 46 0 46 0 46 0 46 0 46 0 46 0 46 0 46 0 46 0 46 0 46 0 46 0 46 0 46 0 46 0 46 0 46 0 46 0 46 0 46 0 46 0 46 0 46 0 0 0 13 0 
35 0 36 0 0 0 34 0 15 0 16 0 16 0 16 0 16 0 23 0 50 0 15 0 23 0 50 0 15 0 16 0 16 0 16 0 16 0 16 0 16 0 16 0 16 0 16 0 16 0 16 0 16 0 16 0 23 0 0 0 15 0 16 0 16 0 16 0 16 0 16 0 16 0 16 0 16 0 16 0 16 0 16 0 16 0 16 0 16 0 16 0 16 0 23 0 0 0 12 0 0 0 30 0 0 0 0 0 0 0 0 0 0 0 51 0 51 0 51 0 51 0 51 0 51 0 51 0 51 0 51 0 51 0 51 0 51 0 51 0 51 0 51 0 51 0 52 0 30 0 0 0 30 0 30 0 30 0 12 0 0 0 30 0 12 0 0 0 30 0 30 0 13 0 30 0 0 0 
53 0 54 0 54 0 37 0 12 0 0 0 12 0 0 0 30 0 12 0 0 0 12 0 0 0 30 0 20 0 12 0 0 0 30 0 12 0 0 0 12 0 0 0 12 0 0 0 30 0 12 0 0 0 12 0 0 0 30 0 20 0 12 0 0 0 30 0 12 0 0 0 55 0 12 0 0 0 30 0 12 0 0 0 12 0 0 0 30 0 20 0 12 0 0 0 30 0 12 0 0 0 12 0 0 0 12 0 0 0 30 0 12 0 0 0 12 0 0 0 30 0 20 0 12 0 0 0 30 0 12 0 0 0 12 0 0 0 12 0 0 0 30 0 12 0 0 0 12 0 0 0 55 0 20 0 12 0 0 0 30 0 12 0 0 0 12 0 0 0 30 0 0 0 12 0 0 0 
decorations 9
2440 279 56 0
2240 315 57 0
2239 519 57 0
1039 359 58 0
1038 520 58 0
199 397 59 0
198 520 59 0
-361 320 60 0
-361 519 60 0

layer // layer 3
name noname
offset 0 0
cells_offset 1360 320
scroll_scale_factor_1 1 1
scroll_scale_factor_2 1 1
cell_size 40 40
width 1
height 5
no_cells
sprite_cells
22 0 
0 0 
0 0 
0 0 
22 0 
decorations 2
1360 356 61 0
1361 481 61 0

} // layers

entities { 
hero/profa_jetpack 25 {
position_in_layer -495 294
layer_index 2
}
Spec/Region 69 {
size 160 160
position_in_layer -320 360
layer_index 2
}
fly/jellyfish 71 {
region 69
position_in_layer -277 382
layer_index 2
}
FanE 75 {
region 123
force_multiplier 500
position_in_layer -520 360
layer_index 2
}
steelspikes_W 78 {
position_in_layer 160 400
layer_index 2
}
steelspikes_W 79 {
position_in_layer 160 360
layer_index 2
}
THORNBALL/medium 80 {
position_in_layer 422 451
layer_index 2
}
ortho/sadStewie 81 {
move_distance 120
position_in_layer 800 362
layer_index 2
}
ortho/sadStewie 84 {
speed_fwd 100
speed_bwd 100
move_distance 120
delay_to_fwd 500
delay_to_bwd 500
position_in_layer 1086 362
layer_index 2
}
spikes_N 85 {
position_in_layer 1360 480
layer_index 2
}
spikes_N 86 {
position_in_layer 1400 480
layer_index 2
}
spikes_S 87 {
position_in_layer 1360 320
layer_index 2
}
spikes_S 88 {
position_in_layer 1400 320
layer_index 2
}
thorns/medium_W 89 {
position_in_layer 1339 480
layer_index 2
}
thorns/medium_W 90 {
position_in_layer 1340 352
layer_index 2
}
thorns/big_N 91 {
position_in_layer 1281 501
layer_index 2
}
thorns/big_S 92 {
position_in_layer 1288 353
layer_index 2
}
THORNBALL/big 93 {
position_in_layer 1675 388
layer_index 2
}
THORNBALL/big 94 {
position_in_layer 1878 474
layer_index 2
}
THORNBALL/big 95 {
position_in_layer 1941 349
layer_index 2
}
Crate/solid 97 {
position_in_layer 2180 500
layer_index 2
}
DeathRayV 98 {
on_duration 1500
off_duration 1500
size 6
position_in_layer 2280 320
layer_index 2
}
steelspikes_W 99 {
position_in_layer 2760 360
layer_index 2
}
steelspikes_W 100 {
position_in_layer 2760 400
layer_index 2
}
steelspikes_W 101 {
position_in_layer 2760 440
layer_index 2
}
steelspikes_W 102 {
position_in_layer 2760 480
layer_index 2
}
teeth40_W 103 {
position_in_layer 2640 400
layer_index 2
}
thorns/big_S 104 {
position_in_layer 2367 353
layer_index 2
}
thorns/big_N 106 {
position_in_layer 2596 501
layer_index 2
}
thorns/big_N 107 {
position_in_layer 2459 501
layer_index 2
}
thorns/medium_S 108 {
position_in_layer 2426 354
layer_index 2
}
thorns/medium_S 109 {
position_in_layer 2700 355
layer_index 2
}
thorns/medium_N 110 {
position_in_layer 2413 502
layer_index 2
}
thorns/medium_N 111 {
position_in_layer 2566 504
layer_index 2
}
thorns/medium_N 112 {
position_in_layer 2668 500
layer_index 2
}
thorns/small_N 113 {
position_in_layer 2377 502
layer_index 2
}
thorns/small_N 114 {
position_in_layer 2600 499
layer_index 2
}
thorns/small_S 115 {
position_in_layer 2650 354
layer_index 2
}
thorns/small_S 116 {
position_in_layer 2419 353
layer_index 2
}
THORNBALL/small 119 {
position_in_layer 2663 426
layer_index 2
}
THORNBALL/medium 122 {
position_in_layer 2069 417
layer_index 2
}
Spec/Region 123 {
size 3240 160
position_in_layer -480 360
layer_index 2
}
Crate/solid 124 {
position_in_layer 2220 500
layer_index 2
}
Spec/LevelExit 125 {
position_in_layer 2680 280
layer_index 2
}
SoundMachine 126 {
size 40 180
position_in_layer -660 346
layer_index 2
}
SoundMachine 127 {
size 80 40
position_in_layer 2420 258
layer_index 2
}
} // entities
