sprite_table {
 bgr/bulkhead 1
 bgr/plate_01 2
 bgr/plate_04 3
 bgr/plate_03 4
 bgr/plate_13 5
 bgr/plate_05 6
 bgr/plate_06 7
 bgr/plate_wire_2 8
 bgr/plate_11 9
 bgr/hugegrate 10
 bgr/plate_wire_1 11
 bgr/hugepipe01 12
 bgr/hugepipe02 13
 bgr/hugepipe04 14
 bgr/hugepipe03 15
 bgr/eyes 16
 wall_yellow_03 17
 wall_yellowx_3 18
 wall_yellowx_4 19
 wall_yellowx_5 20
 wall_yellow_02 21
 wall_yellow_04 22
 wall_metalA_03 23
 metal_pipejoint_04 24
 metal_pipe_08 25
 metal_pipe_03 26
 wall_arc_chain_02 27
 wall_metalA_01 28
 shadow_fix_01 29
 metal_pipeend 30
 shadow_fix_02 31
 wall_metalA_02 32
 wall_yellow_06 33
 metal_lustr 34
 crane10 35
 crane15 36
 crane09 37
 crane11 38
 crane07 39
 metal_fatpipe_02 40
 metal_fatpipe_10 41
 metal_fatpipe_01 42
 metal_fatpipe_09 43
 crane_platform 44
 metal_ramp_02 45
 metal_ramp_01 46
 wall_yellow_10 47
 metal_ramp_03 48
 metal_grate 49
 metal_pipe_09 50
 pistyV 51
 wall_yellow_09 52
 metal_fatpipe_07 53
 metal_fatpipe_08 54
 metal_pipejoint_02 55
 metal_frame 56
 wall_yellow_07 57
 wall_stoneB_02 58
 wall_stoneB_00 59
 wall_yellow_08 60
 metal_quadpipe 61
 metal_fatpipe_03 62
 metal_pipe_10 63
 pipeend_3 64
 wall_noidea_11 65
 wall_noidea_10 66
 wall_noidea_12 67
 wall_noidea_13 68
 crane14 69
 wall_yellow_11 70
 crane08 71
 wall_yellow_01 72
 sign/electricity 73
 sign/gaugeA 74
 sign/arrow3 75
 sign/arrow2 76
 sign/eye 77
 sign/grate_round 78
 sign/gaugeB 79
 sign/acid1 80
 zabradli 81
} // sprite_table

layers {
clear_screen true
layer // layer 0
name noname
offset 0 0
cells_offset -1880 160
scroll_scale_factor_1 1 1
scroll_scale_factor_2 1 1
cell_size 40 40
width 73
height 16
no_cells
sprite_cells
0 0 0 0 0 0 0 0 0 0 0 0 0 0 0 0 0 0 0 0 0 0 0 0 0 0 0 0 0 0 0 0 0 0 0 0 0 0 0 0 0 0 0 0 0 0 0 0 0 0 0 0 0 0 0 0 0 0 0 0 0 0 0 0 0 0 0 0 0 0 0 0 0 0 0 0 0 0 0 0 0 0 0 0 0 0 0 0 0 0 0 0 0 0 0 0 0 0 0 0 0 0 0 0 0 0 0 0 0 0 0 0 0 0 0 0 0 0 0 0 0 0 0 0 0 0 0 0 0 0 0 0 0 0 0 0 0 0 1 0 2 0 2 0 0 0 
0 0 0 0 0 0 0 0 0 0 0 0 0 0 0 0 0 0 0 0 0 0 0 0 0 0 0 0 0 0 0 0 0 0 0 0 0 0 0 0 0 0 0 0 0 0 0 0 0 0 0 0 0 0 0 0 0 0 0 0 0 0 0 0 0 0 0 0 0 0 0 0 0 0 0 0 0 0 0 0 0 0 0 0 0 0 0 0 0 0 0 0 0 0 0 0 0 0 0 0 0 0 0 0 0 0 0 0 0 0 0 0 0 0 0 0 0 0 0 0 0 0 0 0 0 0 0 0 0 0 0 0 0 0 0 0 2 0 0 0 2 0 2 0 2 0 
0 0 0 0 0 0 0 0 0 0 0 0 0 0 0 0 0 0 0 0 0 0 0 0 0 0 0 0 0 0 0 0 0 0 0 0 0 0 0 0 0 0 0 0 0 0 0 0 0 0 0 0 0 0 0 0 0 0 0 0 0 0 0 0 0 0 0 0 0 0 0 0 0 0 0 0 0 0 0 0 0 0 0 0 0 0 0 0 0 0 0 0 0 0 0 0 0 0 0 0 0 0 0 0 0 0 0 0 0 0 0 0 0 0 0 0 0 0 0 0 0 0 0 0 0 0 0 0 0 0 0 0 0 0 0 0 2 0 1 0 2 0 2 0 0 0 
0 0 0 0 0 0 0 0 0 0 0 0 0 0 0 0 0 0 0 0 0 0 0 0 0 0 0 0 0 0 0 0 0 0 0 0 0 0 0 0 0 0 0 0 0 0 0 0 0 0 0 0 0 0 0 0 0 0 0 0 0 0 0 0 0 0 0 0 0 0 0 0 0 0 0 0 0 0 0 0 0 0 0 0 0 0 0 0 0 0 0 0 0 0 0 0 0 0 0 0 0 0 0 0 2 0 0 0 0 0 0 0 2 0 0 0 0 0 0 0 0 0 0 0 0 0 0 0 0 0 0 0 0 0 0 0 2 0 0 0 0 0 0 0 0 0 
0 0 0 0 0 0 0 0 0 0 0 0 0 0 0 0 0 0 0 0 0 0 0 0 0 0 0 0 0 0 0 0 0 0 0 0 0 0 0 0 0 0 0 0 0 0 2 0 2 0 2 0 0 0 0 0 2 0 0 0 0 0 0 0 0 0 2 0 2 0 2 0 0 0 0 0 0 0 0 0 2 0 2 0 2 0 0 0 0 0 2 0 0 0 0 0 0 0 2 0 0 0 0 0 2 0 0 0 0 0 0 0 2 0 0 0 0 0 0 0 0 0 3 0 0 0 3 0 2 0 1 0 2 0 0 0 2 0 0 0 0 0 0 0 0 0 
0 0 0 0 0 0 0 0 0 0 0 0 0 0 0 0 0 0 0 0 0 0 0 0 0 0 0 0 0 0 0 0 0 0 0 0 0 0 0 0 0 0 2 0 2 0 2 0 2 0 2 0 2 0 2 0 2 0 2 0 2 0 2 0 2 0 2 0 2 0 2 0 0 0 4 0 0 0 4 0 0 0 4 0 0 0 4 0 0 0 4 0 0 0 1 0 2 0 5 0 0 0 5 0 0 0 5 0 0 0 5 0 0 0 5 0 0 0 5 0 0 0 0 0 3 0 0 0 3 0 0 0 3 0 6 0 3 0 0 0 0 0 0 0 0 0 
0 0 0 0 0 0 0 0 0 0 0 0 0 0 0 0 0 0 0 0 0 0 2 0 0 0 0 0 0 0 0 0 0 0 2 0 0 0 0 0 0 0 0 0 2 0 2 0 2 0 2 0 2 0 2 0 2 0 2 0 2 0 2 0 2 0 2 0 2 0 2 0 0 0 0 0 0 0 0 0 0 0 0 0 0 0 0 0 0 0 0 0 0 0 0 0 2 0 0 0 0 0 0 0 0 0 0 0 0 0 0 0 0 0 0 0 0 0 0 0 0 0 3 0 0 0 3 0 0 0 1 0 0 0 0 0 0 0 0 0 0 0 0 0 0 0 
0 0 0 0 0 0 0 0 0 0 0 0 0 0 0 0 0 0 0 0 0 0 0 0 2 0 2 0 2 0 2 0 2 0 0 0 0 0 0 0 0 0 0 0 7 0 0 0 7 0 0 0 7 0 0 0 7 0 0 0 7 0 0 0 7 0 0 0 7 0 0 0 8 0 0 0 8 0 0 0 0 0 4 0 0 0 4 0 0 0 4 0 0 0 4 0 0 0 0 0 8 0 0 0 8 0 0 0 8 0 0 0 8 0 0 0 8 0 0 0 0 0 0 0 3 0 0 0 3 0 0 0 3 0 6 0 3 0 0 0 0 0 0 0 0 0 
0 0 0 0 0 0 0 0 5 0 0 0 5 0 0 0 0 0 0 0 0 0 0 0 9 0 9 0 9 0 9 0 9 0 0 0 0 0 0 0 0 0 0 0 2 0 10 0 0 0 2 0 2 0 2 0 2 0 2 0 2 0 2 0 2 0 10 0 0 0 2 0 0 0 2 0 2 0 2 0 2 0 0 0 0 0 0 0 0 0 0 0 0 0 0 0 0 0 11 0 4 0 0 0 4 0 0 0 4 0 0 0 4 0 0 0 4 0 0 0 1 0 3 0 0 0 3 0 0 0 3 0 0 0 0 0 0 0 0 0 0 0 0 0 0 0 
0 0 0 0 0 0 0 0 0 0 0 0 0 0 0 0 0 0 0 0 0 0 0 0 9 0 2 0 2 0 2 0 9 0 0 0 0 0 0 0 0 0 0 0 2 0 0 0 0 0 2 0 2 0 2 0 2 0 2 0 2 0 2 0 2 0 0 0 0 0 2 0 1 0 4 0 0 0 4 0 0 0 4 0 0 0 4 0 0 0 4 0 0 0 4 0 0 0 0 0 0 0 0 0 0 0 0 0 0 0 0 0 0 0 0 0 0 0 0 0 0 0 0 0 3 0 0 0 3 0 0 0 3 0 6 0 3 0 0 0 0 0 0 0 0 0 
0 0 0 0 0 0 0 0 0 0 8 0 0 0 0 0 0 0 0 0 0 0 0 0 9 0 2 0 2 0 2 0 9 0 2 0 0 0 1 0 0 0 2 0 2 0 2 0 2 0 2 0 2 0 2 0 2 0 2 0 2 0 2 0 3 0 3 0 3 0 3 0 0 0 0 0 0 0 0 0 0 0 0 0 0 0 0 0 0 0 0 0 0 0 0 0 0 0 11 0 4 0 0 0 4 0 0 0 4 0 0 0 4 0 0 0 4 0 0 0 1 0 3 0 0 0 3 0 0 0 3 0 0 0 0 0 0 0 3 0 0 0 0 0 0 0 
0 0 0 0 0 0 0 0 2 0 5 0 0 0 2 0 0 0 0 0 0 0 2 0 9 0 2 0 2 0 2 0 9 0 3 0 3 0 0 0 3 0 3 0 3 0 3 0 3 0 3 0 2 0 2 0 2 0 12 0 0 0 13 0 0 0 0 0 0 0 0 0 1 0 4 0 0 0 4 0 0 0 4 0 0 0 4 0 0 0 4 0 0 0 4 0 0 0 0 0 0 0 0 0 0 0 0 0 0 0 0 0 0 0 0 0 0 0 0 0 0 0 0 0 3 0 0 0 3 0 0 0 3 0 6 0 3 0 0 0 0 0 0 0 0 0 
5 0 0 0 2 0 11 0 2 0 0 0 0 0 2 0 2 0 2 0 2 0 2 0 9 0 9 0 9 0 9 0 9 0 0 0 0 0 1 0 0 0 0 0 0 0 0 0 0 0 0 0 0 0 0 0 0 0 14 0 0 0 0 0 3 0 3 0 3 0 3 0 0 0 0 0 0 0 0 0 0 0 0 0 0 0 0 0 0 0 0 0 0 0 0 0 0 0 11 0 4 0 0 0 4 0 0 0 4 0 0 0 4 0 0 0 4 0 0 0 1 0 3 0 0 0 3 0 0 0 3 0 0 0 0 0 0 0 3 0 0 0 0 0 0 0 
0 0 0 0 2 0 0 0 2 0 5 0 0 0 2 0 0 0 0 0 0 0 3 0 3 0 3 0 3 0 3 0 3 0 3 0 3 0 0 0 3 0 3 0 3 0 3 0 3 0 2 0 2 0 2 0 0 0 0 0 15 0 0 0 0 0 0 0 0 0 0 0 1 0 2 0 2 0 2 0 2 0 2 0 2 0 2 0 2 0 2 0 2 0 0 0 0 0 0 0 0 0 0 0 0 0 0 0 0 0 0 0 0 0 0 0 0 0 0 0 0 0 0 0 2 0 0 0 2 0 0 0 2 0 6 0 2 0 0 0 0 0 0 0 0 0 
2 0 2 0 2 0 11 0 2 0 0 0 0 0 2 0 0 0 0 0 0 0 0 0 0 0 0 0 0 0 0 0 0 0 0 0 0 0 1 0 0 0 0 0 0 0 0 0 0 0 0 0 0 0 0 0 0 0 0 0 0 0 0 0 0 0 0 0 0 0 0 0 0 0 0 0 0 0 0 0 0 0 0 0 0 0 0 0 0 0 0 0 0 0 0 0 0 0 0 0 0 0 0 0 0 0 0 0 0 0 0 0 0 0 0 0 0 0 0 0 0 0 0 0 0 0 0 0 0 0 0 0 0 0 0 0 0 0 0 0 0 0 0 0 0 0 
2 0 2 0 2 0 0 0 2 0 5 0 0 0 2 0 0 0 0 0 0 0 2 0 2 0 2 0 2 0 2 0 2 0 2 0 2 0 0 0 2 0 2 0 2 0 2 0 2 0 0 0 0 0 0 0 0 0 0 0 0 0 0 0 0 0 0 0 0 0 0 0 0 0 0 0 0 0 0 0 0 0 0 0 0 0 0 0 0 0 0 0 0 0 0 0 0 0 0 0 0 0 0 0 0 0 0 0 0 0 0 0 0 0 0 0 0 0 0 0 0 0 0 0 0 0 0 0 0 0 0 0 0 0 0 0 0 0 0 0 0 0 0 0 0 0 
decorations 1
-671 643 16 0

layer // layer 1
name noname
offset 15 15
cells_offset -1920 160
scroll_scale_factor_1 1 1
scroll_scale_factor_2 1 1
cell_size 40 40
width 73
height 16
shadow
no_cells
sprite_cells
0 0 0 0 0 0 0 0 0 0 0 0 0 0 0 0 0 0 0 0 0 0 0 0 0 0 0 0 0 0 0 0 0 0 0 0 0 0 0 0 0 0 0 0 0 0 0 0 0 0 0 0 0 0 0 0 0 0 0 0 0 0 0 0 0 0 0 0 0 0 0 0 0 0 0 0 0 0 0 0 0 0 0 0 0 0 0 0 0 0 0 0 0 0 0 0 0 0 0 0 0 0 0 0 0 0 0 0 0 0 0 0 0 0 0 0 0 0 0 0 0 0 0 0 0 0 0 0 0 0 0 0 0 0 0 0 17 0 0 0 18 0 19 0 20 0 
0 0 0 0 0 0 0 0 0 0 0 0 0 0 0 0 0 0 0 0 0 0 0 0 0 0 0 0 0 0 0 0 0 0 0 0 0 0 0 0 0 0 0 0 0 0 0 0 0 0 0 0 0 0 0 0 0 0 0 0 0 0 0 0 0 0 0 0 0 0 0 0 0 0 0 0 0 0 0 0 0 0 0 0 0 0 0 0 0 0 0 0 0 0 0 0 0 0 0 0 0 0 0 0 0 0 0 0 0 0 0 0 0 0 0 0 0 0 0 0 0 0 0 0 0 0 0 0 0 0 0 0 0 0 0 0 21 0 0 0 0 0 0 0 0 0 
0 0 0 0 0 0 0 0 0 0 0 0 0 0 0 0 0 0 0 0 0 0 0 0 0 0 0 0 0 0 0 0 0 0 0 0 0 0 0 0 0 0 0 0 0 0 0 0 0 0 0 0 0 0 0 0 0 0 0 0 0 0 0 0 0 0 0 0 0 0 0 0 0 0 0 0 0 0 0 0 0 0 0 0 0 0 0 0 0 0 0 0 0 0 0 0 0 0 0 0 0 0 0 0 0 0 0 0 0 0 0 0 0 0 0 0 0 0 0 0 0 0 0 0 0 0 0 0 0 0 0 0 0 0 0 0 0 0 0 0 0 0 0 0 0 0 
0 0 0 0 0 0 0 0 0 0 0 0 0 0 0 0 0 0 0 0 0 0 0 0 0 0 0 0 0 0 0 0 0 0 0 0 0 0 0 0 0 0 0 0 0 0 0 0 0 0 0 0 0 0 0 0 0 0 0 0 0 0 0 0 0 0 0 0 0 0 0 0 0 0 0 0 0 0 0 0 0 0 0 0 0 0 0 0 0 0 0 0 0 0 0 0 0 0 0 0 0 0 0 0 0 0 0 0 0 0 0 0 0 0 0 0 0 0 0 0 0 0 0 0 0 0 0 0 0 0 0 0 0 0 0 0 21 0 0 0 0 0 0 0 0 0 
0 0 0 0 0 0 0 0 0 0 0 0 0 0 0 0 0 0 0 0 0 0 0 0 0 0 0 0 0 0 0 0 0 0 0 0 0 0 0 0 0 0 0 0 17 0 0 0 18 0 19 0 20 0 22 0 23 0 0 0 23 0 0 0 23 0 0 0 18 0 19 0 20 0 23 0 0 0 23 0 0 0 18 0 19 0 20 0 23 0 0 0 23 0 0 0 23 0 0 0 21 0 17 0 0 0 17 0 0 0 17 0 0 0 17 0 0 0 17 0 0 0 21 0 17 0 0 0 17 0 0 0 17 0 0 0 0 0 0 0 0 0 0 0 0 0 
0 0 0 0 0 0 0 0 0 0 0 0 0 0 0 0 0 0 0 0 0 0 17 0 0 0 0 0 0 0 0 0 0 0 0 0 17 0 0 0 0 0 0 0 24 0 25 0 25 0 25 0 25 0 25 0 25 0 26 0 0 0 27 0 0 0 0 0 0 0 0 0 0 0 28 0 0 0 0 0 0 0 0 0 0 0 0 0 0 0 0 0 28 0 0 0 0 0 0 0 0 0 0 0 0 0 0 0 0 0 0 0 0 0 0 0 0 0 0 0 0 0 0 0 0 0 0 0 0 0 0 0 0 0 0 0 0 0 0 0 0 0 0 0 0 0 
0 0 0 0 0 0 0 0 0 0 0 0 0 0 0 0 0 0 0 0 0 0 21 0 17 0 0 0 17 0 0 0 17 0 0 0 0 0 0 0 0 0 0 0 21 0 0 0 0 0 0 0 0 0 0 0 0 0 0 0 0 0 27 0 0 0 0 0 0 0 0 0 0 0 0 0 0 0 0 0 0 0 29 0 0 0 0 0 0 0 0 0 0 0 0 0 29 0 0 0 21 0 0 0 0 0 0 0 0 0 0 0 0 0 0 0 0 0 0 0 0 0 21 0 0 0 0 0 0 0 0 0 0 0 0 0 0 0 0 0 0 0 0 0 0 0 
0 0 0 0 0 0 0 0 17 0 0 0 0 0 17 0 0 0 0 0 0 0 0 0 21 0 0 0 0 0 0 0 0 0 0 0 0 0 0 0 0 0 0 0 0 0 0 0 0 0 0 0 29 0 0 0 0 0 0 0 0 0 27 0 0 0 0 0 0 0 0 0 0 0 28 0 0 0 0 0 0 0 30 0 0 0 0 0 0 0 31 0 32 0 31 0 32 0 31 0 0 0 0 0 0 0 0 0 0 0 0 0 0 0 29 0 0 0 0 0 31 0 0 0 0 0 0 0 0 0 0 0 0 0 29 0 0 0 0 0 0 0 0 0 0 0 
0 0 0 0 0 0 0 0 0 0 21 0 17 0 0 0 0 0 0 0 0 0 0 0 0 0 0 0 0 0 0 0 0 0 0 0 0 0 0 0 0 0 0 0 21 0 0 0 0 0 0 0 33 0 0 0 0 0 0 0 34 0 0 0 0 0 0 0 0 0 0 0 31 0 0 0 0 0 0 0 0 0 28 0 0 0 0 0 0 0 0 0 0 0 0 0 0 0 0 0 0 0 0 0 0 0 0 0 0 0 0 0 0 0 28 0 0 0 0 0 0 0 0 0 0 0 0 0 0 0 35 0 36 0 37 0 0 0 0 0 0 0 0 0 0 0 
0 0 0 0 0 0 0 0 0 0 0 0 0 0 0 0 0 0 0 0 0 0 0 0 21 0 0 0 0 0 0 0 0 0 0 0 0 0 0 0 0 0 0 0 0 0 0 0 0 0 0 0 38 0 0 0 0 0 0 0 0 0 0 0 0 0 0 0 0 0 0 0 0 0 0 0 0 0 0 0 31 0 0 0 0 0 0 0 0 0 0 0 0 0 0 0 0 0 0 0 0 0 0 0 0 0 0 0 0 0 0 0 31 0 0 0 0 0 0 0 0 0 0 0 0 0 0 0 0 0 0 0 39 0 0 0 0 0 31 0 32 0 0 0 0 0 
0 0 0 0 0 0 0 0 0 0 40 0 0 0 0 0 0 0 0 0 0 0 0 0 0 0 0 0 0 0 0 0 0 0 0 0 41 0 42 0 17 0 0 0 43 0 0 0 0 0 29 0 38 0 0 0 0 0 0 0 0 0 0 0 0 0 0 0 0 0 0 0 0 0 0 0 0 0 0 0 0 0 0 0 0 0 0 0 0 0 0 0 0 0 0 0 0 0 0 0 0 0 0 0 0 0 0 0 0 0 0 0 0 0 0 0 0 0 0 0 0 0 0 0 0 0 0 0 0 0 0 0 39 0 0 0 0 0 0 0 0 0 0 0 0 0 
21 0 17 0 0 0 17 0 0 0 43 0 0 0 0 0 41 0 42 0 17 0 0 0 43 0 0 0 0 0 0 0 0 0 0 0 0 0 0 0 0 0 0 0 0 0 0 0 35 0 31 0 22 0 0 0 0 0 29 0 0 0 0 0 0 0 0 0 0 0 0 0 0 0 0 0 0 0 0 0 0 0 0 0 0 0 0 0 0 0 0 0 0 0 0 0 0 0 0 0 0 0 0 0 0 0 0 0 0 0 0 0 0 0 0 0 0 0 0 0 0 0 0 0 0 0 0 0 0 0 0 0 39 0 0 0 0 0 0 0 0 0 0 0 0 0 
0 0 0 0 0 0 0 0 0 0 0 0 0 0 0 0 0 0 0 0 0 0 29 0 0 0 0 0 0 0 0 0 0 0 0 0 0 0 0 0 0 0 0 0 0 0 0 0 0 0 0 0 31 0 17 0 0 0 21 0 0 0 0 0 0 0 0 0 0 0 0 0 0 0 0 0 0 0 0 0 0 0 0 0 0 0 0 0 0 0 0 0 0 0 0 0 0 0 0 0 0 0 29 0 0 0 0 0 0 0 0 0 0 0 0 0 0 0 0 0 0 0 0 0 0 0 0 0 0 0 0 0 39 0 0 0 0 0 0 0 0 0 0 0 0 0 
21 0 0 0 29 0 0 0 0 0 0 0 0 0 0 0 0 0 0 0 0 0 21 0 0 0 0 0 0 0 0 0 0 0 0 0 0 0 0 0 0 0 0 0 29 0 0 0 0 0 0 0 0 0 0 0 0 0 0 0 0 0 0 0 0 0 0 0 0 0 0 0 0 0 0 0 0 0 0 0 0 0 0 0 0 0 0 0 0 0 0 0 0 0 0 0 0 0 0 0 0 0 32 0 0 0 0 0 0 0 0 0 0 0 0 0 0 0 0 0 0 0 0 0 0 0 0 0 0 0 0 0 39 0 0 0 0 0 0 0 0 0 0 0 0 0 
0 0 44 0 37 0 0 0 0 0 0 0 0 0 0 0 0 0 0 0 0 0 0 0 0 0 0 0 0 0 0 0 0 0 0 0 0 0 45 0 46 0 45 0 45 0 0 0 0 0 0 0 0 0 0 0 0 0 0 0 0 0 0 0 0 0 0 0 0 0 0 0 0 0 0 0 0 0 0 0 0 0 0 0 0 0 0 0 0 0 0 0 0 0 0 0 0 0 0 0 0 0 0 0 0 0 0 0 0 0 0 0 0 0 0 0 0 0 0 0 0 0 0 0 0 0 0 0 0 0 0 0 0 0 0 0 0 0 0 0 0 0 0 0 0 0 
47 0 0 0 0 0 0 0 0 0 0 0 0 0 0 0 0 0 0 0 0 0 22 0 0 0 0 0 0 0 0 0 0 0 0 0 0 0 0 0 48 0 0 0 0 0 0 0 0 0 0 0 0 0 0 0 0 0 0 0 0 0 0 0 0 0 0 0 0 0 0 0 0 0 0 0 0 0 0 0 0 0 0 0 0 0 0 0 0 0 0 0 0 0 0 0 0 0 0 0 0 0 0 0 0 0 0 0 0 0 0 0 0 0 0 0 0 0 0 0 0 0 0 0 0 0 0 0 0 0 0 0 0 0 0 0 0 0 0 0 0 0 0 0 0 0 
decorations 5
-1200 701 31 0
-1000 576 31 0
-772 481 31 0
-920 600 44 0
640 456 31 0

layer // layer 2
name Main
offset 0 0
cells_offset -1920 160
scroll_scale_factor_1 1 1
scroll_scale_factor_2 1 1
cell_size 40 40
width 74
height 17
cells
0 0 0 0 0 0 0 0 0 0 0 0 0 0 0 0 0 0 0 0 0 0 0 0 0 0 0 0 0 0 0 0 0 0 0 0 0 0 0 0 0 0 0 0 0 0 0 0 0 0 0 0 0 0 0 0 0 0 0 0 0 0 0 0 0 0 0 0 2 2 2 2 2 2 
0 0 0 0 0 0 0 0 0 0 0 0 0 0 0 0 0 0 0 0 0 0 0 0 0 0 0 0 0 0 0 0 0 0 0 0 0 0 0 0 0 0 0 0 0 0 0 0 0 0 0 0 0 0 0 0 0 0 0 0 0 0 0 0 0 0 0 0 2 0 0 0 0 2 
0 0 0 0 0 0 0 0 0 0 0 0 0 0 0 0 0 0 0 0 0 0 0 0 0 0 0 0 0 0 0 0 0 0 0 0 0 0 0 0 0 0 0 0 0 0 0 0 0 0 0 0 0 0 0 0 0 0 0 0 0 0 0 0 0 0 0 0 2 0 0 0 0 2 
0 0 0 0 0 0 0 0 0 0 0 0 0 0 0 0 0 0 0 0 0 0 0 0 0 0 0 0 0 0 0 0 0 0 0 0 0 0 0 0 0 0 0 0 0 0 0 0 0 0 0 0 0 0 0 0 0 0 0 0 0 0 0 0 0 0 0 0 2 0 2 2 2 2 
0 0 0 0 0 0 0 0 0 0 0 0 0 0 0 0 0 0 0 0 0 0 2 2 2 2 2 2 2 2 2 2 2 2 2 2 2 2 2 2 2 2 2 2 2 2 2 2 2 2 2 2 2 12290 12290 12290 12290 12290 2 2 2 2 2 2 2 12290 2 12290 2 0 194 0 0 0 
0 0 0 0 0 0 0 0 0 0 0 0 0 0 0 0 0 0 0 0 0 0 0 12290 12290 12290 12290 12290 12290 13826 0 0 0 0 0 0 0 1730 0 0 0 0 0 0 0 0 1730 0 0 0 1730 0 0 0 0 0 0 0 0 0 0 1730 0 0 0 0 0 0 0 0 194 0 0 0 
0 0 0 0 0 0 0 0 0 0 0 0 0 12290 12290 12290 12290 12290 0 0 0 0 1538 0 0 0 0 0 0 0 0 0 0 0 0 0 0 1730 0 0 0 0 0 0 0 0 1730 0 0 0 1730 0 0 0 0 0 0 0 0 0 0 1730 0 0 0 0 0 0 0 0 194 0 0 0 
0 0 0 0 0 0 0 0 0 0 0 0 1538 0 0 0 0 0 194 0 0 0 1538 0 0 0 0 0 0 0 0 0 0 0 0 0 0 1730 0 0 0 1754 0 0 0 0 14018 0 2 0 14018 0 0 0 0 0 0 0 0 0 0 14018 0 0 0 0 0 0 0 0 194 0 0 0 
0 0 0 0 0 0 12290 12290 0 0 0 0 1538 0 0 0 0 0 194 0 0 0 1538 0 0 0 2 0 0 0 12506 12314 13850 0 0 0 0 14018 0 0 0 1730 0 0 0 0 0 0 0 0 0 0 0 0 0 0 0 1754 0 0 0 0 0 0 0 2 2 2 0 0 194 0 0 0 
0 0 0 0 0 1538 0 0 194 0 0 0 1538 0 0 0 0 0 194 0 0 0 1538 0 0 0 2 0 0 0 0 0 0 0 0 0 0 0 0 0 0 14018 0 0 0 0 0 0 0 0 0 0 0 0 0 0 0 14018 0 0 0 0 0 0 0 0 2 0 0 0 194 2 0 0 
0 0 0 0 0 1538 0 0 194 0 0 0 1538 0 0 0 0 0 12482 12290 12290 12290 13826 0 0 0 2 0 0 0 0 0 0 0 0 0 0 0 0 0 0 0 0 0 0 0 0 0 0 0 0 0 0 0 0 0 0 0 0 0 0 0 0 0 0 0 2 0 0 0 0 2 0 0 
2 2 2 12290 12290 13826 0 0 12482 12290 12290 12290 13826 0 0 0 0 0 0 0 0 0 0 0 2 2 2 0 0 0 0 0 0 0 0 0 0 0 0 0 0 0 0 0 0 0 0 0 0 0 0 0 0 0 0 0 0 0 0 0 0 0 0 0 0 0 2 0 0 0 0 2 0 0 
2 0 0 0 0 0 0 0 0 0 0 0 0 0 0 0 0 0 0 0 0 0 0 0 0 0 0 2 2 2 0 0 0 0 0 0 0 0 0 0 0 0 0 0 0 0 0 0 0 0 0 0 0 0 0 0 0 0 0 0 0 0 0 0 0 0 2 0 0 0 0 2 0 0 
2 0 0 0 0 0 0 0 0 2 2 2 0 0 0 0 0 0 0 0 0 0 0 0 0 0 0 0 0 2 0 0 0 0 0 0 0 0 0 0 0 0 0 0 0 0 0 0 2 2 2 2 0 0 0 0 0 0 0 0 0 0 0 0 0 0 2 0 0 0 0 2 0 0 
2 2 2 0 0 0 0 0 0 2 0 2 0 0 0 0 0 0 0 2 2 2 2 0 0 0 2 2 2 2 2 2 2 2 2 2 2 2 2 2 2 2 2 2 2 2 2 2 2 2 2 2 2 2 2 2 2 2 2 2 2 2 2 2 2 2 2 2 2 2 2 2 0 0 
2 0 0 0 0 0 0 0 0 2 0 2 0 0 0 0 0 0 0 0 2 0 0 0 0 0 2 2 0 0 0 0 0 0 0 0 0 0 0 0 0 0 0 0 0 0 0 0 0 0 0 0 0 0 0 0 0 0 0 0 0 0 0 0 0 0 0 0 0 0 0 0 0 0 
2 2 2 2 2 2 2 2 2 2 0 2 2 2 2 2 2 2 2 2 2 2 2 2 2 2 2 2 0 0 0 0 0 0 0 0 0 0 0 0 0 0 0 0 0 0 0 0 0 0 0 0 0 0 0 0 0 0 0 0 0 0 0 0 0 0 0 0 0 0 0 0 0 0 
sprite_cells
0 0 0 0 0 0 0 0 0 0 0 0 0 0 0 0 0 0 0 0 0 0 0 0 0 0 0 0 0 0 0 0 0 0 0 0 0 0 0 0 0 0 0 0 0 0 0 0 0 0 0 0 0 0 0 0 0 0 0 0 0 0 0 0 0 0 0 0 0 0 0 0 0 0 0 0 0 0 0 0 0 0 0 0 0 0 0 0 0 0 0 0 0 0 0 0 0 0 0 0 0 0 0 0 0 0 0 0 0 0 0 0 0 0 0 0 0 0 0 0 0 0 0 0 0 0 0 0 23 0 0 0 23 0 0 0 17 0 0 0 18 0 19 0 20 0 21 0 
0 0 0 0 0 0 0 0 0 0 0 0 0 0 0 0 0 0 0 0 0 0 0 0 0 0 0 0 0 0 0 0 0 0 0 0 0 0 0 0 0 0 0 0 0 0 0 0 0 0 0 0 0 0 0 0 0 0 0 0 0 0 0 0 0 0 0 0 0 0 0 0 0 0 0 0 0 0 0 0 0 0 0 0 0 0 0 0 0 0 0 0 49 0 50 0 50 0 50 0 49 0 0 0 0 0 0 0 0 0 0 0 0 0 0 0 0 0 0 0 0 0 0 0 0 0 0 0 28 0 51 0 28 0 51 0 52 0 0 0 0 0 0 0 0 0 0 0 
0 0 0 0 0 0 0 0 0 0 0 0 0 0 0 0 0 0 0 0 0 0 0 0 0 0 0 0 0 0 0 0 0 0 0 0 0 0 0 0 0 0 53 0 54 0 0 0 0 0 0 0 0 0 0 0 0 0 55 0 0 0 0 0 0 0 0 0 0 0 0 0 0 0 0 0 0 0 0 0 0 0 0 0 0 0 0 0 0 0 0 0 40 0 0 0 56 0 0 0 40 0 57 0 52 0 33 0 58 0 59 0 58 0 33 0 57 0 60 0 60 0 60 0 60 0 52 0 0 0 0 0 0 0 0 0 52 0 0 0 0 0 0 0 0 0 21 0 
0 0 0 0 0 0 0 0 0 0 0 0 0 0 0 0 0 0 0 0 0 0 0 0 0 0 0 0 0 0 0 0 0 0 0 0 0 0 0 0 0 0 41 0 61 0 42 0 42 0 42 0 42 0 42 0 42 0 61 0 42 0 42 0 42 0 23 0 0 0 23 0 0 0 23 0 0 0 23 0 0 0 23 0 0 0 42 0 42 0 42 0 61 0 42 0 42 0 42 0 61 0 62 0 62 0 54 0 58 0 0 0 58 0 53 0 42 0 62 0 42 0 42 0 42 0 62 0 32 0 49 0 49 0 30 0 52 0 0 0 22 0 17 0 0 0 0 0 
0 0 0 0 0 0 0 0 0 0 0 0 0 0 0 0 0 0 0 0 0 0 0 0 0 0 0 0 0 0 0 0 0 0 0 0 0 0 0 0 0 0 21 0 40 0 22 0 18 0 19 0 20 0 17 0 0 0 24 0 17 0 0 0 17 0 0 0 18 0 19 0 20 0 28 0 17 0 0 0 22 0 18 0 19 0 20 0 17 0 0 0 63 0 22 0 33 0 22 0 63 0 57 0 52 0 41 0 42 0 42 0 42 0 43 0 57 0 60 0 60 0 60 0 60 0 60 0 52 0 64 0 52 0 64 0 52 0 0 0 32 0 65 0 59 0 65 0 
33 0 57 0 60 0 60 0 60 0 60 0 60 0 60 0 60 0 60 0 52 0 21 0 17 0 0 0 22 0 22 0 17 0 0 0 17 0 0 0 22 0 0 0 24 0 25 0 25 0 25 0 25 0 25 0 25 0 26 0 0 0 27 0 0 0 0 0 0 0 0 0 0 0 0 0 0 0 0 0 0 0 0 0 0 0 0 0 0 0 0 0 63 0 0 0 0 0 0 0 63 0 0 0 0 0 0 0 0 0 0 0 0 0 0 0 0 0 0 0 0 0 28 0 0 0 0 0 0 0 0 0 0 0 0 0 0 0 0 0 32 0 66 0 0 0 66 0 
21 0 17 0 0 0 17 0 0 0 57 0 60 0 60 0 60 0 60 0 52 0 0 0 53 0 42 0 42 0 42 0 42 0 42 0 54 0 22 0 65 0 21 0 40 0 0 0 0 0 0 0 0 0 0 0 0 0 0 0 0 0 27 0 0 0 0 0 0 0 0 0 0 0 28 0 0 0 0 0 0 0 0 0 0 0 0 0 0 0 0 0 63 0 0 0 0 0 0 0 63 0 0 0 0 0 0 0 0 0 0 0 0 0 0 0 0 0 0 0 0 0 0 0 0 0 0 0 0 0 0 0 0 0 0 0 0 0 0 0 28 0 66 0 22 0 66 0 
0 0 67 0 68 0 68 0 22 0 17 0 0 0 22 0 17 0 0 0 17 0 0 0 40 0 0 0 0 0 0 0 0 0 0 0 40 0 21 0 66 0 0 0 40 0 0 0 0 0 0 0 0 0 0 0 0 0 0 0 0 0 27 0 0 0 0 0 0 0 0 0 0 0 0 0 0 0 0 0 0 0 49 0 0 0 0 0 0 0 0 0 0 0 0 0 33 0 0 0 32 0 0 0 0 0 0 0 0 0 0 0 0 0 0 0 0 0 0 0 0 0 32 0 0 0 0 0 0 0 0 0 0 0 0 0 0 0 0 0 0 0 66 0 59 0 66 0 
21 0 67 0 58 0 67 0 21 0 53 0 42 0 42 0 54 0 21 0 59 0 21 0 40 0 0 0 0 0 0 0 0 0 0 0 40 0 0 0 66 0 21 0 40 0 0 0 0 0 0 0 33 0 0 0 0 0 0 0 34 0 0 0 0 0 0 0 0 0 0 0 0 0 32 0 0 0 0 0 0 0 63 0 0 0 0 0 0 0 0 0 0 0 0 0 0 0 0 0 0 0 0 0 0 0 0 0 0 0 0 0 0 0 28 0 0 0 0 0 0 0 0 0 0 0 0 0 0 0 35 0 36 0 37 0 0 0 0 0 28 0 66 0 0 0 66 0 
0 0 67 0 68 0 68 0 0 0 40 0 0 0 0 0 40 0 0 0 0 0 0 0 40 0 0 0 0 0 0 0 0 0 0 0 40 0 17 0 0 0 0 0 40 0 0 0 0 0 0 0 38 0 0 0 0 0 0 0 0 0 0 0 0 0 0 0 0 0 0 0 0 0 0 0 0 0 0 0 0 0 30 0 0 0 0 0 0 0 0 0 0 0 0 0 0 0 0 0 0 0 0 0 0 0 0 0 0 0 0 0 0 0 0 0 0 0 0 0 0 0 0 0 0 0 0 0 0 0 0 0 39 0 0 0 0 0 0 0 0 0 22 0 17 0 0 0 
17 0 0 0 22 0 17 0 0 0 40 0 0 0 0 0 40 0 22 0 17 0 0 0 40 0 0 0 0 0 0 0 0 0 0 0 41 0 42 0 42 0 42 0 43 0 0 0 0 0 0 0 69 0 0 0 0 0 0 0 0 0 0 0 0 0 0 0 0 0 0 0 0 0 0 0 0 0 0 0 0 0 0 0 0 0 0 0 0 0 0 0 0 0 0 0 0 0 0 0 0 0 0 0 0 0 0 0 0 0 0 0 0 0 0 0 0 0 0 0 0 0 0 0 0 0 0 0 0 0 0 0 39 0 0 0 0 0 0 0 0 0 17 0 0 0 22 0 
33 0 17 0 0 0 42 0 42 0 43 0 0 0 0 0 41 0 42 0 42 0 42 0 43 0 0 0 0 0 0 0 0 0 0 0 0 0 0 0 0 0 0 0 0 0 0 0 35 0 44 0 22 0 0 0 0 0 0 0 0 0 0 0 0 0 0 0 0 0 0 0 0 0 0 0 0 0 0 0 0 0 0 0 0 0 0 0 0 0 0 0 0 0 0 0 0 0 0 0 0 0 0 0 0 0 0 0 0 0 0 0 0 0 0 0 0 0 0 0 0 0 0 0 0 0 0 0 0 0 0 0 39 0 0 0 0 0 0 0 0 0 22 0 17 0 0 0 
70 0 0 0 0 0 0 0 0 0 0 0 0 0 0 0 0 0 0 0 0 0 0 0 0 0 0 0 0 0 0 0 0 0 0 0 0 0 0 0 0 0 0 0 0 0 0 0 0 0 0 0 0 0 17 0 0 0 21 0 0 0 0 0 0 0 0 0 0 0 0 0 0 0 0 0 0 0 0 0 0 0 0 0 0 0 0 0 0 0 0 0 0 0 0 0 0 0 0 0 0 0 0 0 0 0 0 0 0 0 0 0 0 0 0 0 0 0 0 0 0 0 0 0 0 0 0 0 0 0 0 0 39 0 0 0 0 0 0 0 0 0 17 0 0 0 22 0 
47 0 0 0 0 0 0 0 0 0 0 0 0 0 0 0 0 0 17 0 0 0 21 0 0 0 0 0 0 0 0 0 0 0 0 0 0 0 0 0 0 0 0 0 0 0 0 0 0 0 0 0 0 0 0 0 0 0 0 0 0 0 0 0 0 0 0 0 0 0 0 0 0 0 0 0 0 0 0 0 0 0 0 0 0 0 0 0 0 0 0 0 0 0 0 0 17 0 0 0 0 0 21 0 0 0 0 0 0 0 0 0 0 0 0 0 0 0 0 0 0 0 0 0 0 0 0 0 0 0 0 0 71 0 0 0 0 0 0 0 0 0 22 0 17 0 0 0 
47 0 44 0 37 0 0 0 0 0 0 0 0 0 0 0 0 0 21 0 59 0 0 0 0 0 0 0 0 0 0 0 0 0 0 0 0 0 45 0 46 0 45 0 45 0 0 0 0 0 0 0 21 0 0 0 17 0 0 0 17 0 0 0 17 0 0 0 22 0 22 0 22 0 22 0 17 0 0 0 17 0 0 0 22 0 22 0 22 0 17 0 0 0 17 0 0 0 22 0 22 0 0 0 17 0 0 0 17 0 0 0 22 0 22 0 17 0 0 0 17 0 0 0 22 0 17 0 0 0 22 0 17 0 0 0 17 0 0 0 22 0 17 0 0 0 22 0 
47 0 0 0 0 0 0 0 0 0 0 0 0 0 0 0 0 0 0 0 0 0 21 0 0 0 0 0 0 0 0 0 0 0 0 0 0 0 0 0 48 0 0 0 0 0 0 0 0 0 0 0 0 0 21 0 72 0 0 0 22 0 0 0 0 0 0 0 0 0 0 0 0 0 0 0 0 0 0 0 0 0 0 0 0 0 0 0 0 0 0 0 0 0 0 0 0 0 0 0 0 0 0 0 0 0 0 0 0 0 0 0 0 0 0 0 0 0 0 0 0 0 0 0 0 0 0 0 0 0 0 0 0 0 0 0 0 0 0 0 0 0 0 0 0 0 0 0 
33 0 17 0 0 0 17 0 0 0 22 0 17 0 0 0 22 0 17 0 0 0 0 0 17 0 0 0 22 0 22 0 17 0 0 0 17 0 0 0 17 0 0 0 17 0 0 0 17 0 0 0 22 0 0 0 0 0 0 0 0 0 0 0 0 0 0 0 0 0 0 0 0 0 0 0 0 0 0 0 0 0 0 0 0 0 0 0 0 0 0 0 0 0 0 0 0 0 0 0 0 0 0 0 0 0 0 0 0 0 0 0 0 0 0 0 0 0 0 0 0 0 0 0 0 0 0 0 0 0 0 0 0 0 0 0 0 0 0 0 0 0 0 0 0 0 0 0 
decorations 16
639 279 73 0
720 238 74 169
720 202 74 8
800 251 75 0
617 319 76 0
0 320 76 0
-441 480 77 0
-442 358 78 0
-626 319 76 0
-1038 399 79 0
-880 755 80 0
-1120 519 76 0
-1523 678 76 0
-1562 558 78 0
-1442 559 74 0
-1843 600 78 0

layer // layer 3
name noname
offset 0 0
cells_offset -80 440
scroll_scale_factor_1 1 1
scroll_scale_factor_2 1 1
cell_size 40 40
width 6
height 6
no_cells
sprite_cells
32 0 0 0 0 0 0 0 32 0 0 0 
0 0 0 0 0 0 0 0 0 0 0 0 
0 0 0 0 0 0 0 0 0 0 0 0 
0 0 0 0 0 0 0 0 0 0 0 0 
0 0 0 0 0 0 0 0 0 0 0 0 
0 0 0 0 81 0 81 0 0 0 81 0 
decorations 0

} // layers

entities { 
hero/Magneto 1 {
position_in_layer 920 240
layer_index 2
}
Device/FloorPermanent 2 {
on_switch_on_target 70
on_switch_on_action run
position_in_layer 80 680
layer_index 2
}
DoorV 7 {
position_in_layer 0 360
layer_index 2
}
spikes40_E 8 {
position_in_layer -80 440
layer_index 2
}
spikes40_W 9 {
position_in_layer 80 440
layer_index 2
}
Spec/LevelExit 19 {
position_in_layer -1860 680
layer_index 2
}
AcidPool 20 {
size 8 1
position_in_layer -1880 760
layer_index 2
}
AcidPool 21 {
size 14 1
position_in_layer -1440 760
layer_index 2
}
AcidPool 22 {
size 18 1
position_in_layer -720 680
layer_index 2
}
AcidPool 23 {
size 19 1
position_in_layer 160 680
layer_index 2
}
shooter/drop 24 {
shot_delay 1500 1500
position_in_layer 780 380
layer_index 2
}
shooter/drop 25 {
shot_delay 2250 2250
position_in_layer 700 380
layer_index 2
}
shooter/drop 29 {
shot_delay 500 500
shot_delay2 1500 1500
shot_delay3 100 100
position_in_layer 300 380
layer_index 2
}
ortho/crocodile 32 {
speed_fwd 160
speed_bwd 160
move_distance 640
position_in_layer -381 574
layer_index 2
}
ortho/crocodile 33 {
anim_fwd happyblue
anim_bwd happyblue
speed_fwd 280
speed_bwd 280
move_distance 540
col_offset 8 8
col_size 28 28
position_in_layer -239 520
layer_index 2
}
Device/Respawn 35 {
position_in_layer 20 640
draw_order -1
layer_index 2
}
ortho/cyclop_spider 37 {
delay_to_fwd 800
position_in_layer -343 376
layer_index 2
}
Device/Respawn 38 {
position_in_layer -800 600
draw_order -1
layer_index 2
}
Device/FloorPermanent 39 {
operate 44
on_signal 0
on_switch_on_target 69
on_switch_on_action run
position_in_layer -840 720
layer_index 2
}
shooter/drop 41 {
shot_delay 1500 1500
shot_delay2 500 500
position_in_layer -900 420
layer_index 2
}
shooter/drop 42 {
shot_delay 100 100
shot_delay2 100 100
shot_delay3 2000 2000
position_in_layer -940 420
layer_index 2
}
multishot/angryHubert 43 {
shot_delay 3000 3000
position_in_layer -1340 540
layer_index 2
}
Break/Bridge 44 {
broken false
operate 53
position_in_layer -1240 640
layer_index 2
}
Break/Bridge 53 {
broken false
operate 54
position_in_layer -1240 600
layer_index 2
}
Break/Bridge 54 {
broken false
operate 55
position_in_layer -1240 560
layer_index 2
}
Break/Bridge 55 {
broken false
operate 56
position_in_layer -1240 520
layer_index 2
}
Break/Bridge 56 {
broken false
operate 57
position_in_layer -1240 480
layer_index 2
}
Break/Bridge 57 {
broken false
operate 58
position_in_layer -1280 480
layer_index 2
}
Break/Bridge 58 {
broken false
operate 59
position_in_layer -1320 480
layer_index 2
}
Break/Bridge 59 {
broken false
operate 60
position_in_layer -1360 480
layer_index 2
}
Break/Bridge 60 {
broken false
operate 61
position_in_layer -1400 480
layer_index 2
}
Break/Bridge 61 {
broken false
operate 62
position_in_layer -1400 520
layer_index 2
}
Break/Bridge 62 {
broken false
operate 64
position_in_layer -1400 560
layer_index 2
}
Break/Bridge 64 {
broken false
operate 65
position_in_layer -1400 600
layer_index 2
}
Break/Bridge 65 {
broken false
operate 66
position_in_layer -1400 640
layer_index 2
}
Break/Bridge 66 {
broken false
operate 67
position_in_layer -1360 640
layer_index 2
}
Break/Bridge 67 {
broken false
operate 68
position_in_layer -1320 640
layer_index 2
}
Break/Bridge 68 {
broken false
position_in_layer -1280 640
layer_index 2
}
Spec/Actions/Camera 69 {
a1_target 43
a2_target 43
a3_target 43
position_in_layer -1024 650
layer_index 2
}
Spec/Actions/Camera 70 {
a1_target 7
a2_target 7
a3_target 7
position_in_layer 142 580
layer_index 2
}
ortho/spider 71 {
position_in_layer 457 380
layer_index 2
}
Spec/LevelBoundary 72 {
position_in_layer 960 720
layer_index 2
}
Spec/LevelBoundary 73 {
position_in_layer -1840 360
layer_index 2
}
ortho/sadStewie 74 {
orientation horizontal
speed_fwd 100
speed_bwd 100
move_distance 320
position_in_layer -1201 686
layer_index 2
}
SoundMachine 75 {
position_in_layer 720 218
layer_index 2
}
} // entities
