sprite_table {
 bgr/okr_02 1
 bgr/okr_04 2
 bgr/okr_03 3
 dirt 4
 dirt/skull 5
 bgr/okr_05 6
 dirt/bone 7
 bgr/okr_06 8
 bgr/okr_07 9
 bgr/okr_01 10
 dirt_small 11
 bgr/plate_01 12
 bgr/plate_05 13
 bgr/plate_wire_1 14
 bgr/plate_02 15
 bgr/bulkhead 16
 bgr/plate_13 17
 bgr/plate_04 18
 bgr/plate_wire_2 19
 bgr/hugegrate 20
 bgr/plate_08 21
 dirt/hole 22
 dirt/head 23
 dirt/tablet 24
 bgr/plate_07 25
 wall_metalA_03 26
 wall_stoneA_04 27
 shadow_fix_01 28
 metal_frame 29
 wall_metalA_01 30
 metal_fatpipe_05 31
 magneto_still 32
 metal_ramp_02 33
 metal_ramp_01 34
 shadow_fix_02 35
 wall_arc_01 36
 wall_arc_02 37
 wall_arc_03 38
 metal_ramp_03 39
 wall_metalA_02 40
 wall_stoneA_05 41
 wall_stoneA_02 42
 comp04b 43
 tile/deathray_S 44
 wall_brick03 45
 wall_stoneA_09 46
 comp02 47
 tile/deathray_N 48
 metal_pipejoint_01 49
 wall_stoneA_13 50
 columnA_top 51
 wall_stoneA_15 52
 columnA_bottom 53
 metal_pipe_01 54
 metal_pipe_06 55
 metal_pipe_05 56
 metal_fatpipe_04 57
 wall_tech_40 58
 wall_tech_42 59
 wall_noidea_12 60
 wall_noidea_13 61
 wall_stoneA_10 62
 wall_stoneA_03 63
 wall_stoneA_00 64
 wall_metalA_00 65
 wall_stoneA_11 66
 wall_stoneA_12 67
 wire_2H 68
 comp05 69
 comp06 70
 pistyH 71
 bigcogwheel 72
 metal_quadpipe 73
 metal_grate 74
 comp03 75
 metal_pipeend 76
 teleOUT_dn 77
 comp04a 78
 wall_brick01 79
 wall_brick02 80
 wall_stoneA_06 81
 wall_stoneA_07 82
 wall_stoneA_08 83
 metal_fatpipe_01 84
 comp01 85
 nogumE 86
 nobubble_field 87
 nogumW 88
 wall_stoneA_01 89
 wall_brick04 90
 metal_pipejoint_02 91
 teleIN_up 92
 sign/gaugeB 93
 sign/nuke 94
 sign/arrow1 95
 comp_sinus 96
 sign/arrow4 97
 sign/gaugeA 98
 sign/grate_round 99
 sign/storage 100
 sign/stripe2 101
 comp_magneto 102
 comp_text1 103
 comp_text2 104
 comp_text3 105
 wire_2E 106
 wire_3S 107
 wire_2S 108
 zabradli 109
 wire_2W 110
 sign/stripe1 111
 pipeend_1 112
} // sprite_table

layers {
clear_screen true
layer // layer 0
name noname
offset 0 0
cells_offset -1040 240
scroll_scale_factor_1 1 1
scroll_scale_factor_2 1 1
cell_size 40 40
width 53
height 16
no_cells
sprite_cells
0 0 0 0 0 0 0 0 0 0 0 0 0 0 0 0 0 0 0 0 0 0 0 0 0 0 0 0 0 0 0 0 0 0 0 0 0 0 0 0 0 0 0 0 0 0 0 0 0 0 0 0 0 0 0 0 0 0 0 0 0 0 0 0 0 0 1 0 2 0 3 0 2 0 2 0 2 0 2 0 2 0 2 0 3 0 2 0 0 0 4 0 5 0 4 0 0 0 4 0 0 0 4 0 0 0 
0 0 0 0 0 0 0 0 0 0 0 0 0 0 0 0 0 0 0 0 0 0 0 0 0 0 0 0 0 0 0 0 0 0 0 0 0 0 0 0 0 0 0 0 0 0 0 0 0 0 0 0 0 0 0 0 0 0 0 0 6 0 6 0 6 0 0 0 0 0 0 0 0 0 0 0 0 0 0 0 0 0 0 0 0 0 0 0 0 0 0 0 0 0 0 0 0 0 0 0 7 0 0 0 0 0 
0 0 0 0 0 0 0 0 0 0 0 0 0 0 0 0 0 0 0 0 0 0 0 0 0 0 0 0 0 0 0 0 0 0 0 0 0 0 0 0 0 0 0 0 0 0 0 0 0 0 0 0 0 0 0 0 0 0 0 0 0 0 0 0 0 0 6 0 8 0 6 0 6 0 6 0 8 0 6 0 6 0 6 0 6 0 9 0 0 0 6 0 6 0 6 0 6 0 6 0 6 0 6 0 0 0 
0 0 0 0 0 0 0 0 0 0 0 0 0 0 0 0 0 0 0 0 0 0 0 0 0 0 0 0 0 0 0 0 0 0 0 0 0 0 0 0 0 0 0 0 0 0 0 0 0 0 0 0 0 0 0 0 0 0 0 0 0 0 0 0 0 0 6 0 8 0 6 0 6 0 6 0 8 0 6 0 6 0 6 0 6 0 0 0 10 0 1 0 2 0 3 0 3 0 2 0 2 0 0 0 0 0 
0 0 0 0 0 0 0 0 0 0 0 0 0 0 0 0 0 0 0 0 0 0 0 0 0 0 0 0 0 0 0 0 0 0 0 0 0 0 0 0 0 0 0 0 0 0 0 0 0 0 0 0 0 0 0 0 0 0 0 0 0 0 0 0 0 0 6 0 8 0 6 0 6 0 6 0 8 0 6 0 6 0 6 0 6 0 6 0 0 0 0 0 0 0 0 0 0 0 0 0 0 0 6 0 0 0 
0 0 0 0 0 0 0 0 0 0 0 0 0 0 0 0 0 0 0 0 0 0 0 0 0 0 0 0 0 0 0 0 0 0 0 0 0 0 0 0 0 0 0 0 0 0 0 0 0 0 0 0 0 0 0 0 0 0 0 0 0 0 0 0 0 0 0 0 0 0 0 0 0 0 0 0 0 0 0 0 0 0 0 0 0 0 0 0 0 0 0 0 0 0 0 0 0 0 0 0 0 0 0 0 0 0 
0 0 0 0 0 0 0 0 0 0 0 0 0 0 0 0 0 0 0 0 0 0 0 0 0 0 0 0 0 0 0 0 0 0 0 0 0 0 0 0 0 0 0 0 0 0 0 0 0 0 0 0 0 0 0 0 0 0 0 0 0 0 0 0 0 0 0 0 0 0 0 0 0 0 0 0 0 0 0 0 0 0 0 0 0 0 0 0 11 0 11 0 11 0 11 0 11 0 11 0 11 0 0 0 0 0 
12 0 12 0 12 0 12 0 12 0 0 0 0 0 0 0 0 0 0 0 0 0 0 0 0 0 0 0 0 0 0 0 0 0 0 0 0 0 0 0 0 0 0 0 0 0 0 0 0 0 0 0 0 0 0 0 0 0 0 0 0 0 0 0 0 0 0 0 0 0 0 0 0 0 0 0 0 0 0 0 0 0 0 0 0 0 0 0 0 0 12 0 13 0 13 0 12 0 0 0 0 0 0 0 0 0 
12 0 12 0 12 0 12 0 12 0 0 0 12 0 12 0 12 0 0 0 0 0 0 0 14 0 14 0 14 0 0 0 0 0 0 0 12 0 12 0 12 0 0 0 0 0 0 0 0 0 0 0 0 0 0 0 0 0 0 0 0 0 0 0 0 0 0 0 0 0 0 0 0 0 0 0 0 0 0 0 0 0 0 0 0 0 12 0 12 0 12 0 0 0 0 0 12 0 12 0 12 0 0 0 0 0 
12 0 12 0 12 0 12 0 12 0 12 0 15 0 12 0 12 0 16 0 17 0 0 0 0 0 0 0 0 0 17 0 0 0 13 0 17 0 0 0 17 0 0 0 12 0 18 0 16 0 18 0 18 0 18 0 18 0 16 0 19 0 0 0 19 0 0 0 19 0 0 0 19 0 0 0 19 0 0 0 19 0 0 0 16 0 12 0 20 0 0 0 13 0 13 0 20 0 0 0 12 0 0 0 0 0 
12 0 12 0 12 0 12 0 12 0 12 0 21 0 12 0 12 0 0 0 0 0 0 0 14 0 14 0 14 0 0 0 0 0 0 0 0 0 0 0 0 0 0 0 12 0 0 0 0 0 0 0 0 0 0 0 0 0 0 0 12 0 12 0 12 0 12 0 12 0 12 0 12 0 12 0 12 0 12 0 12 0 12 0 0 0 12 0 0 0 0 0 0 0 0 0 0 0 0 0 12 0 12 0 0 0 
0 0 0 0 0 0 0 0 0 0 0 0 0 0 0 0 0 0 0 0 0 0 0 0 0 0 0 0 0 0 0 0 0 0 0 0 0 0 19 0 0 0 0 0 0 0 0 0 0 0 15 0 15 0 15 0 0 0 0 0 0 0 0 0 0 0 0 0 0 0 0 0 0 0 0 0 0 0 0 0 12 0 12 0 12 0 0 0 12 0 12 0 13 0 13 0 12 0 12 0 0 0 0 0 0 0 
0 0 0 0 0 0 0 0 0 0 4 0 22 0 4 0 0 0 4 0 0 0 4 0 0 0 0 0 0 0 0 0 0 0 18 0 18 0 18 0 18 0 18 0 13 0 18 0 18 0 18 0 18 0 18 0 16 0 12 0 12 0 0 0 17 0 0 0 17 0 0 0 17 0 0 0 17 0 0 0 17 0 0 0 17 0 0 0 0 0 12 0 0 0 0 0 12 0 0 0 0 0 0 0 0 0 
0 0 0 0 0 0 0 0 0 0 0 0 0 0 0 0 0 0 0 0 23 0 0 0 0 0 0 0 0 0 0 0 0 0 0 0 0 0 0 0 0 0 0 0 0 0 0 0 0 0 0 0 0 0 0 0 0 0 12 0 12 0 0 0 0 0 0 0 0 0 0 0 0 0 0 0 0 0 0 0 0 0 0 0 0 0 0 0 0 0 15 0 13 0 13 0 12 0 0 0 4 0 24 0 4 0 
0 0 0 0 0 0 0 0 0 0 0 0 0 0 0 0 0 0 0 0 0 0 0 0 0 0 0 0 0 0 0 0 0 0 0 0 0 0 0 0 0 0 0 0 0 0 0 0 0 0 0 0 0 0 0 0 0 0 0 0 0 0 0 0 17 0 0 0 0 0 0 0 17 0 0 0 17 0 0 0 17 0 0 0 0 0 0 0 0 0 12 0 0 0 0 0 25 0 0 0 0 0 0 0 0 0 
0 0 0 0 0 0 0 0 0 0 0 0 0 0 0 0 0 0 0 0 0 0 0 0 0 0 0 0 0 0 0 0 0 0 0 0 0 0 0 0 0 0 0 0 0 0 0 0 0 0 0 0 0 0 0 0 0 0 0 0 0 0 0 0 0 0 0 0 0 0 0 0 0 0 0 0 0 0 0 0 0 0 0 0 0 0 0 0 0 0 12 0 13 0 13 0 12 0 0 0 0 0 0 0 0 0 
decorations 0

layer // layer 1
name noname
offset 15 15
cells_offset -1080 200
scroll_scale_factor_1 1 1
scroll_scale_factor_2 1 1
cell_size 40 40
width 54
height 17
shadow
no_cells
sprite_cells
0 0 0 0 0 0 0 0 0 0 0 0 0 0 0 0 0 0 0 0 0 0 0 0 0 0 0 0 0 0 0 0 0 0 0 0 0 0 0 0 0 0 0 0 0 0 0 0 0 0 0 0 0 0 0 0 0 0 0 0 0 0 0 0 0 0 26 0 0 0 26 0 0 0 26 0 0 0 26 0 0 0 26 0 0 0 26 0 0 0 26 0 0 0 26 0 0 0 26 0 0 0 26 0 0 0 27 0 
0 0 0 0 0 0 0 0 0 0 0 0 0 0 0 0 0 0 0 0 0 0 0 0 0 0 0 0 0 0 0 0 0 0 0 0 0 0 0 0 0 0 0 0 0 0 0 0 0 0 0 0 0 0 0 0 0 0 0 0 26 0 0 0 26 0 0 0 0 0 28 0 0 0 0 0 29 0 0 0 0 0 0 0 0 0 0 0 0 0 30 0 0 0 0 0 0 0 0 0 0 0 0 0 0 0 0 0 
0 0 0 0 0 0 0 0 0 0 0 0 0 0 0 0 0 0 0 0 0 0 0 0 0 0 0 0 0 0 0 0 0 0 0 0 0 0 0 0 0 0 0 0 0 0 0 0 0 0 0 0 0 0 0 0 0 0 0 0 31 0 31 0 31 0 31 0 31 0 31 0 0 0 32 0 0 0 32 0 32 0 28 0 0 0 0 0 0 0 0 0 0 0 0 0 0 0 0 0 0 0 0 0 0 0 0 0 
0 0 0 0 0 0 0 0 0 0 0 0 0 0 0 0 0 0 0 0 0 0 0 0 0 0 0 0 0 0 0 0 0 0 0 0 0 0 0 0 0 0 0 0 0 0 0 0 0 0 0 0 0 0 0 0 0 0 0 0 0 0 0 0 0 0 30 0 33 0 33 0 33 0 34 0 33 0 33 0 33 0 34 0 0 0 0 0 35 0 27 0 36 0 37 0 38 0 36 0 37 0 38 0 0 0 0 0 
0 0 0 0 0 0 0 0 0 0 0 0 0 0 0 0 0 0 0 0 0 0 0 0 0 0 0 0 0 0 0 0 0 0 0 0 0 0 0 0 0 0 0 0 0 0 0 0 0 0 0 0 0 0 0 0 0 0 0 0 0 0 0 0 0 0 0 0 0 0 0 0 0 0 39 0 0 0 0 0 0 0 39 0 0 0 0 0 0 0 0 0 0 0 0 0 0 0 0 0 0 0 35 0 0 0 0 0 
0 0 0 0 0 0 0 0 0 0 0 0 0 0 0 0 0 0 0 0 0 0 0 0 0 0 0 0 0 0 0 0 0 0 0 0 0 0 0 0 0 0 0 0 0 0 0 0 0 0 0 0 0 0 0 0 0 0 0 0 0 0 0 0 0 0 40 0 0 0 0 0 0 0 39 0 0 0 0 0 0 0 39 0 0 0 0 0 0 0 0 0 0 0 0 0 0 0 0 0 0 0 0 0 0 0 0 0 
0 0 0 0 0 0 0 0 0 0 0 0 0 0 0 0 0 0 0 0 0 0 0 0 0 0 0 0 0 0 0 0 0 0 0 0 0 0 0 0 0 0 0 0 0 0 0 0 0 0 0 0 0 0 0 0 0 0 0 0 0 0 0 0 0 0 0 0 0 0 0 0 0 0 0 0 0 0 0 0 0 0 0 0 0 0 0 0 26 0 0 0 26 0 0 0 26 0 0 0 26 0 0 0 0 0 0 0 
41 0 0 0 41 0 0 0 41 0 0 0 0 0 0 0 0 0 0 0 0 0 0 0 0 0 0 0 0 0 0 0 0 0 0 0 0 0 0 0 0 0 0 0 0 0 0 0 0 0 0 0 0 0 0 0 0 0 0 0 0 0 0 0 0 0 0 0 0 0 0 0 0 0 0 0 0 0 0 0 0 0 0 0 0 0 0 0 40 0 0 0 0 0 0 0 0 0 0 0 0 0 0 0 0 0 0 0 
42 0 0 0 0 0 0 0 0 0 0 0 0 0 0 0 0 0 0 0 0 0 0 0 41 0 0 0 41 0 0 0 0 0 0 0 0 0 0 0 0 0 0 0 0 0 0 0 0 0 0 0 0 0 0 0 0 0 0 0 0 0 0 0 0 0 0 0 0 0 0 0 0 0 0 0 0 0 0 0 0 0 0 0 0 0 41 0 0 0 40 0 36 0 37 0 37 0 38 0 41 0 0 0 0 0 0 0 
0 0 0 0 0 0 0 0 43 0 35 0 12 0 36 0 38 0 41 0 0 0 41 0 0 0 44 0 44 0 44 0 41 0 0 0 45 0 36 0 37 0 38 0 41 0 0 0 41 0 0 0 41 0 0 0 41 0 0 0 41 0 0 0 41 0 0 0 41 0 0 0 41 0 0 0 41 0 0 0 41 0 0 0 40 0 42 0 0 0 0 0 0 0 0 0 0 0 0 0 0 0 0 0 0 0 0 0 
42 0 0 0 0 0 0 0 0 0 0 0 0 0 0 0 0 0 0 0 0 0 0 0 0 0 0 0 0 0 0 0 0 0 0 0 0 0 0 0 0 0 0 0 0 0 42 0 0 0 0 0 0 0 0 0 0 0 35 0 46 0 0 0 0 0 0 0 0 0 0 0 0 0 0 0 0 0 0 0 0 0 0 0 35 0 0 0 0 0 0 0 0 0 0 0 0 0 0 0 0 0 35 0 27 0 0 0 
0 0 0 0 0 0 0 0 47 0 0 0 0 0 0 0 0 0 0 0 0 0 0 0 28 0 0 0 0 0 0 0 0 0 0 0 0 0 28 0 0 0 0 0 0 0 0 0 0 0 0 0 0 0 0 0 0 0 0 0 0 0 0 0 0 0 0 0 0 0 0 0 0 0 0 0 0 0 0 0 0 0 0 0 0 0 0 0 28 0 0 0 0 0 0 0 0 0 0 0 0 0 0 0 0 0 0 0 
0 0 0 0 0 0 0 0 0 0 41 0 0 0 41 0 0 0 41 0 0 0 41 0 0 0 48 0 48 0 48 0 0 0 30 0 26 0 0 0 0 0 35 0 26 0 0 0 26 0 0 0 49 0 0 0 35 0 41 0 0 0 0 0 41 0 0 0 41 0 0 0 41 0 0 0 41 0 0 0 50 0 36 0 37 0 38 0 27 0 28 0 0 0 0 0 0 0 0 0 0 0 0 0 0 0 0 0 
0 0 0 0 0 0 0 0 0 0 42 0 0 0 0 0 0 0 0 0 0 0 0 0 0 0 0 0 0 0 0 0 0 0 0 0 51 0 0 0 0 0 0 0 0 0 0 0 0 0 0 0 0 0 0 0 0 0 0 0 0 0 0 0 42 0 0 0 52 0 0 0 0 0 52 0 0 0 0 0 52 0 0 0 0 0 0 0 0 0 42 0 0 0 0 0 0 0 0 0 41 0 0 0 41 0 0 0 
0 0 0 0 0 0 0 0 0 0 0 0 0 0 0 0 0 0 0 0 0 0 0 0 0 0 0 0 0 0 0 0 0 0 30 0 53 0 0 0 0 0 0 0 0 0 0 0 0 0 0 0 0 0 0 0 0 0 0 0 0 0 0 0 42 0 54 0 52 0 55 0 55 0 52 0 55 0 55 0 52 0 55 0 0 0 0 0 0 0 0 0 0 0 0 0 0 0 0 0 42 0 0 0 0 0 0 0 
0 0 0 0 0 0 0 0 0 0 0 0 0 0 0 0 0 0 0 0 0 0 0 0 0 0 0 0 0 0 0 0 0 0 0 0 0 0 0 0 0 0 0 0 0 0 0 0 0 0 0 0 0 0 0 0 0 0 0 0 0 0 0 0 0 0 56 0 52 0 0 0 57 0 52 0 0 0 57 0 52 0 0 0 0 0 0 0 0 0 27 0 0 0 0 0 0 0 0 0 0 0 0 0 0 0 0 0 
0 0 0 0 0 0 0 0 0 0 0 0 0 0 0 0 0 0 0 0 0 0 0 0 0 0 0 0 0 0 0 0 0 0 0 0 0 0 0 0 0 0 0 0 0 0 0 0 0 0 0 0 0 0 0 0 0 0 0 0 0 0 0 0 0 0 0 0 0 0 0 0 0 0 0 0 0 0 0 0 0 0 0 0 0 0 0 0 0 0 27 0 0 0 0 0 0 0 0 0 0 0 0 0 0 0 0 0 
decorations 3
519 763 55 0
394 765 55 0
279 762 55 0

layer // layer 2
name Main
offset 0 0
cells_offset -1080 200
scroll_scale_factor_1 1 1
scroll_scale_factor_2 1 1
cell_size 40 40
width 55
height 18
cells
0 0 0 0 0 0 0 0 0 0 0 0 0 0 0 0 0 0 0 0 0 0 0 0 0 0 0 0 0 0 0 0 0 2 2 2 2 2 2 2 2 2 2 2 2 2 0 0 0 0 0 0 0 0 0 
0 0 0 0 0 0 0 0 0 0 0 0 0 0 0 0 0 0 0 0 0 0 0 0 0 0 0 0 0 0 0 0 2 2 0 0 0 0 0 0 0 0 0 0 0 2 0 0 0 0 0 0 0 0 0 
0 0 0 0 0 0 0 0 0 0 0 0 0 0 0 0 0 0 0 0 0 0 0 0 0 0 0 0 0 0 0 0 2 0 0 0 0 0 0 2 2 0 0 0 0 2 0 0 0 0 0 0 0 0 0 
0 0 0 0 0 0 0 0 0 0 0 0 0 0 0 0 0 0 0 0 0 0 0 0 0 0 0 0 0 0 0 0 2 2 2 2 2 2 2 2 2 2 0 0 0 2 2 2 2 2 2 2 2 0 0 
0 0 0 0 0 0 0 0 0 0 0 0 0 0 0 0 0 0 0 0 0 0 0 0 0 0 0 0 0 0 0 0 0 2 0 0 0 0 0 0 0 0 0 0 0 0 0 0 0 0 0 0 2 2 2 
0 0 0 0 0 0 0 0 0 0 0 0 0 0 0 0 0 0 0 0 0 0 0 0 0 0 0 0 0 0 0 0 0 2 0 0 0 0 0 0 0 0 0 0 0 0 0 0 0 0 0 0 0 0 2 
0 0 0 0 0 0 0 0 0 0 0 0 0 0 0 0 0 0 0 0 0 0 0 0 0 0 0 0 0 0 0 0 0 2 2 2 2 2 2 2 2 2 2 2 2 2 2 2 2 2 2 2 2 2 2 
2 2 2 2 2 2 2 0 0 0 0 0 0 0 0 0 0 0 0 0 0 0 0 0 0 0 0 0 0 0 0 0 0 0 0 0 0 0 0 0 0 0 0 0 0 0 0 0 0 0 0 0 2 0 2 
2 0 0 0 0 0 2 0 0 0 0 0 0 0 0 0 0 0 0 0 0 0 0 0 0 0 0 0 0 0 0 0 0 0 0 0 0 0 0 0 0 0 0 2 2 2 2 2 2 2 2 2 2 0 2 
2 0 2 2 2 0 2 2 2 2 2 2 2 2 2 2 2 2 2 2 2 2 2 2 2 2 2 2 2 2 2 2 2 2 2 2 2 2 2 2 2 2 2 2 0 0 0 0 0 0 0 0 2 0 2 
2 0 2 0 2 0 0 0 0 0 0 0 0 0 0 0 0 0 0 0 0 0 0 2 0 0 0 0 0 0 2 0 0 0 0 0 0 0 0 0 0 0 0 2 0 0 0 0 0 0 0 0 2 2 2 
2 2 2 0 2 0 0 0 0 0 0 0 0 0 0 0 0 0 0 0 0 0 0 2 0 0 0 0 0 0 0 0 0 0 0 0 0 0 0 0 0 0 0 0 0 0 0 0 0 0 0 0 0 0 2 
0 0 0 0 2 2 2 2 2 2 2 2 2 2 2 2 2 2 2 2 0 0 2 2 2 2 2 0 0 2 2 2 2 2 2 2 2 2 2 2 2 2 2 2 2 0 0 0 0 0 0 2 2 2 2 
0 0 0 0 0 0 0 0 0 0 0 0 0 0 0 0 0 0 2 0 0 0 0 0 0 0 0 0 0 0 0 2 0 0 0 0 0 0 0 0 0 0 0 0 2 2 0 0 0 0 2 2 0 0 0 
0 0 0 0 0 0 0 0 0 0 0 0 0 0 0 0 0 0 2 0 0 0 0 0 0 0 0 0 0 0 0 2 0 0 0 0 0 0 0 0 0 0 0 0 0 2 0 0 0 0 2 0 0 0 0 
0 0 0 0 0 0 0 0 0 0 0 0 0 0 0 0 0 0 2 2 2 2 2 2 2 2 2 2 2 2 2 2 0 0 0 0 0 0 0 0 0 0 0 0 0 2 0 0 0 0 2 0 0 0 0 
0 0 0 0 0 0 0 0 0 0 0 0 0 0 0 0 0 0 0 0 0 0 2 0 0 0 0 0 0 0 0 0 0 0 0 0 0 0 0 0 0 0 0 0 0 2 0 0 0 0 2 0 0 0 0 
0 0 0 0 0 0 0 0 0 0 0 0 0 0 0 0 0 0 0 0 0 0 0 0 0 0 0 0 0 0 0 0 0 0 0 0 0 0 0 0 0 0 0 0 0 2 2 2 2 2 2 0 0 0 0 
sprite_cells
0 0 0 0 0 0 0 0 0 0 0 0 0 0 0 0 0 0 0 0 0 0 0 0 0 0 0 0 0 0 0 0 0 0 0 0 0 0 0 0 0 0 0 0 0 0 0 0 0 0 0 0 0 0 0 0 0 0 0 0 0 0 58 0 59 0 26 0 0 0 60 0 61 0 26 0 0 0 26 0 0 0 60 0 61 0 26 0 0 0 30 0 41 0 0 0 27 0 41 0 0 0 62 0 27 0 41 0 0 0 
0 0 0 0 0 0 0 0 0 0 0 0 0 0 0 0 0 0 0 0 0 0 0 0 0 0 0 0 0 0 0 0 0 0 0 0 0 0 0 0 0 0 0 0 0 0 0 0 0 0 0 0 0 0 0 0 0 0 0 0 0 0 26 0 0 0 40 0 0 0 0 0 0 0 0 0 29 0 0 0 0 0 0 0 0 0 0 0 0 0 0 0 0 0 0 0 0 0 0 0 0 0 0 0 0 0 0 0 27 0 
0 0 0 0 0 0 0 0 0 0 0 0 0 0 0 0 0 0 0 0 0 0 0 0 0 0 0 0 0 0 0 0 0 0 0 0 0 0 0 0 0 0 0 0 0 0 0 0 0 0 0 0 0 0 0 0 0 0 0 0 0 0 31 0 31 0 31 0 31 0 31 0 0 0 32 0 0 0 32 0 32 0 0 0 0 0 0 0 0 0 30 0 0 0 0 0 0 0 0 0 0 0 0 0 0 0 0 0 27 0 
0 0 0 0 0 0 0 0 0 0 0 0 0 0 0 0 0 0 0 0 0 0 0 0 0 0 0 0 0 0 0 0 0 0 0 0 0 0 0 0 0 0 0 0 0 0 0 0 0 0 0 0 0 0 0 0 0 0 0 0 0 0 26 0 0 0 40 0 33 0 33 0 33 0 34 0 33 0 33 0 33 0 34 0 0 0 0 0 0 0 0 0 36 0 37 0 38 0 36 0 37 0 38 0 63 0 64 0 0 0 
0 0 0 0 0 0 0 0 0 0 0 0 0 0 0 0 0 0 0 0 0 0 0 0 0 0 0 0 0 0 0 0 0 0 0 0 0 0 0 0 0 0 0 0 0 0 0 0 0 0 0 0 0 0 0 0 0 0 0 0 0 0 58 0 59 0 30 0 0 0 0 0 0 0 39 0 0 0 0 0 0 0 39 0 0 0 0 0 0 0 0 0 0 0 0 0 0 0 0 0 0 0 0 0 27 0 0 0 0 0 
0 0 0 0 0 0 0 0 0 0 0 0 0 0 0 0 0 0 0 0 0 0 0 0 0 0 0 0 0 0 0 0 0 0 0 0 0 0 0 0 0 0 0 0 0 0 0 0 0 0 0 0 0 0 0 0 0 0 0 0 0 0 58 0 59 0 0 0 0 0 0 0 0 0 39 0 0 0 0 0 0 0 39 0 0 0 0 0 0 0 0 0 0 0 0 0 0 0 0 0 0 0 0 0 0 0 0 0 63 0 
0 0 0 0 0 0 0 0 0 0 0 0 0 0 0 0 0 0 0 0 0 0 0 0 0 0 0 0 0 0 0 0 0 0 0 0 0 0 0 0 0 0 0 0 0 0 0 0 0 0 0 0 0 0 0 0 0 0 0 0 0 0 65 0 0 0 26 0 0 0 26 0 0 0 26 0 0 0 26 0 0 0 26 0 0 0 26 0 0 0 66 0 67 0 67 0 67 0 67 0 67 0 50 0 42 0 0 0 42 0 
62 0 41 0 0 0 41 0 0 0 41 0 0 0 0 0 0 0 0 0 0 0 0 0 0 0 30 0 30 0 30 0 68 0 69 0 70 0 0 0 0 0 0 0 0 0 0 0 0 0 0 0 0 0 0 0 0 0 0 0 0 0 0 0 0 0 30 0 71 0 0 0 30 0 72 0 0 0 30 0 71 0 0 0 30 0 73 0 74 0 52 0 0 0 52 0 0 0 52 0 0 0 52 0 0 0 0 0 0 0 
63 0 0 0 0 0 0 0 0 0 0 0 27 0 0 0 0 0 0 0 0 0 26 0 0 0 0 0 0 0 0 0 26 0 0 0 75 0 0 0 0 0 0 0 0 0 0 0 0 0 0 0 0 0 0 0 0 0 0 0 0 0 58 0 59 0 0 0 76 0 40 0 0 0 0 0 0 0 0 0 40 0 40 0 0 0 63 0 77 0 63 0 36 0 37 0 37 0 38 0 62 0 41 0 0 0 0 0 42 0 
63 0 0 0 78 0 0 0 43 0 0 0 27 0 36 0 38 0 41 0 0 0 79 0 45 0 0 0 0 0 0 0 79 0 80 0 45 0 36 0 37 0 38 0 41 0 0 0 77 0 81 0 82 0 82 0 82 0 82 0 82 0 82 0 82 0 83 0 84 0 84 0 84 0 84 0 84 0 74 0 84 0 63 0 41 0 0 0 0 0 0 0 0 0 0 0 0 0 0 0 0 0 0 0 46 0 0 0 0 0 
42 0 0 0 0 0 0 0 0 0 0 0 0 0 0 0 0 0 0 0 0 0 0 0 0 0 0 0 0 0 0 0 0 0 0 0 0 0 0 0 0 0 0 0 0 0 63 0 0 0 0 0 0 0 0 0 0 0 0 0 46 0 0 0 0 0 0 0 0 0 0 0 0 0 0 0 0 0 0 0 0 0 0 0 0 0 63 0 0 0 0 0 0 0 0 0 0 0 0 0 0 0 0 0 63 0 0 0 42 0 
0 0 85 0 75 0 0 0 47 0 0 0 0 0 0 0 0 0 0 0 0 0 0 0 0 0 0 0 0 0 0 0 0 0 0 0 0 0 0 0 0 0 0 0 0 0 70 0 0 0 0 0 0 0 0 0 0 0 0 0 0 0 0 0 0 0 0 0 0 0 0 0 0 0 0 0 0 0 0 0 0 0 0 0 0 0 0 0 0 0 0 0 0 0 0 0 0 0 0 0 0 0 0 0 0 0 0 0 0 0 
27 0 63 0 41 0 0 0 41 0 0 0 66 0 67 0 67 0 50 0 27 0 79 0 45 0 0 0 0 0 0 0 79 0 80 0 45 0 63 0 0 0 0 0 41 0 0 0 62 0 63 0 49 0 0 0 0 0 41 0 0 0 63 0 41 0 0 0 66 0 67 0 67 0 67 0 67 0 67 0 50 0 36 0 37 0 38 0 86 0 87 0 87 0 87 79 87 0 87 315 87 289 88 0 63 0 89 0 0 0 
0 0 0 0 0 0 0 0 0 0 90 0 0 0 0 0 0 0 0 0 0 0 0 0 0 0 30 0 30 0 30 0 79 0 45 0 51 0 0 0 0 0 0 0 0 0 0 0 0 0 0 0 0 0 0 0 0 0 0 0 0 0 51 0 0 0 0 0 52 0 0 0 0 0 52 0 0 0 0 0 52 0 0 0 0 0 0 0 63 0 42 0 0 0 0 0 0 0 0 0 27 0 41 0 0 0 0 0 0 0 
0 0 0 0 0 0 0 0 0 0 90 0 0 0 0 0 0 0 0 0 0 0 0 0 0 0 0 0 0 0 0 0 79 0 45 0 53 0 0 0 0 0 0 0 0 0 0 0 0 0 0 0 0 0 0 0 0 0 0 0 0 0 53 0 0 0 54 0 55 0 55 0 55 0 55 0 55 0 55 0 55 0 55 0 91 0 40 0 42 0 0 0 0 0 0 0 0 0 0 0 42 0 0 0 0 0 0 0 27 0 
0 0 0 0 0 0 0 0 0 0 79 0 80 0 80 0 80 0 80 0 80 0 80 0 80 0 80 0 80 0 80 0 80 0 80 0 45 0 66 0 67 0 67 0 67 0 67 0 67 0 67 0 67 0 67 0 50 0 63 0 92 0 64 0 0 0 56 0 52 0 0 0 0 0 52 0 0 0 0 0 52 0 0 0 40 0 40 0 0 0 63 0 0 0 0 0 0 0 0 0 0 0 0 0 0 0 0 0 42 0 
0 0 0 0 0 0 0 0 0 0 0 0 0 0 0 0 0 0 0 0 0 0 0 0 0 0 0 0 0 0 0 0 0 0 0 0 41 0 0 0 41 0 0 0 63 0 41 0 0 0 41 0 0 0 27 0 27 0 41 0 0 0 0 0 0 0 41 0 0 0 41 0 0 0 27 0 27 0 41 0 0 0 27 0 41 0 0 0 41 0 0 0 0 0 0 0 0 0 0 0 41 0 0 0 41 0 0 0 0 0 
0 0 0 0 0 0 0 0 0 0 0 0 0 0 0 0 0 0 0 0 0 0 0 0 0 0 0 0 0 0 0 0 0 0 0 0 0 0 0 0 0 0 0 0 0 0 0 0 0 0 0 0 0 0 0 0 0 0 0 0 0 0 0 0 0 0 0 0 0 0 0 0 0 0 0 0 0 0 0 0 0 0 0 0 0 0 0 0 0 0 27 0 92 0 46 0 41 0 0 0 27 0 0 0 0 0 0 0 0 0 
decorations 24
-558 519 93 235
-518 519 93 18
-480 519 93 206
-521 737 94 0
-678 680 95 0
-395 490 96 0
40 821 97 0
359 480 98 0
479 480 98 0
118 840 99 0
600 561 95 0
447 208 100 0
719 318 99 0
-158 838 99 0
750 687 87 264
810 684 87 295
854 688 87 308
910 685 87 234
720 841 101 0
892 841 101 0
-987 571 102 0
-939 571 103 0
-938 614 104 0
-939 589 105 0

layer // layer 3
name noname
offset 0 0
cells_offset -720 400
scroll_scale_factor_1 1 1
scroll_scale_factor_2 1 1
cell_size 40 40
width 45
height 11
no_cells
sprite_cells
0 0 0 0 0 0 0 0 0 0 0 0 0 0 0 0 0 0 0 0 0 0 0 0 0 0 0 0 0 0 0 0 0 0 0 0 0 0 0 0 0 0 0 0 0 0 0 0 0 0 0 0 0 0 0 0 0 0 0 0 0 0 0 0 0 0 0 0 0 0 0 0 0 0 0 0 0 0 0 0 0 0 0 0 0 0 31 0 74 0 
0 0 0 0 0 0 0 0 0 0 0 0 0 0 0 0 0 0 0 0 0 0 0 0 0 0 0 0 0 0 0 0 0 0 0 0 0 0 0 0 0 0 0 0 0 0 0 0 0 0 0 0 0 0 0 0 0 0 0 0 0 0 0 0 0 0 0 0 0 0 0 0 0 0 0 0 0 0 0 0 0 0 0 0 0 0 0 0 57 0 
0 0 0 0 0 0 0 0 0 0 0 0 0 0 0 0 0 0 0 0 0 0 0 0 0 0 0 0 0 0 0 0 0 0 0 0 0 0 0 0 0 0 0 0 0 0 0 0 0 0 0 0 0 0 0 0 0 0 0 0 0 0 0 0 0 0 0 0 0 0 0 0 0 0 0 0 0 0 0 0 0 0 0 0 0 0 0 0 57 0 
0 0 0 0 0 0 0 0 0 0 0 0 0 0 0 0 0 0 0 0 0 0 0 0 0 0 0 0 0 0 0 0 0 0 0 0 0 0 0 0 0 0 0 0 0 0 0 0 0 0 0 0 0 0 0 0 0 0 0 0 0 0 0 0 0 0 0 0 0 0 0 0 0 0 0 0 0 0 0 0 0 0 0 0 0 0 0 0 57 0 
106 0 107 0 108 0 0 0 0 0 0 0 0 0 0 0 0 0 0 0 0 0 0 0 0 0 0 0 0 0 0 0 0 0 0 0 0 0 0 0 0 0 0 0 0 0 0 0 0 0 0 0 0 0 0 0 0 0 0 0 0 0 0 0 0 0 0 0 0 0 0 0 0 0 0 0 0 0 0 0 0 0 0 0 0 0 0 0 57 0 
0 0 0 0 0 0 0 0 0 0 0 0 0 0 0 0 0 0 0 0 0 0 0 0 0 0 0 0 0 0 0 0 0 0 0 0 0 0 0 0 0 0 0 0 0 0 0 0 0 0 0 0 0 0 0 0 0 0 0 0 0 0 0 0 0 0 0 0 0 0 0 0 0 0 0 0 0 0 0 0 0 0 0 0 0 0 0 0 57 0 
0 0 0 0 0 0 0 0 0 0 0 0 0 0 0 0 0 0 0 0 0 0 0 0 0 0 0 0 0 0 0 0 0 0 0 0 0 0 0 0 0 0 0 0 0 0 0 0 0 0 109 0 109 0 109 0 109 0 109 0 109 0 109 0 0 0 0 0 0 0 0 0 0 0 0 0 0 0 0 0 0 0 0 0 0 0 31 0 74 0 
0 0 0 0 0 0 0 0 0 0 0 0 0 0 0 0 0 0 0 0 0 0 0 0 0 0 68 0 110 0 0 0 0 0 0 0 0 0 0 0 111 0 0 0 0 0 0 0 0 0 0 0 0 0 0 0 0 0 0 0 0 0 0 0 0 0 0 0 0 0 0 0 0 0 0 0 0 0 0 0 0 0 0 0 0 0 0 0 0 0 
0 0 0 0 0 0 0 0 0 0 0 0 0 0 0 0 0 0 0 0 0 0 0 0 0 0 0 0 0 0 0 0 0 0 0 0 0 0 0 0 0 0 0 0 0 0 42 0 0 0 0 0 0 0 0 0 0 0 0 0 0 0 0 0 0 0 0 0 112 0 0 0 101 0 0 0 0 0 0 0 0 0 111 0 0 0 0 0 0 0 
0 0 0 0 0 0 0 0 0 0 0 0 0 0 0 0 0 0 0 0 0 0 0 0 0 0 0 0 0 0 0 0 0 0 0 0 0 0 0 0 0 0 0 0 0 0 0 0 0 0 52 0 0 0 0 0 52 0 0 0 0 0 52 0 0 0 0 0 0 0 0 0 101 0 0 0 0 0 0 0 0 0 111 0 0 0 0 0 0 0 
0 0 0 0 0 0 0 0 0 0 0 0 0 0 0 0 0 0 0 0 0 0 0 0 0 0 0 0 0 0 0 0 0 0 0 0 0 0 0 0 0 0 0 0 0 0 0 0 0 0 0 0 57 0 57 0 0 0 57 0 57 0 0 0 0 0 0 0 73 0 0 0 101 0 0 0 0 0 0 0 0 0 111 0 0 0 0 0 0 0 
decorations 0

} // layers

entities { 
Crate 1 {
position_in_layer 620 420
layer_index 2
}
Crate 3 {
position_in_layer 620 380
layer_index 2
}
Crate 4 {
position_in_layer 660 420
layer_index 2
}
Crate 5 {
position_in_layer 360 660
layer_index 2
}
ortho/ceilingrobot 6 {
speed_fwd 120
speed_bwd 120
move_distance 240
position_in_layer 264 602
layer_index 2
}
Crate 7 {
position_in_layer 400 660
layer_index 2
}
Crate 8 {
position_in_layer 440 660
layer_index 2
}
Crate 9 {
position_in_layer 480 660
layer_index 2
}
hero/Skater 12 {
balloon true
position_in_layer -880 640
layer_index 2
}
Crate/solid 13 {
position_in_layer 980 660
layer_index 2
}
Crate/solid 14 {
position_in_layer 860 860
layer_index 2
}
Device/Teleport 19 {
target 20
position_in_layer 760 840
layer_index 2
}
Device/Teleport 20 {
position_in_layer 680 560
layer_index 2
}
Spec/Region 21 {
size 240 40
balloon true
killer true
position_in_layer 720 680
layer_index 2
}
Device/Teleport 23 {
flash_sprite INVISIBLE
target 25
flash_in_sound none
flash_out_sound none
looping_sound none
position_in_layer 1040 640
layer_index 2
}
Device/Teleport 25 {
flash_sprite INVISIBLE
flash_in_sound none
flash_out_sound none
looping_sound none
position_in_layer 1040 400
layer_index 2
}
Spec/Region 26 {
size 120 40
operate 27
position_in_layer 960 640
layer_index 2
}
DoorSingleV 27 {
position_in_layer 1000 640
layer_index 2
}
DoorSingleV 28 {
position_in_layer 1000 400
layer_index 2
}
Spec/Region 29 {
size 120 40
operate 28
position_in_layer 960 400
layer_index 2
}
Spec/LevelExit 30 {
closed_sprite INVISIBLE
opened_sprite INVISIBLE
position_in_layer 560 280
layer_index 2
}
DoorV 32 {
position_in_layer 80 720
layer_index 2
}
DoorV 33 {
position_in_layer -80 600
layer_index 2
}
Device/Teleport 34 {
target 35
position_in_layer 120 760
layer_index 2
}
Device/Teleport 35 {
position_in_layer -120 600
layer_index 2
}
Device/Lever_S 36 {
operate 37
position_in_layer 20 600
layer_index 2
}
Spec/SignalPlexor 37 {
operate_1 33
operate_2 32
position_in_layer 21 631
layer_index 2
}
shooter/vapor_E 38 {
shot_delay 100 500
shot_delay2 1000 1200
shot_delay3 500 1000
position_in_layer 11 701
layer_index 2
}
DoorH 39 {
position_in_layer -280 680
layer_index 2
}
Device/Lever_W 41 {
operate 39
position_in_layer -200 640
layer_index 2
}
DeathRayV 44 {
on_duration 2000
off_duration 2000
size 4
operate 58
looping_sound none
position_in_layer -560 560
layer_index 2
}
DeathRayV 45 {
on_duration 3000
off_duration 2000
size 4
operate 58
looping_sound none
position_in_layer -520 560
layer_index 2
}
DeathRayV 46 {
on_duration 2000
off_duration 2000
size 4
operate 58
looping_sound none
position_in_layer -480 560
layer_index 2
}
Spec/Region 48 {
size 117 84
operate 51
position_in_layer -718 597
layer_index 2
}
photo 49 {
position_in_layer -721 582
layer_index 2
}
photo 50 {
position_in_layer -641 581
layer_index 2
}
Spec/SignalPlexor 51 {
operate_1 49
operate_2 50
operate_3 68
position_in_layer -681 533
layer_index 2
}
Device/Terminal 52 {
balloon true
trigger_once false
on_activate_action run
on_deactivate_target 57
on_deactivate_action run
show_doc "get_magneto"
position_in_layer -840 640
layer_index 2
}
Device/Respawn 54 {
position_in_layer 180 640
layer_index 2
}
Spec/LevelBoundary 55 {
position_in_layer -760 320
layer_index 2
}
Spec/LevelBoundary 56 {
position_in_layer 1040 800
layer_index 2
}
Spec/Actions/Camera 57 {
a1_target 30
position_in_layer -725 419
layer_index 2
}
Spec/SignalCombiner 58 {
threshold 1
operate 59
position_in_layer -529 344
layer_index 2
}
SoundDeathRay 59 {
size 130 170
position_in_layer -565 554
layer_index 2
}
SoundTerminal 60 {
position_in_layer -840 560
layer_index 2
}
SoundComputer 61 {
position_in_layer -980 587
layer_index 2
}
SoundMachine 63 {
size 240 40
position_in_layer 330 495
layer_index 2
}
SoundTV 67 {
size 40 40
position_in_layer -362 499
layer_index 2
}
Door2V 68 {
position_in_layer -680 600
layer_index 2
}
Device/Respawn 69 {
position_in_layer -780 640
layer_index 2
}
} // entities
