sprite_table {
 dirt 1
 dirt/bike 2
 bgr/plate_03 3
 bgr/plate_wire_1 4
 dirt/rat 5
 bgr/plate_01 6
 bgr/plate_05 7
 bgr/plate_04 8
 bgr/bulkhead 9
 bgr/plate_09 10
 bgr/plate_10 11
 bgr/hugepipe01 12
 bgr/hugepipe02 13
 bgr/plate_08 14
 bgr/plate_02 15
 bgr/hugepipe04 16
 bgr/hugegrate 17
 bgr/plate_06 18
 bgr/hugepipe03 19
 bgr/rock_05 20
 bgr/plate_13 21
 bgr/rock_07 22
 wall_stoneA_05 23
 wall_stoneA_04 24
 wall_stoneA_02 25
 wall_arc_01 26
 wall_arc_02 27
 wall_arc_03 28
 shadow_fix_02 29
 shadow_fix_01 30
 crane14 31
 metal_ramp_01 32
 metal_ramp_02 33
 crane07 34
 crane06 35
 crane09 36
 metal_pipejoint_04 37
 crane08 38
 metal_ramp_03 39
 metal_frame 40
 wall_stoneA_03 41
 wall_stoneA_10 42
 wall_stoneA_00 43
 wall_brick01 44
 wall_brick02 45
 wall_brick03 46
 wall_metalA_01 47
 metal_fatpipe_08 48
 wall_stoneA_06 49
 wall_stoneA_07 50
 wall_stoneA_08 51
 crane11 52
 metal_quadpipe 53
 metal_fatpipe_01 54
 metal_grate 55
 metal_pipe_08 56
 wall_stoneA_15 57
 crane13 58
 metal_pipeend 59
 wall_stoneA_01 60
 crane05 61
 crane12 62
 metal_fatpipe_09 63
 wall_metalA_03 64
 metal_pipe_02 65
 wall_metalA_02 66
 cogwheelA 67
 metal_pipejoint_03 68
 metal_pipe_03 69
 wall_stoneA_11 70
 wall_stoneA_12 71
 wall_stoneA_13 72
 sign/arrow2 73
 sign/storage 74
 sign/gaugeA 75
 zabradli 76
 sign/stripe4 77
 sign/gaugeB 78
 sign/acid1 79
} // sprite_table

layers {
clear_screen true
layer // layer 0
name noname
offset 0 0
cells_offset 120 360
scroll_scale_factor_1 1 1
scroll_scale_factor_2 1 1
cell_size 40 40
width 76
height 11
no_cells
sprite_cells
1 0 0 0 2 0 0 0 0 0 0 0 0 0 0 0 0 0 0 0 0 0 0 0 0 0 0 0 0 0 0 0 0 0 0 0 0 0 3 0 0 0 3 0 0 0 3 0 0 0 3 0 4 0 3 0 0 0 3 0 0 0 3 0 0 0 0 0 0 0 0 0 0 0 0 0 0 0 0 0 0 0 0 0 0 0 0 0 0 0 0 0 0 0 0 0 0 0 0 0 0 0 0 0 0 0 0 0 0 0 0 0 0 0 0 0 0 0 0 0 0 0 0 0 0 0 0 0 0 0 0 0 0 0 0 0 0 0 0 0 0 0 0 0 0 0 0 0 0 0 0 0 
0 0 5 0 0 0 0 0 0 0 0 0 0 0 0 0 6 0 7 0 6 0 0 0 0 0 0 0 0 0 0 0 0 0 0 0 0 0 0 0 0 0 0 0 0 0 0 0 0 0 0 0 0 0 0 0 0 0 0 0 0 0 0 0 0 0 0 0 0 0 0 0 0 0 0 0 6 0 7 0 6 0 0 0 0 0 0 0 0 0 0 0 0 0 0 0 0 0 0 0 0 0 0 0 0 0 0 0 0 0 0 0 0 0 0 0 0 0 0 0 0 0 0 0 0 0 0 0 0 0 0 0 0 0 0 0 0 0 0 0 0 0 0 0 0 0 0 0 0 0 0 0 
6 0 6 0 6 0 0 0 0 0 6 0 6 0 6 0 6 0 0 0 6 0 8 0 6 0 9 0 8 0 8 0 8 0 8 0 9 0 3 0 0 0 3 0 10 0 3 0 0 0 3 0 4 0 3 0 0 0 3 0 11 0 3 0 0 0 9 0 8 0 8 0 8 0 9 0 6 0 0 0 6 0 0 0 0 0 0 0 0 0 0 0 0 0 0 0 0 0 0 0 0 0 0 0 0 0 0 0 0 0 0 0 0 0 0 0 0 0 0 0 0 0 0 0 0 0 0 0 0 0 0 0 0 0 0 0 0 0 0 0 0 0 0 0 0 0 0 0 0 0 0 0 
6 0 6 0 6 0 6 0 9 0 12 0 0 0 13 0 8 0 7 0 6 0 0 0 6 0 0 0 0 0 0 0 0 0 0 0 0 0 0 0 0 0 0 0 0 0 0 0 0 0 0 0 0 0 14 0 0 0 0 0 0 0 0 0 0 0 0 0 0 0 0 0 0 0 0 0 6 0 7 0 6 0 6 0 6 0 15 0 15 0 15 0 0 0 0 0 0 0 0 0 0 0 0 0 0 0 0 0 0 0 0 0 0 0 0 0 0 0 0 0 0 0 0 0 0 0 0 0 0 0 0 0 0 0 0 0 0 0 0 0 0 0 0 0 0 0 0 0 0 0 0 0 
6 0 6 0 6 0 6 0 0 0 16 0 0 0 0 0 0 0 0 0 6 0 6 0 6 0 0 0 0 0 0 0 0 0 0 0 0 0 0 0 0 0 0 0 0 0 0 0 0 0 0 0 0 0 0 0 0 0 0 0 0 0 0 0 0 0 0 0 0 0 0 0 0 0 0 0 0 0 0 0 17 0 0 0 0 0 0 0 0 0 18 0 0 0 0 0 0 0 0 0 0 0 0 0 0 0 0 0 0 0 0 0 0 0 0 0 0 0 0 0 0 0 0 0 0 0 0 0 0 0 0 0 0 0 0 0 0 0 0 0 0 0 0 0 0 0 0 0 0 0 0 0 
0 0 0 0 0 0 0 0 0 0 0 0 19 0 0 0 6 0 7 0 6 0 11 0 14 0 0 0 0 0 0 0 0 0 0 0 0 0 0 0 0 0 0 0 0 0 0 0 0 0 0 0 0 0 0 0 0 0 0 0 0 0 0 0 0 0 0 0 0 0 0 0 0 0 0 0 0 0 0 0 0 0 0 0 0 0 0 0 0 0 15 0 15 0 0 0 0 0 0 0 0 0 0 0 0 0 0 0 0 0 0 0 0 0 0 0 0 0 0 0 0 0 0 0 0 0 0 0 0 0 0 0 0 0 0 0 0 0 0 0 0 0 0 0 0 0 20 0 0 0 20 0 
0 0 0 0 0 0 0 0 0 0 0 0 6 0 6 0 6 0 0 0 6 0 0 0 0 0 0 0 0 0 0 0 0 0 0 0 0 0 0 0 0 0 0 0 0 0 0 0 0 0 0 0 0 0 0 0 0 0 0 0 0 0 0 0 0 0 0 0 0 0 0 0 0 0 0 0 6 0 8 0 6 0 8 0 6 0 0 0 0 0 15 0 15 0 0 0 0 0 0 0 0 0 0 0 0 0 0 0 0 0 0 0 0 0 0 0 0 0 0 0 0 0 0 0 0 0 0 0 0 0 0 0 0 0 0 0 0 0 0 0 0 0 0 0 0 0 6 0 6 0 6 0 
0 0 0 0 0 0 0 0 0 0 0 0 0 0 0 0 0 0 0 0 0 0 0 0 0 0 0 0 0 0 0 0 0 0 0 0 0 0 0 0 0 0 0 0 0 0 0 0 0 0 0 0 0 0 0 0 0 0 0 0 0 0 0 0 0 0 0 0 0 0 0 0 0 0 0 0 8 0 0 0 8 0 0 0 8 0 0 0 0 0 15 0 15 0 0 0 0 0 0 0 0 0 0 0 0 0 0 0 0 0 0 0 0 0 0 0 3 0 10 0 3 0 0 0 3 0 9 0 3 0 0 0 3 0 0 0 3 0 0 0 3 0 0 0 9 0 3 0 0 0 3 0 
0 0 0 0 0 0 0 0 0 0 0 0 0 0 0 0 0 0 0 0 0 0 0 0 0 0 0 0 0 0 0 0 0 0 0 0 0 0 0 0 0 0 0 0 0 0 0 0 0 0 0 0 0 0 0 0 0 0 0 0 0 0 0 0 0 0 0 0 0 0 0 0 0 0 0 0 0 0 8 0 0 0 8 0 0 0 7 0 0 0 15 0 15 0 21 0 0 0 21 0 0 0 4 0 21 0 0 0 0 0 0 0 0 0 0 0 0 0 0 0 0 0 0 0 0 0 0 0 0 0 0 0 0 0 0 0 0 0 14 0 0 0 0 0 0 0 0 0 0 0 0 0 
0 0 0 0 0 0 0 0 0 0 0 0 0 0 0 0 0 0 0 0 0 0 0 0 0 0 0 0 0 0 0 0 0 0 0 0 0 0 0 0 0 0 0 0 0 0 0 0 0 0 0 0 0 0 0 0 0 0 0 0 0 0 0 0 0 0 0 0 0 0 0 0 0 0 0 0 8 0 0 0 8 0 0 0 8 0 0 0 6 0 15 0 0 0 0 0 0 0 0 0 0 0 0 0 0 0 0 0 0 0 6 0 6 0 0 0 3 0 0 0 3 0 0 0 3 0 0 0 0 0 0 0 0 0 0 0 0 0 0 0 0 0 0 0 0 0 0 0 0 0 0 0 
0 0 0 0 0 0 0 0 0 0 0 0 0 0 0 0 0 0 0 0 0 0 0 0 0 0 0 0 0 0 0 0 0 0 0 0 0 0 0 0 0 0 0 0 0 0 0 0 0 0 0 0 0 0 0 0 0 0 0 0 0 0 0 0 0 0 0 0 0 0 0 0 0 0 0 0 0 0 6 0 0 0 6 0 0 0 7 0 6 0 15 0 6 0 6 0 15 0 6 0 6 0 4 0 14 0 6 0 6 0 15 0 15 0 6 0 0 0 0 0 0 0 0 0 0 0 0 0 22 0 0 0 22 0 0 0 22 0 0 0 22 0 0 0 22 0 0 0 22 0 0 0 
decorations 0

layer // layer 1
name noname
offset 15 15
cells_offset 80 320
scroll_scale_factor_1 1 1
scroll_scale_factor_2 1 1
cell_size 40 40
width 77
height 12
shadow
no_cells
sprite_cells
23 0 0 0 23 0 0 0 24 0 0 0 0 0 0 0 0 0 0 0 0 0 0 0 0 0 0 0 0 0 0 0 0 0 0 0 0 0 24 0 23 0 0 0 23 0 0 0 23 0 0 0 23 0 0 0 23 0 0 0 23 0 0 0 23 0 0 0 0 0 0 0 0 0 0 0 0 0 0 0 0 0 0 0 0 0 0 0 0 0 0 0 0 0 0 0 0 0 0 0 0 0 0 0 0 0 0 0 0 0 0 0 0 0 0 0 0 0 0 0 0 0 0 0 0 0 0 0 0 0 0 0 0 0 0 0 0 0 0 0 0 0 0 0 0 0 0 0 0 0 0 0 0 0 
25 0 0 0 0 0 0 0 0 0 0 0 0 0 0 0 0 0 0 0 0 0 0 0 0 0 0 0 0 0 0 0 0 0 0 0 0 0 25 0 0 0 0 0 0 0 0 0 0 0 0 0 0 0 0 0 0 0 0 0 0 0 0 0 0 0 0 0 0 0 0 0 0 0 0 0 0 0 0 0 0 0 0 0 0 0 0 0 0 0 0 0 0 0 0 0 0 0 0 0 0 0 0 0 0 0 0 0 0 0 0 0 0 0 0 0 0 0 0 0 0 0 0 0 0 0 0 0 0 0 0 0 0 0 0 0 0 0 0 0 0 0 0 0 0 0 0 0 0 0 0 0 0 0 
0 0 0 0 0 0 0 0 0 0 23 0 0 0 23 0 0 0 26 0 27 0 28 0 24 0 23 0 0 0 23 0 0 0 23 0 0 0 0 0 0 0 0 0 0 0 0 0 0 0 0 0 0 0 0 0 0 0 0 0 0 0 0 0 0 0 29 0 24 0 23 0 0 0 23 0 0 0 26 0 27 0 28 0 0 0 0 0 0 0 0 0 0 0 0 0 0 0 0 0 0 0 0 0 0 0 0 0 0 0 0 0 0 0 0 0 0 0 0 0 0 0 0 0 0 0 0 0 0 0 0 0 0 0 0 0 0 0 0 0 0 0 0 0 0 0 0 0 0 0 0 0 0 0 
24 0 26 0 27 0 28 0 23 0 0 0 0 0 0 0 0 0 0 0 0 0 0 0 0 0 0 0 0 0 0 0 0 0 0 0 0 0 0 0 0 0 0 0 0 0 0 0 0 0 0 0 0 0 0 0 0 0 0 0 0 0 0 0 0 0 0 0 0 0 0 0 0 0 0 0 0 0 0 0 0 0 29 0 23 0 0 0 23 0 0 0 24 0 0 0 0 0 0 0 0 0 0 0 0 0 0 0 0 0 0 0 0 0 0 0 0 0 0 0 0 0 0 0 0 0 0 0 0 0 0 0 0 0 0 0 0 0 0 0 0 0 0 0 0 0 0 0 0 0 0 0 0 0 
25 0 0 0 0 0 0 0 0 0 0 0 0 0 0 0 0 0 0 0 0 0 0 0 0 0 0 0 0 0 0 0 0 0 0 0 0 0 0 0 0 0 0 0 0 0 0 0 0 0 0 0 0 0 0 0 0 0 0 0 0 0 0 0 0 0 0 0 0 0 0 0 0 0 0 0 0 0 30 0 0 0 0 0 0 0 0 0 0 0 30 0 0 0 31 0 0 0 0 0 0 0 0 0 0 0 0 0 0 0 0 0 0 0 0 0 0 0 0 0 0 0 0 0 0 0 0 0 0 0 0 0 0 0 0 0 0 0 0 0 0 0 0 0 0 0 0 0 0 0 0 0 0 0 
0 0 0 0 0 0 0 0 0 0 30 0 0 0 0 0 0 0 0 0 0 0 0 0 0 0 0 0 0 0 0 0 0 0 0 0 0 0 0 0 0 0 0 0 0 0 0 0 0 0 0 0 0 0 0 0 0 0 0 0 0 0 0 0 0 0 0 0 0 0 0 0 0 0 0 0 0 0 24 0 30 0 0 0 0 0 0 0 0 0 24 0 0 0 31 0 0 0 0 0 0 0 0 0 0 0 0 0 0 0 0 0 0 0 0 0 0 0 0 0 0 0 0 0 0 0 0 0 0 0 0 0 0 0 0 0 0 0 0 0 0 0 0 0 0 0 23 0 0 0 23 0 0 0 
0 0 0 0 0 0 0 0 0 0 24 0 0 0 30 0 0 0 0 0 0 0 0 0 0 0 0 0 0 0 0 0 0 0 0 0 0 0 0 0 0 0 0 0 0 0 0 0 0 0 0 0 0 0 0 0 0 0 0 0 0 0 0 0 0 0 0 0 0 0 0 0 0 0 0 0 25 0 23 0 0 0 0 0 29 0 24 0 0 0 25 0 0 0 31 0 0 0 0 0 0 0 0 0 0 0 0 0 0 0 0 0 0 0 0 0 0 0 0 0 0 0 0 0 0 0 0 0 0 0 0 0 0 0 0 0 0 0 0 0 0 0 0 0 0 0 24 0 0 0 0 0 0 0 
0 0 0 0 0 0 0 0 0 0 0 0 0 0 32 0 0 0 32 0 33 0 33 0 0 0 0 0 0 0 0 0 0 0 0 0 0 0 0 0 0 0 0 0 0 0 0 0 0 0 0 0 0 0 0 0 0 0 0 0 0 0 0 0 0 0 0 0 0 0 0 0 0 0 0 0 0 0 34 0 0 0 0 0 0 0 0 0 0 0 0 0 0 0 31 0 0 0 0 0 0 0 0 0 0 0 0 0 0 0 0 0 0 0 0 0 23 0 0 0 23 0 0 0 23 0 0 0 23 0 0 0 23 0 0 0 23 0 0 0 23 0 0 0 23 0 0 0 26 0 27 0 28 0 
0 0 0 0 0 0 0 0 0 0 0 0 0 0 0 0 0 0 0 0 0 0 0 0 0 0 0 0 0 0 0 0 0 0 0 0 0 0 0 0 0 0 0 0 0 0 0 0 0 0 0 0 0 0 0 0 0 0 0 0 0 0 0 0 0 0 0 0 0 0 0 0 0 0 0 0 25 0 34 0 0 0 0 0 0 0 29 0 24 0 25 0 0 0 31 0 24 0 23 0 0 0 23 0 0 0 23 0 0 0 0 0 0 0 0 0 25 0 0 0 0 0 0 0 0 0 0 0 0 0 0 0 0 0 0 0 0 0 0 0 0 0 0 0 0 0 0 0 0 0 0 0 0 0 
0 0 0 0 0 0 0 0 0 0 0 0 0 0 0 0 0 0 0 0 0 0 0 0 0 0 0 0 0 0 0 0 0 0 0 0 0 0 0 0 0 0 0 0 0 0 0 0 0 0 0 0 0 0 0 0 0 0 0 0 0 0 0 0 0 0 0 0 0 0 0 0 0 0 0 0 0 0 34 0 30 0 0 0 0 0 0 0 0 0 0 0 0 0 31 0 0 0 0 0 0 0 0 0 0 0 0 0 0 0 0 0 0 0 0 0 0 0 0 0 0 0 0 0 0 0 0 0 0 0 0 0 0 0 0 0 0 0 0 0 0 0 0 0 0 0 0 0 0 0 0 0 0 0 
0 0 0 0 0 0 0 0 0 0 0 0 0 0 0 0 0 0 0 0 0 0 0 0 0 0 0 0 0 0 0 0 0 0 0 0 0 0 0 0 0 0 0 0 0 0 0 0 0 0 0 0 0 0 0 0 0 0 0 0 0 0 0 0 0 0 0 0 0 0 0 0 0 0 0 0 25 0 35 0 36 0 0 0 0 0 0 0 29 0 37 0 29 0 24 0 0 0 0 0 0 0 0 0 0 0 0 0 29 0 24 0 26 0 28 0 24 0 0 0 0 0 32 0 33 0 33 0 23 0 0 0 23 0 0 0 23 0 0 0 23 0 0 0 23 0 0 0 23 0 0 0 24 0 
0 0 0 0 0 0 0 0 0 0 0 0 0 0 0 0 0 0 0 0 0 0 0 0 0 0 0 0 0 0 0 0 0 0 0 0 0 0 0 0 0 0 0 0 0 0 0 0 0 0 0 0 0 0 0 0 0 0 0 0 0 0 0 0 0 0 0 0 0 0 0 0 0 0 0 0 0 0 38 0 0 0 0 0 0 0 0 0 0 0 0 0 0 0 0 0 0 0 0 0 0 0 0 0 0 0 0 0 0 0 0 0 0 0 0 0 0 0 0 0 0 0 39 0 0 0 0 0 24 0 0 0 0 0 0 0 0 0 0 0 0 0 0 0 0 0 0 0 0 0 0 0 0 0 
decorations 1
2575 740 40 0

layer // layer 2
name Main
offset 0 0
cells_offset 80 320
scroll_scale_factor_1 1 1
scroll_scale_factor_2 1 1
cell_size 40 40
width 78
height 13
cells
0 0 0 0 0 0 0 0 0 0 0 0 2 2 0 0 0 2 0 2 2 2 2 2 2 2 2 2 2 2 2 2 2 2 2 0 0 0 0 0 0 0 0 0 0 0 0 0 0 0 0 0 0 0 0 0 0 0 0 0 0 0 0 0 0 0 0 0 0 0 0 0 0 0 0 0 0 0 
0 0 0 0 0 0 0 0 0 0 0 0 0 0 0 0 0 0 0 2 0 0 0 0 0 0 0 0 0 0 0 0 0 0 2 0 0 0 0 0 0 0 0 0 0 0 0 0 0 0 0 0 0 0 0 0 0 0 0 0 0 0 0 0 0 0 0 0 0 0 0 0 0 0 0 0 0 0 
0 0 0 0 0 2 2 2 2 2 2 2 2 2 2 2 2 2 2 2 0 0 0 0 0 0 0 0 0 0 0 0 0 0 2 2 2 2 2 2 2 2 2 0 0 0 0 0 0 0 0 0 0 0 0 0 0 0 0 0 0 0 0 0 0 0 0 0 0 0 0 0 0 0 0 0 0 0 
2 2 2 2 2 2 0 0 0 0 0 0 0 0 0 0 0 0 0 0 0 0 0 0 0 0 0 0 0 0 0 0 0 0 0 0 0 0 0 0 0 0 2 2 2 2 2 2 0 0 0 0 0 0 0 0 0 0 0 0 0 0 0 0 0 0 0 0 0 0 0 0 0 0 0 0 0 0 
2 0 0 0 0 0 0 0 0 0 0 0 0 0 0 0 0 0 0 0 0 0 0 0 0 0 0 0 0 0 0 0 0 0 0 0 0 0 0 0 0 0 0 0 0 0 0 2 0 0 0 0 0 0 0 0 0 0 0 0 0 0 0 0 0 0 0 0 0 0 0 0 0 0 0 0 0 0 
2 0 0 0 0 0 0 0 0 0 0 0 0 0 2 2 2 2 2 2 2 2 2 2 2 2 2 2 2 2 2 2 2 2 2 2 2 2 2 2 0 0 0 2 2 2 0 2 0 0 0 0 0 0 0 0 0 0 0 0 0 0 0 0 0 0 0 0 2 0 0 0 0 0 0 0 0 0 
2 2 2 2 2 2 0 0 0 0 0 0 0 0 2 0 0 0 0 0 0 0 0 0 0 0 0 0 0 0 0 0 0 0 0 0 0 0 0 2 2 0 0 2 2 2 0 2 0 0 0 0 0 0 0 0 0 0 0 0 0 0 0 0 0 0 0 0 0 0 0 0 0 0 0 0 0 0 
0 0 0 0 0 2 2 2 0 2 2 2 2 2 2 0 0 0 0 0 0 0 0 0 0 0 0 0 0 0 0 0 0 0 0 0 0 0 2 2 0 0 0 0 2 2 0 2 0 0 0 0 0 0 0 0 0 0 2 2 2 2 2 2 2 2 2 2 2 2 2 2 2 2 2 2 2 2 
0 0 0 0 2 0 0 2 2 2 0 0 0 0 0 0 0 0 0 0 0 0 0 0 0 0 0 0 0 0 0 0 0 0 0 0 0 0 0 2 0 0 0 0 2 2 0 2 2 2 2 2 2 2 2 2 0 0 2 0 0 0 0 0 0 0 0 0 0 0 0 0 0 0 0 0 0 2 
0 0 0 0 0 0 0 0 0 0 0 0 0 0 0 0 0 0 0 0 0 0 0 0 0 0 0 0 0 0 0 0 0 0 0 0 0 0 0 2 0 0 0 0 0 2 0 2 0 0 0 0 0 0 0 2 0 0 2 0 0 0 0 0 0 0 0 0 0 0 0 0 0 0 0 0 0 2 
0 0 0 0 0 0 0 0 0 0 0 0 0 0 0 0 0 0 0 0 0 0 0 0 0 0 0 0 0 0 0 0 0 0 0 0 0 0 0 2 2 0 0 0 0 2 0 2 0 0 0 0 0 0 0 2 2 2 2 0 0 2 2 2 2 2 2 2 2 2 2 2 2 2 2 2 2 2 
0 0 0 0 0 0 0 0 0 0 0 0 0 0 0 0 0 0 0 0 0 0 0 0 0 0 0 0 0 0 0 0 0 0 0 0 0 0 0 2 0 0 0 0 0 0 0 0 0 0 0 0 0 0 0 0 0 0 0 0 0 2 0 0 2 0 0 0 0 0 0 0 0 0 0 0 0 2 
0 0 0 0 0 0 0 0 0 0 0 0 0 0 0 0 0 0 0 0 0 0 0 0 0 0 0 0 0 0 0 0 0 0 0 0 0 0 0 2 2 2 2 2 2 2 2 2 2 2 2 2 2 2 2 2 2 2 2 2 2 2 2 2 2 0 0 0 2 0 0 0 2 0 0 0 0 0 
sprite_cells
23 0 0 0 23 0 0 0 24 0 25 0 23 0 0 0 23 0 0 0 23 0 0 0 41 0 24 0 23 0 0 0 24 0 41 0 24 0 25 0 41 0 24 0 23 0 0 0 41 0 23 0 0 0 42 0 23 0 0 0 23 0 0 0 41 0 41 0 43 0 0 0 44 0 45 0 45 0 45 0 45 0 45 0 45 0 45 0 46 0 36 0 0 0 0 0 0 0 0 0 0 0 0 0 0 0 0 0 0 0 0 0 0 0 0 0 0 0 0 0 0 0 0 0 0 0 0 0 0 0 0 0 0 0 0 0 0 0 0 0 0 0 0 0 0 0 0 0 0 0 0 0 0 0 0 0 
25 0 0 0 0 0 0 0 0 0 0 0 44 0 45 0 45 0 45 0 45 0 45 0 45 0 45 0 45 0 45 0 45 0 45 0 46 0 0 0 0 0 0 0 0 0 0 0 0 0 0 0 0 0 0 0 0 0 0 0 0 0 0 0 0 0 0 0 0 0 0 0 44 0 45 0 45 0 45 0 45 0 45 0 45 0 45 0 46 0 0 0 0 0 0 0 0 0 0 0 0 0 0 0 0 0 0 0 0 0 0 0 0 0 0 0 0 0 0 0 0 0 0 0 0 0 0 0 0 0 0 0 0 0 0 0 0 0 0 0 0 0 0 0 0 0 0 0 0 0 0 0 0 0 0 0 
0 0 0 0 0 0 0 0 0 0 23 0 0 0 41 0 41 0 26 0 27 0 28 0 41 0 41 0 42 0 41 0 23 0 0 0 23 0 0 0 0 0 0 0 0 0 0 0 0 0 0 0 0 0 0 0 0 0 0 0 0 0 0 0 0 0 0 0 41 0 23 0 0 0 23 0 0 0 26 0 27 0 28 0 41 0 43 0 0 0 0 0 0 0 0 0 0 0 0 0 0 0 0 0 0 0 0 0 0 0 0 0 0 0 0 0 0 0 0 0 0 0 0 0 0 0 0 0 0 0 0 0 0 0 0 0 0 0 0 0 0 0 0 0 0 0 0 0 0 0 0 0 0 0 0 0 
24 0 26 0 27 0 28 0 42 0 41 0 0 0 0 0 0 0 0 0 0 0 0 0 0 0 0 0 0 0 0 0 0 0 0 0 0 0 0 0 0 0 0 0 0 0 0 0 0 0 0 0 0 0 0 0 0 0 0 0 0 0 0 0 0 0 0 0 0 0 0 0 0 0 0 0 0 0 0 0 0 0 0 0 41 0 0 0 0 0 41 0 42 0 25 0 0 0 0 0 0 0 0 0 0 0 0 0 0 0 0 0 0 0 0 0 0 0 0 0 0 0 0 0 0 0 0 0 0 0 0 0 0 0 0 0 0 0 0 0 0 0 0 0 0 0 0 0 0 0 0 0 0 0 0 0 
25 0 0 0 0 0 0 0 0 0 0 0 0 0 0 0 0 0 0 0 0 0 0 0 0 0 0 0 0 0 0 0 0 0 0 0 0 0 0 0 0 0 0 0 0 0 0 0 0 0 0 0 0 0 0 0 0 0 0 0 0 0 0 0 0 0 0 0 0 0 0 0 0 0 0 0 0 0 0 0 0 0 0 0 0 0 0 0 0 0 0 0 0 0 0 0 47 0 48 0 0 0 0 0 0 0 0 0 0 0 0 0 0 0 0 0 0 0 0 0 0 0 0 0 0 0 0 0 0 0 0 0 0 0 0 0 0 0 0 0 0 0 0 0 0 0 0 0 0 0 0 0 0 0 0 0 
0 0 0 0 0 0 0 0 0 0 0 0 0 0 0 0 0 0 0 0 0 0 0 0 0 0 0 0 25 0 49 0 50 0 50 0 50 0 51 0 43 0 0 0 41 0 23 0 0 0 41 0 23 0 0 0 23 0 0 0 24 0 43 0 0 0 23 0 0 0 41 0 41 0 23 0 0 0 41 0 0 0 0 0 0 0 41 0 23 0 0 0 0 0 52 0 0 0 53 0 54 0 54 0 54 0 54 0 47 0 55 0 54 0 54 0 54 0 54 0 54 0 54 0 54 0 47 0 23 0 0 0 23 0 0 0 41 0 23 0 0 0 24 0 24 0 25 0 24 0 23 0 0 0 25 0 
25 0 24 0 41 0 23 0 0 0 41 0 0 0 0 0 0 0 0 0 0 0 0 0 0 0 0 0 0 0 47 0 56 0 56 0 56 0 56 0 0 0 0 0 56 0 56 0 56 0 37 0 56 0 56 0 56 0 56 0 56 0 0 0 0 0 0 0 57 0 0 0 57 0 0 0 23 0 0 0 41 0 0 0 0 0 0 0 0 0 41 0 0 0 58 0 47 0 53 0 54 0 54 0 54 0 54 0 0 0 59 0 54 0 54 0 54 0 54 0 54 0 54 0 54 0 0 0 25 0 0 0 0 0 0 0 0 0 0 0 0 0 0 0 0 0 0 0 0 0 0 0 0 0 0 0 
0 0 44 0 45 0 45 0 46 0 60 0 0 0 32 0 0 0 32 0 33 0 33 0 43 0 0 0 41 0 0 0 0 0 0 0 0 0 0 0 0 0 0 0 0 0 0 0 0 0 0 0 0 0 0 0 0 0 0 0 0 0 0 0 0 0 0 0 57 0 0 0 57 0 0 0 41 0 61 0 0 0 0 0 0 0 0 0 43 0 0 0 0 0 62 0 0 0 63 0 32 0 33 0 33 0 33 0 32 0 32 0 33 0 32 0 41 0 44 0 45 0 45 0 45 0 46 0 0 0 0 0 0 0 0 0 0 0 0 0 0 0 0 0 0 0 42 0 26 0 27 0 28 0 41 0 
23 0 0 0 23 0 0 0 41 0 0 0 0 0 41 0 23 0 0 0 64 0 0 0 0 0 0 0 64 0 0 0 0 0 0 0 0 0 0 0 0 0 0 0 0 0 0 0 0 0 0 0 0 0 0 0 0 0 0 0 0 0 0 0 0 0 0 0 64 0 0 0 47 0 65 0 25 0 34 0 0 0 0 0 0 0 0 0 0 0 0 0 0 0 58 0 23 0 0 0 41 0 24 0 42 0 23 0 0 0 41 0 44 0 46 0 25 0 0 0 0 0 0 0 0 0 0 0 0 0 0 0 0 0 0 0 0 0 0 0 0 0 0 0 0 0 0 0 0 0 0 0 0 0 25 0 
0 0 0 0 0 0 0 0 0 0 0 0 0 0 0 0 0 0 0 0 0 0 0 0 0 0 0 0 0 0 0 0 0 0 0 0 0 0 0 0 0 0 0 0 0 0 0 0 0 0 0 0 0 0 0 0 0 0 0 0 0 0 0 0 0 0 0 0 66 0 67 0 0 0 68 0 0 0 34 0 0 0 0 0 0 0 0 0 0 0 41 0 0 0 31 0 0 0 0 0 0 0 0 0 0 0 0 0 0 0 25 0 44 0 46 0 0 0 0 0 0 0 0 0 0 0 0 0 0 0 0 0 0 0 0 0 0 0 0 0 0 0 0 0 0 0 0 0 0 0 0 0 0 0 0 0 
0 0 0 0 0 0 0 0 0 0 0 0 0 0 0 0 0 0 0 0 0 0 0 0 0 0 0 0 0 0 0 0 0 0 0 0 0 0 0 0 0 0 0 0 0 0 0 0 0 0 0 0 0 0 0 0 0 0 0 0 0 0 0 0 0 0 0 0 64 0 0 0 66 0 69 0 42 0 35 0 36 0 0 0 0 0 0 0 0 0 37 0 0 0 41 0 0 0 0 0 0 0 0 0 0 0 0 0 0 0 0 0 26 0 28 0 41 0 0 0 0 0 32 0 33 0 33 0 70 0 71 0 71 0 71 0 71 0 71 0 71 0 71 0 71 0 71 0 71 0 71 0 72 0 41 0 
0 0 0 0 0 0 0 0 0 0 0 0 0 0 0 0 0 0 0 0 0 0 0 0 0 0 0 0 0 0 0 0 0 0 0 0 0 0 0 0 0 0 0 0 0 0 0 0 0 0 0 0 0 0 0 0 0 0 0 0 0 0 0 0 0 0 0 0 0 0 40 0 0 0 0 0 25 0 38 0 0 0 0 0 0 0 0 0 0 0 0 0 0 0 0 0 0 0 0 0 0 0 0 0 0 0 0 0 0 0 0 0 0 0 0 0 0 0 0 0 0 0 39 0 0 0 0 0 41 0 0 0 0 0 0 0 0 0 0 0 0 0 0 0 0 0 0 0 0 0 0 0 0 0 24 0 
0 0 0 0 0 0 0 0 0 0 0 0 0 0 0 0 0 0 0 0 0 0 0 0 0 0 0 0 0 0 0 0 0 0 0 0 0 0 0 0 0 0 0 0 0 0 0 0 0 0 0 0 0 0 0 0 0 0 0 0 0 0 0 0 0 0 0 0 0 0 0 0 0 0 0 0 0 0 41 0 41 0 41 0 41 0 41 0 41 0 41 0 41 0 41 0 41 0 41 0 41 0 41 0 41 0 41 0 41 0 70 0 71 0 71 0 72 0 41 0 23 0 0 0 41 0 23 0 0 0 23 0 0 0 24 0 41 0 23 0 0 0 24 0 41 0 23 0 0 0 24 0 23 0 0 0 
decorations 5
2583 741 40 0
2338 699 73 0
1847 628 74 0
1519 673 75 0
1079 601 40 0

layer // layer 3
name noname
offset 0 0
cells_offset 1800 560
scroll_scale_factor_1 1 1
scroll_scale_factor_2 1 1
cell_size 40 40
width 31
height 6
no_cells
sprite_cells
64 0 0 0 0 0 0 0 0 0 0 0 0 0 0 0 0 0 0 0 0 0 0 0 0 0 0 0 0 0 0 0 0 0 0 0 0 0 0 0 0 0 0 0 47 0 47 0 47 0 47 0 47 0 47 0 47 0 47 0 0 0 
0 0 0 0 0 0 0 0 0 0 0 0 0 0 0 0 0 0 0 0 0 0 0 0 0 0 0 0 0 0 0 0 0 0 0 0 0 0 0 0 0 0 0 0 0 0 0 0 0 0 0 0 0 0 0 0 0 0 0 0 0 0 
0 0 0 0 0 0 0 0 0 0 0 0 0 0 0 0 0 0 0 0 0 0 0 0 0 0 0 0 0 0 0 0 0 0 0 0 0 0 0 0 0 0 0 0 0 0 0 0 0 0 0 0 0 0 0 0 0 0 0 0 0 0 
0 0 0 0 0 0 0 0 0 0 0 0 0 0 0 0 0 0 0 0 0 0 0 0 0 0 0 0 0 0 0 0 0 0 0 0 0 0 0 0 0 0 0 0 76 0 76 0 76 0 76 0 76 0 76 0 76 0 76 0 76 0 
0 0 0 0 0 0 0 0 0 0 0 0 0 0 0 0 0 0 0 0 0 0 0 0 0 0 0 0 0 0 0 0 0 0 0 0 0 0 0 0 0 0 0 0 0 0 0 0 0 0 0 0 0 0 0 0 0 0 0 0 0 0 
0 0 0 0 0 0 0 0 0 0 0 0 0 0 0 0 0 0 0 0 0 0 0 0 76 0 76 0 76 0 76 0 0 0 0 0 0 0 0 0 0 0 0 0 0 0 0 0 0 0 0 0 0 0 0 0 0 0 0 0 0 0 
decorations 12
2680 600 77 0
2719 600 77 0
2759 600 77 0
2799 600 77 0
2839 600 77 0
2879 600 77 0
2919 600 77 0
2960 600 77 0
2721 567 78 0
2919 568 78 0
2820 585 79 0
1802 559 79 0

} // layers

entities { 
SpiderMole 1 {
move_distance 240
shot_offset 40 18
position_in_layer 322 539
layer_index 2
}
Crate 4 {
position_in_layer 1720 620
layer_index 2
}
Crate 5 {
position_in_layer 1740 660
layer_index 2
}
Crate 6 {
position_in_layer 1760 700
layer_index 2
}
Crate 7 {
position_in_layer 1780 740
layer_index 2
}
Crate 8 {
position_in_layer 1800 780
layer_index 2
}
Crate 9 {
position_in_layer 1800 700
layer_index 2
}
spikes_W 11 {
position_in_layer 1800 560
layer_index 2
}
buchar_S 12 {
delay_to_fwd 200
delay_to_bwd 400
position_in_layer 2680 560
layer_index 2
}
buchar_S 13 {
delay_to_bwd 100
fwd_sound none
bwd_sound none
position_in_layer 2720 560
layer_index 2
}
buchar_S 14 {
delay_to_fwd 200
delay_to_bwd 200
position_in_layer 2760 560
layer_index 2
}
buchar_S 15 {
delay_to_fwd 400
delay_to_bwd 400
fwd_sound none
bwd_sound none
position_in_layer 2800 560
layer_index 2
}
hero/Skater 17 {
balloon true
position_in_layer 2520 680
layer_index 2
}
Device/Terminal 19 {
show_doc "lotr"
position_in_layer 2640 680
layer_index 2
}
Spec/Region 20 {
size 280 120
position_in_layer 2000 680
layer_index 2
}
happyblue 21 {
speed 240 240
angle 60 60
region 20
position_in_layer 2126 743
layer_index 2
}
buchar_S 22 {
delay_to_fwd 200
delay_to_bwd 400
fwd_sound none
bwd_sound none
position_in_layer 2840 560
layer_index 2
}
buchar_S 23 {
delay_to_bwd 100
position_in_layer 2880 560
layer_index 2
}
buchar_S 24 {
delay_to_fwd 200
delay_to_bwd 200
position_in_layer 2920 560
layer_index 2
}
buchar_S 25 {
delay_to_fwd 400
delay_to_bwd 400
position_in_layer 2960 560
layer_index 2
}
Device/Respawn 26 {
position_in_layer 1520 480
layer_index 2
}
ortho/cyclop_spider 27 {
move_distance 120
delay_to_fwd 500
position_in_layer 1338 375
layer_index 2
}
ortho/cyclop_spider 28 {
speed_fwd 40
move_distance 120
delay_to_fwd 120
delay_to_bwd 200
position_in_layer 1298 376
layer_index 2
}
ortho/cyclop_spider 29 {
move_distance 120
delay_to_fwd 1000
looping_sound none
position_in_layer 1242 376
layer_index 2
}
ortho/cyclop_spider 30 {
speed_fwd 200
speed_bwd 60
move_distance 120
position_in_layer 1202 376
layer_index 2
}
ortho/cyclop_spider 31 {
move_distance 120
delay_to_fwd 1000
position_in_layer 1116 376
layer_index 2
}
ortho/cyclop_spider 32 {
speed_fwd 60
speed_bwd 120
move_distance 120
looping_sound none
position_in_layer 1073 376
layer_index 2
}
ortho/cyclop_spider 33 {
speed_bwd 160
move_distance 120
delay_to_fwd 700
position_in_layer 1016 376
layer_index 2
}
ortho/cyclop_spider 34 {
speed_fwd 200
speed_bwd 60
move_distance 120
looping_sound none
position_in_layer 976 377
layer_index 2
}
ortho/cyclop_spider 35 {
move_distance 120
delay_to_fwd 500
position_in_layer 919 376
layer_index 2
}
Device/Respawn 36 {
position_in_layer 760 480
layer_index 2
}
Spec/LevelExit 37 {
position_in_layer 160 520
layer_index 2
}
Spec/LevelExit 38 {
position_in_layer 3080 680
layer_index 2
}
Spec/LevelBoundary 39 {
position_in_layer 3120 720
layer_index 2
}
Spec/LevelBoundary 40 {
position_in_layer 200 440
layer_index 2
}
SoundTerminal 41 {
position_in_layer 2641 600
layer_index 2
}
} // entities
