sprite_table {
 bgr/okr_04 1
 bgr/okr_05 2
 bgr/okr_03 3
 bgr/okr_06 4
 bgr/plate_06 5
 bgr/plate_01 6
 bgr/plate_10 7
 bgr/hugegrate 8
 bgr/okr_12 9
 bgr/plate_02 10
 bgr/plate_04 11
 bgr/plate_wire_1 12
 bgr/bulkhead 13
 bgr/plate_13 14
 bgr/hugepipe01 15
 bgr/hugepipe02 16
 bgr/plate_11 17
 bgr/hugepipe04 18
 bgr/okr_07 19
 bgr/hugepipe03 20
 bgr/plate_08 21
 bluetech_02 22
 bgr/mix_tech04 23
 bgr/mix_tech01 24
 bgr/mix_arrow04 25
 bgr/mix_tech02 26
 bgr/mix_arrow02 27
 wall_stoneA_05 28
 wall_stoneA_02 29
 shadow_fix_01 30
 metal_fatpipe_02 31
 metal_fatpipe_06 32
 shadow_fix_02 33
 wall_stoneA_03 34
 wall_arc_01 35
 wall_arc_02 36
 wall_arc_03 37
 wall_stoneA_04 38
 comp04b 39
 metal_pipe_03 40
 comp02 41
 metal_pipe_04 42
 zabradli 43
 sign/acid2 44
 wall_metalA_03 45
 wall_metalA_01 46
 wall_metalA_02 47
 pistyV 48
 wall_stoneA_10 49
 comp04a 50
 comp06 51
 comp01 52
 wall_stoneA_00 53
 wall_stoneA_11 54
 wall_stoneA_12 55
 wall_stoneA_13 56
 wall_stoneA_06 57
 wall_stoneA_07 58
 wall_stoneA_08 59
 wall_half_01 60
 metal_pipejoint_04 61
 metal_pipe_08 62
 metal_grate 63
 metal_pipeend 64
 metal_frame 65
 metal_ramp_02 66
 sign/electricity 67
 wire_2H 68
 wire_2W 69
 comp_map 70
 monitorlineA 71
 wire_2E 72
 wire_2S 73
 wire_2V 74
 sign/stripe1 75
 sign/stripe2 76
 metal_ring3 77
 wire_2N 78
} // sprite_table

layers {
clear_screen true
layer // layer 0
name noname
offset 0 0
cells_offset 240 80
scroll_scale_factor_1 1 1
scroll_scale_factor_2 1 1
cell_size 40 40
width 30
height 13
no_cells
sprite_cells
0 0 0 0 1 0 1 0 1 0 0 0 0 0 0 0 0 0 0 0 0 0 0 0 0 0 0 0 0 0 0 0 0 0 0 0 0 0 0 0 0 0 0 0 0 0 0 0 0 0 0 0 0 0 0 0 0 0 0 0 
0 0 0 0 0 0 0 0 0 0 0 0 0 0 0 0 0 0 0 0 0 0 0 0 0 0 0 0 0 0 0 0 0 0 0 0 0 0 0 0 0 0 0 0 0 0 0 0 0 0 0 0 0 0 0 0 0 0 0 0 
0 0 0 0 0 0 2 0 0 0 0 0 0 0 0 0 0 0 0 0 0 0 0 0 0 0 0 0 0 0 0 0 0 0 0 0 0 0 0 0 0 0 0 0 0 0 0 0 0 0 0 0 0 0 0 0 0 0 0 0 
0 0 0 0 0 0 2 0 0 0 0 0 0 0 0 0 0 0 0 0 0 0 0 0 0 0 0 0 0 0 0 0 0 0 0 0 0 0 0 0 0 0 0 0 0 0 0 0 0 0 0 0 0 0 0 0 0 0 0 0 
0 0 0 0 0 0 2 0 0 0 0 0 0 0 0 0 0 0 0 0 0 0 0 0 0 0 1 0 3 0 1 0 1 0 4 0 1 0 1 0 1 0 0 0 0 0 5 0 0 0 5 0 0 0 5 0 0 0 0 0 
0 0 0 0 0 0 2 0 0 0 0 0 0 0 0 0 0 0 0 0 0 0 0 0 0 0 0 0 0 0 0 0 0 0 4 0 0 0 0 0 0 0 2 0 2 0 6 0 7 0 8 0 0 0 6 0 0 0 0 0 
0 0 0 0 0 0 2 0 0 0 0 0 0 0 0 0 0 0 0 0 0 0 0 0 0 0 2 0 2 0 9 0 0 0 4 0 2 0 9 0 0 0 0 0 0 0 6 0 6 0 0 0 0 0 10 0 0 0 0 0 
0 0 0 0 0 0 2 0 0 0 0 0 0 0 0 0 0 0 11 0 12 0 0 0 0 0 0 0 13 0 0 0 6 0 6 0 6 0 6 0 6 0 6 0 0 0 13 0 5 0 0 0 5 0 0 0 0 0 0 0 
2 0 2 0 0 0 2 0 2 0 2 0 2 0 2 0 0 0 0 0 0 0 10 0 10 0 6 0 0 0 6 0 14 0 0 0 15 0 0 0 16 0 14 0 0 0 0 0 17 0 6 0 6 0 6 0 6 0 6 0 
2 0 2 0 4 0 2 0 2 0 2 0 2 0 2 0 0 0 11 0 12 0 14 0 0 0 6 0 13 0 6 0 0 0 0 0 18 0 0 0 0 0 0 0 0 0 13 0 6 0 17 0 6 0 10 0 6 0 6 0 
2 0 19 0 4 0 2 0 2 0 2 0 2 0 2 0 0 0 0 0 0 0 0 0 0 0 6 0 0 0 6 0 10 0 7 0 0 0 20 0 0 0 10 0 21 0 0 0 6 0 6 0 17 0 6 0 6 0 6 0 
2 0 0 0 4 0 2 0 2 0 2 0 2 0 2 0 19 0 11 0 12 0 6 0 14 0 0 0 0 0 0 0 6 0 6 0 6 0 6 0 6 0 6 0 0 0 0 0 22 0 0 0 0 0 0 0 0 0 0 0 
0 0 0 0 0 0 0 0 0 0 2 0 2 0 2 0 0 0 0 0 0 0 21 0 0 0 0 0 0 0 0 0 0 0 0 0 0 0 0 0 0 0 0 0 0 0 0 0 0 0 0 0 0 0 0 0 0 0 0 0 
decorations 8
528 576 23 0
528 448 24 0
528 460 24 0
370 408 25 0
370 446 25 0
1146 290 26 0
1134 290 26 0
1088 290 27 0

layer // layer 1
name noname
offset 15 15
cells_offset 200 40
scroll_scale_factor_1 1 1
scroll_scale_factor_2 1 1
cell_size 40 40
width 31
height 14
shadow
no_cells
sprite_cells
0 0 0 0 28 0 0 0 28 0 0 0 0 0 0 0 0 0 0 0 0 0 0 0 0 0 0 0 0 0 0 0 0 0 0 0 0 0 0 0 0 0 0 0 0 0 0 0 0 0 0 0 0 0 0 0 0 0 0 0 0 0 
0 0 0 0 29 0 0 0 0 0 0 0 0 0 0 0 0 0 0 0 0 0 0 0 0 0 0 0 0 0 0 0 0 0 0 0 0 0 0 0 0 0 0 0 0 0 0 0 0 0 0 0 0 0 0 0 0 0 0 0 0 0 
0 0 0 0 0 0 30 0 0 0 0 0 0 0 0 0 0 0 0 0 0 0 0 0 0 0 0 0 0 0 0 0 0 0 0 0 0 0 0 0 0 0 0 0 0 0 0 0 0 0 0 0 0 0 0 0 0 0 0 0 0 0 
0 0 0 0 0 0 29 0 31 0 0 0 0 0 0 0 0 0 0 0 0 0 0 0 0 0 0 0 0 0 0 0 0 0 0 0 0 0 0 0 0 0 0 0 0 0 0 0 0 0 0 0 0 0 0 0 0 0 0 0 0 0 
0 0 0 0 0 0 0 0 31 0 0 0 0 0 0 0 0 0 0 0 0 0 0 0 0 0 29 0 28 0 0 0 28 0 0 0 28 0 0 0 28 0 0 0 0 0 28 0 0 0 28 0 0 0 28 0 0 0 0 0 0 0 
0 0 0 0 0 0 29 0 32 0 0 0 0 0 0 0 0 0 0 0 0 0 0 0 0 0 0 0 0 0 0 0 0 0 0 0 0 0 0 0 0 0 33 0 28 0 0 0 0 0 0 0 0 0 0 0 0 0 0 0 0 0 
0 0 0 0 0 0 0 0 32 0 0 0 0 0 0 0 0 0 0 0 0 0 0 0 0 0 29 0 0 0 0 0 0 0 0 0 0 0 0 0 0 0 0 0 0 0 30 0 0 0 0 0 0 0 0 0 0 0 0 0 0 0 
0 0 0 0 0 0 29 0 31 0 0 0 0 0 0 0 0 0 0 0 0 0 0 0 0 0 0 0 0 0 0 0 0 0 0 0 0 0 0 0 0 0 0 0 0 0 34 0 30 0 0 0 0 0 0 0 0 0 0 0 0 0 
0 0 0 0 0 0 0 0 31 0 28 0 0 0 28 0 0 0 29 0 28 0 0 0 28 0 0 0 28 0 0 0 34 0 35 0 36 0 36 0 36 0 36 0 37 0 28 0 0 0 0 0 0 0 0 0 33 0 6 0 6 0 
29 0 35 0 37 0 38 0 0 0 0 0 0 0 0 0 0 0 0 0 0 0 0 0 0 0 0 0 0 0 0 0 0 0 0 0 0 0 0 0 0 0 0 0 0 0 0 0 0 0 0 0 0 0 0 0 0 0 0 0 0 0 
0 0 0 0 0 0 39 0 0 0 0 0 0 0 0 0 0 0 29 0 30 0 0 0 0 0 0 0 0 0 0 0 0 0 0 0 0 0 0 0 0 0 0 0 0 0 0 0 0 0 0 0 0 0 0 0 0 0 0 0 0 0 
29 0 29 0 29 0 0 0 0 0 0 0 0 0 0 0 33 0 0 0 40 0 0 0 0 0 0 0 0 0 0 0 30 0 0 0 0 0 0 0 0 0 0 0 0 0 0 0 30 0 0 0 0 0 0 0 0 0 0 0 0 0 
0 0 0 0 0 0 41 0 0 0 30 0 0 0 0 0 0 0 0 0 0 0 0 0 0 0 0 0 42 0 0 0 34 0 0 0 0 0 0 0 0 0 0 0 0 0 0 0 34 0 0 0 0 0 0 0 0 0 0 0 0 0 
0 0 0 0 0 0 0 0 0 0 38 0 0 0 0 0 0 0 0 0 0 0 0 0 0 0 0 0 0 0 0 0 0 0 0 0 0 0 0 0 0 0 0 0 0 0 0 0 0 0 0 0 0 0 0 0 0 0 0 0 0 0 
decorations 4
325 512 43 0
358 512 43 0
398 512 43 0
835 469 44 0

layer // layer 2
name Main
offset 0 0
cells_offset 200 40
scroll_scale_factor_1 1 1
scroll_scale_factor_2 1 1
cell_size 40 40
width 32
height 16
cells
0 0 2 2 2 2 2 0 0 0 0 0 0 0 0 0 0 0 0 0 0 0 0 0 0 0 0 0 0 0 0 0 
0 0 2 0 0 0 2 0 0 0 0 0 0 0 0 0 0 0 0 0 0 0 0 0 0 0 0 0 0 0 0 0 
0 0 2 0 0 0 2 0 0 0 0 0 0 0 0 0 0 0 0 0 0 0 0 0 0 0 0 0 0 0 0 0 
0 0 2 2 0 2 2 0 0 0 0 0 0 0 0 0 0 0 0 0 0 0 0 0 0 0 0 0 0 0 0 0 
0 0 0 2 0 2 0 0 0 0 0 0 0 2 2 2 2 2 2 2 2 2 2 2 2 2 2 2 2 2 0 0 
0 0 0 2 0 2 0 0 0 0 0 0 0 2 0 0 0 0 0 0 0 0 2 2 0 0 0 0 0 2 0 0 
0 0 0 2 0 2 0 0 0 0 0 0 0 2 0 0 0 0 0 0 0 0 0 0 0 0 0 0 0 2 0 0 
0 0 0 2 0 2 0 0 0 0 0 0 0 2 0 0 0 0 0 0 0 0 2 2 0 0 0 0 0 2 0 0 
0 0 0 2 0 2 2 2 2 2 2 2 2 2 2 2 2 2 2 2 2 2 2 2 2 0 0 0 0 2 2 2 
2 2 2 2 0 0 0 0 0 2 0 0 0 0 0 0 0 0 0 0 0 0 0 0 0 0 0 0 0 0 0 2 
2 0 0 2 0 0 0 0 0 2 0 0 0 0 0 0 0 0 0 0 0 0 0 0 0 0 0 0 0 0 0 2 
2 0 0 2 0 0 0 0 0 2 2 0 0 0 0 0 0 0 0 0 0 0 0 0 0 0 0 0 0 0 0 2 
2 0 0 2 0 0 0 0 0 0 0 0 0 0 2 2 2 0 0 0 0 0 0 2 2 2 2 2 2 2 2 2 
2 2 2 2 2 2 0 0 0 0 0 0 0 0 0 2 2 2 2 2 2 2 2 2 2 2 2 2 2 2 0 0 
0 0 0 0 0 2 2 2 2 2 2 2 2 2 2 2 0 0 0 0 0 0 0 0 0 0 0 0 0 0 0 0 
0 0 0 0 0 0 0 0 0 0 0 0 0 0 0 0 0 0 0 0 0 0 0 0 0 0 0 0 0 0 0 0 
sprite_cells
0 0 0 0 34 0 38 0 34 0 34 0 29 0 0 0 0 0 0 0 0 0 0 0 0 0 0 0 0 0 0 0 0 0 0 0 0 0 0 0 0 0 0 0 0 0 0 0 0 0 0 0 0 0 0 0 0 0 0 0 0 0 0 0 
0 0 0 0 38 0 0 0 0 0 0 0 0 0 0 0 0 0 0 0 0 0 0 0 0 0 0 0 0 0 0 0 0 0 0 0 0 0 0 0 0 0 0 0 0 0 0 0 0 0 0 0 0 0 0 0 0 0 0 0 0 0 0 0 
0 0 0 0 29 0 0 0 0 0 0 0 34 0 0 0 0 0 0 0 0 0 0 0 0 0 0 0 0 0 0 0 0 0 0 0 0 0 0 0 0 0 0 0 0 0 0 0 0 0 0 0 0 0 0 0 0 0 0 0 0 0 0 0 
0 0 0 0 0 0 0 0 0 0 0 0 38 0 28 0 0 0 28 0 0 0 38 0 28 0 0 0 0 0 0 0 0 0 0 0 0 0 0 0 0 0 0 0 0 0 0 0 0 0 0 0 0 0 0 0 0 0 0 0 0 0 0 0 
0 0 0 0 0 0 0 0 0 0 0 0 45 0 0 0 45 0 0 0 45 0 0 0 46 0 34 0 34 0 28 0 0 0 28 0 0 0 34 0 38 0 38 0 34 0 28 0 0 0 28 0 0 0 34 0 28 0 0 0 0 0 0 0 
0 0 0 0 0 0 0 0 0 0 0 0 47 0 48 0 46 0 48 0 47 0 48 0 0 0 34 0 0 0 0 0 0 0 0 0 0 0 0 0 0 0 0 0 28 0 0 0 0 0 0 0 0 0 0 0 0 0 34 0 0 0 0 0 
0 0 0 0 0 0 0 0 0 0 0 0 46 0 0 0 0 0 0 0 47 0 0 0 47 0 29 0 0 0 0 0 0 0 0 0 0 0 0 0 0 0 0 0 0 0 0 0 0 0 0 0 0 0 0 0 0 0 38 0 0 0 0 0 
0 0 0 0 0 0 0 0 0 0 0 0 0 0 47 0 47 0 47 0 45 0 0 0 47 0 0 0 0 0 0 0 0 0 0 0 0 0 0 0 0 0 0 0 34 0 34 0 0 0 0 0 0 0 0 0 0 0 38 0 0 0 0 0 
0 0 0 0 0 0 0 0 0 0 0 0 34 0 38 0 34 0 28 0 0 0 28 0 0 0 49 0 34 0 28 0 0 0 35 0 36 0 36 0 36 0 36 0 37 0 28 0 0 0 0 0 0 0 0 0 0 0 34 0 28 0 0 0 
29 0 35 0 37 0 38 0 0 0 0 0 0 0 0 0 0 0 34 0 0 0 0 0 0 0 0 0 0 0 0 0 0 0 0 0 0 0 0 0 0 0 0 0 0 0 0 0 0 0 0 0 0 0 0 0 0 0 0 0 0 0 29 0 
0 0 50 0 0 0 39 0 0 0 0 0 0 0 0 0 0 0 29 0 0 0 0 0 0 0 0 0 0 0 0 0 0 0 0 0 0 0 0 0 0 0 0 0 0 0 0 0 0 0 0 0 0 0 0 0 0 0 0 0 0 0 0 0 
29 0 0 0 0 0 0 0 0 0 0 0 0 0 0 0 0 0 0 0 40 0 0 0 0 0 0 0 0 0 0 0 44 0 0 0 0 0 0 0 0 0 0 0 0 0 0 0 0 0 0 0 0 0 0 0 0 0 0 0 0 0 29 0 
0 0 51 0 52 0 41 0 0 0 0 0 0 0 0 0 0 0 0 0 0 0 0 0 0 0 0 0 42 0 53 0 0 0 0 0 0 0 0 0 0 0 0 0 0 0 28 0 0 0 0 0 34 0 34 0 34 0 34 0 29 0 0 0 
34 0 54 0 55 0 55 0 55 0 56 0 0 0 0 0 0 0 0 0 0 0 0 0 0 0 0 0 0 0 0 0 0 0 34 0 28 0 0 0 28 0 0 0 34 0 57 0 58 0 58 0 58 0 58 0 58 0 59 0 0 0 0 0 
57 0 58 0 59 0 28 0 0 0 34 0 38 0 38 0 28 0 0 0 34 0 38 0 34 0 28 0 0 0 34 0 60 0 0 0 61 0 62 0 62 0 62 0 62 0 61 0 62 0 62 0 62 0 63 0 64 0 0 0 0 0 0 0 
0 0 0 0 0 0 0 0 0 0 0 0 0 0 0 0 0 0 0 0 0 0 0 0 0 0 0 0 0 0 0 0 0 0 0 0 65 0 0 0 0 0 0 0 0 0 0 0 0 0 0 0 0 0 65 0 0 0 0 0 0 0 0 0 
decorations 7
760 520 66 0
520 260 67 0
600 261 67 0
1239 520 68 0
1279 520 69 0
253 450 70 0
253 459 71 0

layer // layer 3
name noname
offset 0 0
cells_offset 240 40
scroll_scale_factor_1 1 1
scroll_scale_factor_2 1 1
cell_size 40 40
width 24
height 13
no_cells
sprite_cells
0 0 0 0 0 0 72 0 68 0 73 0 0 0 0 0 0 0 0 0 0 0 0 0 0 0 0 0 0 0 0 0 0 0 0 0 0 0 0 0 0 0 0 0 0 0 0 0 
0 0 0 0 0 0 0 0 0 0 74 0 0 0 0 0 0 0 0 0 0 0 0 0 0 0 0 0 0 0 0 0 0 0 0 0 0 0 0 0 0 0 0 0 0 0 0 0 
0 0 0 0 0 0 0 0 0 0 74 0 0 0 0 0 0 0 0 0 0 0 0 0 0 0 0 0 0 0 0 0 0 0 0 0 0 0 0 0 0 0 0 0 0 0 0 0 
0 0 0 0 38 0 31 0 38 0 69 0 0 0 0 0 0 0 0 0 0 0 0 0 0 0 0 0 0 0 0 0 0 0 0 0 0 0 0 0 0 0 0 0 0 0 0 0 
0 0 0 0 29 0 31 0 38 0 0 0 0 0 0 0 0 0 0 0 0 0 0 0 0 0 0 0 0 0 0 0 0 0 0 0 0 0 0 0 0 0 0 0 0 0 0 0 
0 0 0 0 0 0 32 0 29 0 0 0 0 0 0 0 0 0 0 0 0 0 0 0 0 0 0 0 0 0 0 0 0 0 0 0 0 0 0 0 0 0 75 0 76 0 0 0 
0 0 0 0 38 0 32 0 0 0 0 0 0 0 0 0 0 0 0 0 0 0 0 0 0 0 0 0 0 0 0 0 0 0 0 0 0 0 0 0 0 0 0 0 0 0 0 0 
0 0 0 0 29 0 31 0 38 0 0 0 0 0 0 0 0 0 0 0 0 0 0 0 0 0 0 0 0 0 0 0 0 0 0 0 0 0 0 0 0 0 75 0 76 0 0 0 
0 0 0 0 0 0 31 0 38 0 68 0 68 0 68 0 73 0 0 0 0 0 0 0 0 0 0 0 0 0 0 0 0 0 0 0 0 0 0 0 0 0 0 0 0 0 76 0 
0 0 0 0 0 0 0 0 0 0 0 0 0 0 0 0 74 0 0 0 0 0 0 0 0 0 0 0 0 0 0 0 0 0 0 0 0 0 0 0 0 0 0 0 0 0 0 0 
0 0 0 0 0 0 0 0 0 0 0 0 0 0 0 0 74 0 0 0 0 0 0 0 0 0 0 0 0 0 0 0 0 0 0 0 0 0 0 0 0 0 0 0 0 0 0 0 
0 0 0 0 0 0 0 0 0 0 0 0 0 0 0 0 74 0 66 0 0 0 0 0 0 0 0 0 0 0 0 0 0 0 0 0 0 0 0 0 0 0 0 0 0 0 0 0 
43 0 43 0 43 0 43 0 43 0 0 0 0 0 0 0 0 0 0 0 0 0 0 0 0 0 0 0 0 0 0 0 0 0 0 0 0 0 0 0 0 0 0 0 0 0 0 0 
decorations 8
360 160 77 0
360 393 77 0
400 360 78 0
400 160 72 0
400 320 74 0
400 280 74 0
400 240 74 0
400 200 74 0

} // layers

entities { 
DoorV 4 {
position_in_layer 560 520
layer_index 2
}
Crate/solid 6 {
position_in_layer 780 500
layer_index 2
}
Device/FloorButton 7 {
operate 10
position_in_layer 1200 520
layer_index 2
}
Break/Bridge 9 {
operate 17
position_in_layer 1240 440
layer_index 2
}
Break/Bridge 10 {
operate 9
position_in_layer 1280 480
layer_index 2
}
Crate/solid 12 {
position_in_layer 940 340
layer_index 2
}
Spec/LevelExit 13 {
position_in_layer 800 320
layer_index 2
}
AcidPool 14 {
size 6 1
position_in_layer 880 520
layer_index 2
}
Device/Terminal 15 {
show_doc "stick"
position_in_layer 640 560
layer_index 2
}
hero/Skater 16 {
balloon true
position_in_layer 360 520
layer_index 2
}
Break/Bridge 17 {
position_in_layer 1200 400
layer_index 2
}
teeth40_N 18 {
position_in_layer 1040 340
layer_index 2
}
Spec/Actions/Camera 19 {
a1_target 4
a2_target 4
position_in_layer 522 58
layer_index 2
}
Device/button_S 20 {
operate 19
position_in_layer 360 80
layer_index 2
}
Device/Respawn 21 {
position_in_layer 480 560
layer_index 2
}
Spec/LevelBoundary 22 {
position_in_layer 1280 520
layer_index 2
}
Spec/LevelBoundary 23 {
position_in_layer 400 200
layer_index 2
}
Crate/solid 24 {
position_in_layer 620 460
layer_index 2
}
Crate/solid 25 {
position_in_layer 1140 500
layer_index 2
}
SoundComputer 28 {
position_in_layer 257 463
layer_index 2
}
SoundTerminal 29 {
position_in_layer 641 481
layer_index 2
}
SoundMachine 30 {
size 200 40
position_in_layer 494 262
layer_index 2
}
Device/Respawn 32 {
position_in_layer 1380 480
layer_index 2
}
} // entities
