sprite_table {
 blueplate_01 1
 blueplate_00 2
 blueplate_02 3
 blueplate_03 4
 blueplate_14 5
 blueplate_09 6
 blueplate_16 7
 blueplate_08 8
 blueplate_15 9
 blueplate_06 10
 blueplate_12 11
 bgr/wall_brick 12
 bgr/pipe2 13
 bgr/plate3 14
 bgr/wall_brick2 15
 bgr/pipe1 16
 bgr/pipe4 17
 bgr/pipe6 18
 bgr/futro_H 19
 bgr/pipe3 20
 bgr/pipe5 21
 bgr/column1 22
 bgr/win1 23
 bgr/column2 24
 bgr/column3 25
 bgr/rig 26
 bgr/grate 27
 bgr/hole1 28
 bgr/rock_01 29
 bgr/rock_03 30
 bgr/rock_02 31
 bgr/plate2 32
 bgr/plate1 33
 bgr/rock_07 34
 bgr/eyes 35
 imp_up 36
 wall_metalA_01 37
 wall_metalA_02 38
 wall_arc_01 39
 wall_arc_chain_01 40
 wall_arc_03 41
 wall_arc_chain_02 42
 wall_metalA_03 43
 metal_lustr 44
 shadow_fix_01 45
 shadow_fix_02 46
 metal_fatpipe_10 47
 crane_platform 48
 crane09 49
 wall_arc_02 50
 metal_frame 51
 wall_stoneA_02 52
 wall_stoneA_03 53
 wall_stoneA_04 54
 wall_metalA_00 55
 wall_green_25a 56
 wall_green_25b 57
 wall_stoneA_05 58
 metal_pipe_01 59
 metal_pipe_06 60
 metal_pipe_02 61
 metal_fatpipe_07 62
 metal_fatpipe_01 63
 wall_stoneA_01 64
 metal_pipejoint_01 65
 pipeend_4 66
 metal_pipe_07 67
 metal_grate 68
 metal_pipeend 69
 metal_fatpipe_05 70
 pistyH 71
 wall_green_24a 72
 cogwheelB 73
 metal_pipe_08 74
 metal_pipe_03 75
 metal_pipe_10 76
 bigcogwheel 77
 wall_green_24b 78
 metal_pipe_09 79
 wall_tech_44 80
 cogwheelA 81
 wall_stoneA_00 82
 wall_tech_34 83
 wall_tech_36 84
 wall_tech_32 85
 wall_stoneA_10 86
 wall_stoneA_11 87
 wall_stoneA_12 88
 wall_stoneA_13 89
 wall_stoneA_06 90
 wall_stoneA_07 91
 wall_stoneA_08 92
 tech_light 93
 pistyV 94
 wall_stoneA_09 95
 wall_tech_41 96
 wall_tech_43 97
 mandi 98
 sign/exit 99
 sign/acid1 100
 sign/gaugeA 101
 sign/electricity 102
 sign/arrow2 103
 sign/gaugeB 104
 sign/nuke 105
 wire_1W 106
 wire_2H 107
 wire_3S 108
 wire_2S 109
 wire_3W 110
 wire_2V 111
 wire_3E 112
 wire_2W 113
 wire_2E 114
 wire_1S 115
 zabradli 116
 wire_2N 117
 metal_pipejoint_03 118
 halfplate_02 119
 halfplate_06 120
 halfplate_04 121
 halfplate_04b 122
 halfplate_13 123
 sign/stripe4 124
} // sprite_table

layers {
clear_screen true
layer // layer 0
name noname
offset 0 0
cells_offset -200 120
scroll_scale_factor_1 1 1
scroll_scale_factor_2 1 1
cell_size 40 40
width 46
height 19
no_cells
sprite_cells
0 0 0 0 0 0 0 0 0 0 0 0 0 0 0 0 0 0 0 0 0 0 0 0 0 0 0 0 0 0 0 0 0 0 0 0 0 0 0 0 0 0 0 0 0 0 0 0 0 0 0 0 0 0 0 0 0 0 0 0 0 0 0 0 0 0 0 0 0 0 0 0 0 0 0 0 0 0 0 0 1 0 2 0 1 0 2 0 3 0 0 0 
0 0 0 0 0 0 0 0 0 0 0 0 0 0 0 0 0 0 0 0 0 0 0 0 0 0 0 0 0 0 0 0 0 0 0 0 0 0 0 0 0 0 0 0 0 0 0 0 0 0 0 0 0 0 0 0 0 0 0 0 0 0 0 0 0 0 0 0 0 0 0 0 0 0 0 0 0 0 0 0 0 0 1 0 0 0 1 0 0 0 0 0 
0 0 0 0 0 0 0 0 0 0 0 0 0 0 0 0 0 0 0 0 0 0 0 0 0 0 0 0 0 0 0 0 0 0 0 0 0 0 0 0 0 0 0 0 0 0 0 0 0 0 0 0 0 0 0 0 0 0 0 0 0 0 0 0 0 0 0 0 0 0 0 0 0 0 0 0 0 0 0 0 1 0 0 0 1 0 0 0 3 0 0 0 
0 0 1 0 1 0 1 0 0 0 2 0 2 0 0 0 1 0 1 0 3 0 1 0 1 0 0 0 0 0 0 0 0 0 0 0 0 0 0 0 0 0 0 0 0 0 0 0 0 0 0 0 0 0 0 0 0 0 0 0 0 0 0 0 0 0 0 0 0 0 0 0 0 0 0 0 0 0 0 0 0 0 1 0 0 0 1 0 0 0 0 0 
0 0 0 0 0 0 0 0 0 0 0 0 0 0 0 0 0 0 0 0 0 0 0 0 0 0 0 0 0 0 0 0 0 0 0 0 0 0 0 0 0 0 0 0 0 0 0 0 0 0 0 0 0 0 0 0 0 0 0 0 0 0 0 0 0 0 0 0 0 0 0 0 0 0 0 0 0 0 0 0 1 0 0 0 1 0 0 0 3 0 0 0 
0 0 0 0 0 0 0 0 0 0 0 0 2 0 0 0 2 0 2 0 0 0 2 0 2 0 0 0 0 0 0 0 0 0 0 0 0 0 0 0 0 0 0 0 0 0 1 0 1 0 1 0 1 0 1 0 1 0 1 0 0 0 0 0 0 0 0 0 0 0 0 0 0 0 0 0 0 0 0 0 0 0 4 0 0 0 4 0 0 0 0 0 
1 0 1 0 1 0 0 0 1 0 0 0 1 0 0 0 1 0 1 0 0 0 1 0 1 0 1 0 0 0 0 0 0 0 0 0 0 0 0 0 0 0 0 0 0 0 0 0 0 0 0 0 0 0 0 0 0 0 0 0 0 0 0 0 5 0 5 0 5 0 5 0 5 0 5 0 5 0 5 0 1 0 0 0 1 0 0 0 3 0 0 0 
0 0 0 0 0 0 0 0 0 0 0 0 0 0 0 0 0 0 0 0 0 0 0 0 0 0 0 0 0 0 0 0 0 0 0 0 0 0 0 0 2 0 2 0 2 0 2 0 2 0 2 0 2 0 2 0 2 0 2 0 6 0 6 0 0 0 0 0 0 0 0 0 0 0 0 0 0 0 0 0 0 0 1 0 0 0 1 0 0 0 0 0 
7 0 7 0 7 0 7 0 7 0 1 0 2 0 0 0 2 0 2 0 0 0 1 0 1 0 1 0 1 0 8 0 0 0 9 0 8 0 0 0 1 0 1 0 1 0 1 0 1 0 0 0 10 0 10 0 10 0 0 0 0 0 0 0 0 0 0 0 0 0 0 0 0 0 0 0 0 0 0 0 1 0 1 0 1 0 1 0 3 0 0 0 
0 0 0 0 0 0 0 0 0 0 0 0 2 0 2 0 2 0 2 0 0 0 0 0 0 0 0 0 0 0 8 0 0 0 0 0 8 0 0 0 0 0 0 0 0 0 0 0 0 0 0 0 10 0 10 0 10 0 2 0 2 0 2 0 11 0 11 0 11 0 11 0 11 0 11 0 11 0 11 0 0 0 0 0 0 0 0 0 0 0 2 0 
0 0 0 0 0 0 0 0 1 0 0 0 2 0 1 0 1 0 2 0 0 0 12 0 0 0 12 0 0 0 0 0 0 0 0 0 12 0 12 0 0 0 12 0 0 0 0 0 2 0 0 0 10 0 10 0 0 0 0 0 0 0 0 0 0 0 0 0 0 0 0 0 0 0 0 0 0 0 0 0 0 0 0 0 0 0 0 0 0 0 0 0 
0 0 0 0 0 0 0 0 0 0 0 0 2 0 0 0 0 0 2 0 0 0 0 0 0 0 0 0 0 0 12 0 0 0 13 0 0 0 0 0 0 0 0 0 0 0 0 0 14 0 0 0 10 0 10 0 0 0 0 0 0 0 0 0 0 0 0 0 0 0 0 0 0 0 0 0 0 0 0 0 0 0 0 0 0 0 0 0 0 0 0 0 
0 0 15 0 13 0 12 0 0 0 0 0 0 0 0 0 0 0 0 0 16 0 16 0 16 0 16 0 17 0 0 0 0 0 18 0 16 0 16 0 16 0 16 0 16 0 0 0 0 0 0 0 19 0 0 0 0 0 0 0 0 0 0 0 0 0 0 0 0 0 0 0 0 0 0 0 0 0 0 0 0 0 0 0 0 0 0 0 0 0 0 0 
20 0 16 0 21 0 0 0 22 0 12 0 0 0 22 0 12 0 0 0 23 0 12 0 0 0 15 0 13 0 12 0 0 0 12 0 0 0 12 0 0 0 12 0 0 0 12 0 22 0 12 0 0 0 0 0 12 0 0 0 0 0 0 0 0 0 0 0 0 0 0 0 0 0 0 0 0 0 0 0 0 0 0 0 0 0 0 0 0 0 0 0 
13 0 12 0 0 0 12 0 24 0 0 0 14 0 24 0 0 0 0 0 0 0 0 0 20 0 16 0 21 0 0 0 0 0 0 0 0 0 0 0 0 0 0 0 0 0 0 0 24 0 0 0 0 0 22 0 0 0 0 0 0 0 0 0 0 0 0 0 0 0 0 0 0 0 0 0 0 0 0 0 0 0 0 0 0 0 0 0 0 0 0 0 
13 0 0 0 0 0 0 0 25 0 26 0 0 0 25 0 27 0 12 0 0 0 15 0 13 0 28 0 28 0 28 0 28 0 28 0 28 0 28 0 28 0 12 0 0 0 27 0 25 0 12 0 27 0 25 0 12 0 0 0 0 0 0 0 0 0 0 0 0 0 0 0 0 0 0 0 0 0 0 0 0 0 0 0 0 0 0 0 0 0 0 0 
0 0 0 0 0 0 0 0 0 0 0 0 0 0 0 0 0 0 0 0 14 0 14 0 13 0 14 0 14 0 14 0 14 0 14 0 14 0 14 0 14 0 0 0 0 0 0 0 0 0 0 0 0 0 0 0 0 0 0 0 0 0 0 0 0 0 0 0 0 0 0 0 0 0 0 0 0 0 0 0 0 0 0 0 0 0 0 0 0 0 0 0 
29 0 0 0 30 0 29 0 0 0 31 0 0 0 29 0 0 0 0 0 14 0 14 0 13 0 32 0 14 0 14 0 14 0 33 0 14 0 14 0 14 0 0 0 34 0 0 0 34 0 0 0 34 0 0 0 34 0 0 0 0 0 0 0 0 0 0 0 0 0 0 0 0 0 0 0 0 0 0 0 0 0 0 0 0 0 0 0 0 0 0 0 
0 0 0 0 0 0 0 0 0 0 0 0 0 0 0 0 0 0 0 0 33 0 14 0 13 0 14 0 14 0 14 0 14 0 14 0 14 0 14 0 33 0 0 0 29 0 0 0 29 0 0 0 29 0 0 0 29 0 0 0 0 0 0 0 0 0 0 0 0 0 0 0 0 0 0 0 0 0 0 0 0 0 0 0 0 0 0 0 0 0 0 0 
decorations 2
32 821 35 0
210 685 36 0

layer // layer 1
name noname
offset 15 15
cells_offset -240 120
scroll_scale_factor_1 1 1
scroll_scale_factor_2 1 1
cell_size 40 40
width 46
height 18
shadow
no_cells
sprite_cells
0 0 0 0 0 0 0 0 0 0 0 0 0 0 0 0 0 0 0 0 0 0 0 0 0 0 0 0 0 0 0 0 0 0 0 0 0 0 0 0 0 0 0 0 0 0 0 0 0 0 0 0 0 0 0 0 0 0 0 0 0 0 0 0 0 0 0 0 0 0 0 0 0 0 0 0 0 0 0 0 37 0 38 0 39 0 40 0 41 0 38 0 
0 0 0 0 0 0 0 0 0 0 0 0 0 0 0 0 0 0 0 0 0 0 0 0 0 0 0 0 0 0 0 0 0 0 0 0 0 0 0 0 0 0 0 0 0 0 0 0 0 0 0 0 0 0 0 0 0 0 0 0 0 0 0 0 0 0 0 0 0 0 0 0 0 0 0 0 0 0 0 0 0 0 0 0 0 0 42 0 0 0 0 0 
0 0 43 0 0 0 43 0 0 0 43 0 0 0 38 0 43 0 0 0 43 0 0 0 43 0 0 0 0 0 0 0 0 0 0 0 0 0 0 0 0 0 0 0 0 0 0 0 0 0 0 0 0 0 0 0 0 0 0 0 0 0 0 0 0 0 0 0 0 0 0 0 0 0 0 0 0 0 0 0 37 0 0 0 0 0 42 0 0 0 0 0 
0 0 37 0 0 0 0 0 0 0 0 0 0 0 0 0 37 0 0 0 0 0 0 0 0 0 0 0 0 0 0 0 0 0 0 0 0 0 0 0 0 0 0 0 0 0 0 0 0 0 0 0 0 0 0 0 0 0 0 0 0 0 0 0 0 0 0 0 0 0 0 0 0 0 0 0 0 0 0 0 0 0 0 0 44 0 0 0 0 0 0 0 
0 0 0 0 0 0 0 0 0 0 0 0 37 0 38 0 0 0 0 0 0 0 45 0 0 0 0 0 0 0 0 0 0 0 0 0 0 0 0 0 0 0 0 0 0 0 37 0 43 0 0 0 43 0 0 0 43 0 0 0 43 0 0 0 0 0 0 0 0 0 0 0 0 0 0 0 0 0 0 0 37 0 0 0 0 0 0 0 0 0 0 0 
43 0 0 0 43 0 0 0 0 0 0 0 0 0 0 0 37 0 0 0 0 0 37 0 0 0 0 0 0 0 0 0 0 0 0 0 0 0 0 0 0 0 0 0 0 0 0 0 0 0 0 0 0 0 0 0 0 0 0 0 0 0 0 0 0 0 0 0 0 0 0 0 0 0 0 0 0 0 0 0 0 0 0 0 0 0 0 0 0 0 0 0 
37 0 0 0 0 0 0 0 43 0 0 0 37 0 0 0 0 0 0 0 0 0 0 0 0 0 0 0 0 0 0 0 0 0 0 0 0 0 0 0 43 0 0 0 43 0 0 0 0 0 0 0 0 0 0 0 0 0 0 0 46 0 43 0 0 0 43 0 0 0 43 0 0 0 43 0 0 0 43 0 0 0 0 0 0 0 0 0 0 0 0 0 
0 0 0 0 0 0 46 0 43 0 0 0 0 0 0 0 37 0 0 0 0 0 37 0 0 0 0 0 47 0 43 0 0 0 43 0 0 0 43 0 0 0 0 0 0 0 0 0 0 0 0 0 0 0 0 0 0 0 0 0 0 0 0 0 0 0 0 0 0 0 0 0 0 0 0 0 0 0 0 0 0 0 0 0 0 0 0 0 45 0 0 0 
37 0 0 0 0 0 0 0 0 0 0 0 0 0 46 0 0 0 0 0 0 0 0 0 0 0 0 0 0 0 0 0 0 0 0 0 0 0 0 0 0 0 0 0 0 0 0 0 0 0 0 0 38 0 48 0 48 0 48 0 43 0 0 0 43 0 0 0 43 0 0 0 43 0 0 0 43 0 0 0 38 0 48 0 48 0 48 0 49 0 0 0 
0 0 0 0 0 0 0 0 45 0 0 0 45 0 0 0 0 0 0 0 0 0 38 0 0 0 0 0 0 0 0 0 0 0 0 0 0 0 0 0 0 0 0 0 0 0 0 0 45 0 0 0 37 0 0 0 0 0 0 0 0 0 0 0 0 0 0 0 0 0 0 0 0 0 0 0 0 0 0 0 0 0 0 0 0 0 0 0 0 0 0 0 
0 0 0 0 0 0 0 0 43 0 0 0 37 0 0 0 0 0 0 0 0 0 43 0 0 0 43 0 0 0 43 0 0 0 43 0 0 0 43 0 0 0 43 0 0 0 38 0 37 0 0 0 0 0 0 0 0 0 0 0 0 0 0 0 0 0 0 0 0 0 0 0 0 0 0 0 0 0 0 0 0 0 0 0 0 0 0 0 0 0 0 0 
0 0 0 0 0 0 0 0 0 0 0 0 0 0 0 0 0 0 0 0 0 0 37 0 0 0 0 0 0 0 0 0 0 0 0 0 0 0 0 0 0 0 0 0 0 0 0 0 0 0 0 0 37 0 0 0 0 0 0 0 0 0 0 0 0 0 0 0 0 0 0 0 0 0 0 0 0 0 0 0 0 0 0 0 0 0 0 0 0 0 0 0 
43 0 0 0 39 0 50 0 41 0 43 0 0 0 43 0 0 0 43 0 0 0 0 0 0 0 0 0 0 0 0 0 0 0 0 0 0 0 0 0 0 0 0 0 0 0 46 0 43 0 0 0 0 0 0 0 37 0 43 0 0 0 0 0 0 0 0 0 0 0 0 0 0 0 0 0 0 0 0 0 0 0 0 0 0 0 0 0 0 0 0 0 
37 0 0 0 0 0 0 0 0 0 0 0 0 0 0 0 0 0 0 0 0 0 0 0 0 0 0 0 0 0 0 0 0 0 0 0 0 0 0 0 0 0 0 0 0 0 0 0 0 0 0 0 0 0 46 0 0 0 0 0 0 0 0 0 0 0 0 0 0 0 0 0 0 0 0 0 0 0 0 0 0 0 0 0 0 0 0 0 0 0 0 0 
0 0 0 0 0 0 0 0 0 0 0 0 0 0 0 0 0 0 0 0 0 0 0 0 0 0 0 0 0 0 0 0 0 0 0 0 0 0 0 0 0 0 0 0 0 0 0 0 0 0 0 0 0 0 0 0 0 0 0 0 0 0 0 0 0 0 0 0 0 0 0 0 0 0 0 0 0 0 0 0 0 0 0 0 0 0 0 0 0 0 0 0 
37 0 0 0 0 0 0 0 0 0 0 0 0 0 0 0 0 0 0 0 45 0 0 0 0 0 0 0 0 0 0 0 0 0 0 0 0 0 0 0 0 0 0 0 0 0 0 0 0 0 0 0 0 0 0 0 0 0 0 0 0 0 0 0 0 0 0 0 0 0 0 0 0 0 0 0 0 0 0 0 0 0 0 0 0 0 0 0 0 0 0 0 
0 0 43 0 0 0 43 0 0 0 43 0 0 0 43 0 0 0 43 0 0 0 0 0 0 0 0 0 0 0 0 0 0 0 0 0 0 0 0 0 0 0 0 0 43 0 0 0 43 0 0 0 43 0 0 0 43 0 0 0 43 0 0 0 0 0 0 0 0 0 0 0 0 0 0 0 0 0 0 0 0 0 0 0 0 0 0 0 0 0 0 0 
37 0 0 0 0 0 0 0 0 0 0 0 0 0 0 0 51 0 0 0 37 0 0 0 0 0 0 0 0 0 0 0 0 0 0 0 0 0 0 0 0 0 0 0 37 0 0 0 0 0 0 0 0 0 0 0 0 0 0 0 0 0 0 0 0 0 0 0 0 0 0 0 0 0 0 0 0 0 0 0 0 0 0 0 0 0 0 0 0 0 0 0 
decorations 2
1388 241 46 0
920 441 46 0

layer // layer 2
name Main
offset 0 0
cells_offset -240 120
scroll_scale_factor_1 1 1
scroll_scale_factor_2 1 1
cell_size 40 40
width 48
height 20
cells
0 0 0 0 0 0 0 0 0 0 0 0 0 0 0 0 0 0 0 0 0 0 0 0 0 0 0 0 0 0 0 0 0 0 0 0 0 0 0 0 2 2 2 2 2 2 2 0 
0 0 0 0 0 0 0 0 0 0 0 0 0 0 0 0 0 0 0 0 0 0 0 0 0 0 0 0 0 0 0 0 0 0 0 0 0 0 0 0 2 0 0 0 0 0 2 0 
0 0 0 0 0 0 0 0 2 2 2 2 2 2 2 0 0 0 0 0 0 0 0 0 0 0 0 0 0 0 0 0 0 0 0 0 0 0 0 0 2 0 0 0 0 0 2 0 
0 0 0 0 0 0 0 0 2 0 0 0 0 0 2 0 0 0 0 0 0 0 0 0 0 0 0 0 0 0 0 0 0 0 0 0 0 0 0 0 2 0 2 2 2 0 2 0 
0 0 0 0 0 0 2 2 2 0 0 0 0 0 2 0 0 0 0 0 0 0 0 2 2 2 2 2 2 2 2 2 0 0 0 0 0 0 0 0 2 0 0 0 0 0 2 0 
2 2 2 2 2 0 2 0 2 0 0 2 0 0 2 0 0 0 0 0 0 0 0 2 0 0 0 0 0 0 0 2 0 0 0 0 0 0 0 0 2 0 0 0 0 0 2 0 
2 0 0 0 2 2 2 0 2 0 0 2 0 0 2 0 0 0 0 0 2 2 2 2 0 0 0 0 0 0 0 2 2 2 2 2 2 2 2 2 2 0 0 0 0 0 2 0 
2 0 0 0 2 0 2 0 2 0 0 2 0 0 2 2 2 2 2 2 2 0 0 0 0 0 0 0 0 0 0 0 0 0 0 0 0 0 0 0 0 0 0 0 0 0 2 0 
2 0 0 0 0 0 0 0 2 0 0 2 0 0 0 0 0 0 0 0 0 0 0 0 0 0 2 2 2 2 2 2 2 2 2 2 2 2 2 2 2 2 2 2 2 0 2 2 
2 0 0 0 0 0 0 0 0 0 0 2 0 0 0 0 0 0 0 0 0 0 0 0 0 0 2 0 0 0 0 0 0 0 0 0 0 0 0 0 0 0 0 0 0 0 0 2 
2 2 2 2 2 0 2 0 0 0 0 2 2 2 2 2 2 2 2 2 2 2 2 2 2 0 2 0 0 2 2 2 2 2 2 2 2 2 2 2 2 2 2 2 2 2 2 2 
2 2 2 2 2 2 2 0 0 0 0 2 0 0 0 0 0 0 0 0 0 0 0 0 2 0 2 0 0 2 2 2 0 0 0 0 0 0 0 0 0 0 0 0 0 0 0 0 
2 2 2 2 2 2 2 2 2 2 2 2 0 0 0 0 0 0 0 0 0 0 0 0 2 2 2 0 2 2 2 2 0 0 0 0 0 0 0 0 0 0 0 0 0 0 0 0 
2 0 0 0 0 0 0 0 0 0 0 0 0 0 0 0 0 0 0 0 0 0 0 0 0 0 0 0 2 0 0 2 0 0 0 0 0 0 0 0 0 0 0 0 0 0 0 0 
2 0 0 0 0 0 0 0 0 0 0 0 0 0 0 0 0 0 0 0 0 0 0 0 0 0 0 0 0 0 0 2 0 0 0 0 0 0 0 0 0 0 0 0 0 0 0 0 
2 0 0 0 0 0 0 0 0 0 0 0 0 0 0 0 0 0 0 0 0 0 0 0 0 0 0 0 0 0 0 2 0 0 0 0 0 0 0 0 0 0 0 0 0 0 0 0 
2 2 2 2 2 2 2 2 2 2 2 0 0 0 0 0 0 0 0 0 0 0 2 2 2 2 2 2 2 2 2 2 0 0 0 0 0 0 0 0 0 0 0 0 0 0 0 0 
0 0 0 0 0 0 0 0 0 0 2 0 0 0 0 0 0 0 0 0 0 0 2 0 0 0 0 0 0 0 0 0 0 0 0 0 0 0 0 0 0 0 0 0 0 0 0 0 
0 0 0 0 0 0 0 0 0 0 2 0 0 0 0 0 0 0 0 0 0 0 2 0 0 0 0 0 0 0 0 0 0 0 0 0 0 0 0 0 0 0 0 0 0 0 0 0 
0 0 0 0 0 0 0 0 0 0 2 2 2 2 2 2 2 2 2 2 2 2 2 0 0 0 0 0 0 0 0 0 0 0 0 0 0 0 0 0 0 0 0 0 0 0 0 0 
sprite_cells
0 0 0 0 0 0 0 0 0 0 0 0 0 0 0 0 0 0 0 0 0 0 0 0 0 0 0 0 0 0 0 0 0 0 0 0 0 0 0 0 0 0 0 0 0 0 0 0 0 0 0 0 0 0 0 0 0 0 0 0 0 0 0 0 0 0 0 0 0 0 0 0 0 0 0 0 0 0 0 0 52 0 53 0 39 0 40 0 41 0 53 0 52 0 54 0 
0 0 0 0 0 0 0 0 0 0 0 0 0 0 0 0 0 0 0 0 0 0 0 0 0 0 0 0 0 0 0 0 0 0 0 0 0 0 0 0 0 0 0 0 0 0 0 0 0 0 0 0 0 0 0 0 0 0 0 0 0 0 0 0 0 0 0 0 0 0 0 0 0 0 0 0 0 0 0 0 0 0 0 0 0 0 42 0 0 0 0 0 0 0 54 0 
55 0 0 0 56 0 57 0 55 0 0 0 56 0 57 0 53 0 53 0 58 0 0 0 53 0 53 0 53 0 0 0 59 0 60 0 60 0 60 0 61 0 0 0 62 0 63 0 63 0 63 0 63 0 63 0 55 0 0 0 55 0 0 0 55 0 0 0 37 0 43 0 0 0 37 0 55 0 0 0 52 0 0 0 0 0 42 0 0 0 0 0 64 0 0 0 
0 0 0 0 0 0 0 0 0 0 0 0 0 0 0 0 52 0 0 0 0 0 0 0 0 0 0 0 53 0 43 0 0 0 37 0 65 0 66 0 67 0 0 0 68 0 0 0 69 0 70 0 68 0 0 0 0 0 0 0 0 0 0 0 0 0 0 0 0 0 71 0 0 0 0 0 0 0 0 0 0 0 0 0 44 0 0 0 0 0 0 0 0 0 0 0 
43 0 0 0 0 0 0 0 51 0 72 0 53 0 53 0 0 0 0 0 0 0 0 0 0 0 0 0 53 0 37 0 73 0 0 0 74 0 74 0 75 0 0 0 76 0 53 0 58 0 0 0 53 0 53 0 58 0 0 0 53 0 52 0 77 0 0 0 37 0 43 0 0 0 37 0 77 0 0 0 52 0 0 0 0 0 0 0 0 0 0 0 52 0 54 0 
53 0 58 0 0 0 58 0 0 0 78 0 53 0 0 0 38 0 0 0 0 0 38 0 0 0 0 0 53 0 0 0 38 0 37 0 65 0 79 0 79 0 79 0 68 0 53 0 0 0 0 0 0 0 0 0 0 0 0 0 0 0 0 0 0 0 0 0 0 0 71 0 0 0 0 0 0 0 0 0 0 0 0 0 0 0 0 0 0 0 0 0 0 0 52 0 
38 0 0 0 0 0 0 0 38 0 80 0 53 0 0 0 38 0 0 0 0 0 38 0 0 0 0 0 53 0 38 0 81 0 0 0 60 0 61 0 53 0 53 0 58 0 0 0 0 0 0 0 0 0 0 0 0 0 0 0 0 0 58 0 0 0 53 0 53 0 53 0 53 0 53 0 53 0 53 0 53 0 0 0 0 0 0 0 0 0 0 0 53 0 0 0 
38 0 0 0 0 0 0 0 38 0 0 0 53 0 0 0 38 0 0 0 0 0 38 0 0 0 0 0 47 0 38 0 38 0 38 0 38 0 38 0 38 0 0 0 0 0 0 0 0 0 0 0 0 0 0 0 0 0 0 0 0 0 0 0 0 0 0 0 0 0 0 0 0 0 0 0 0 0 0 0 0 0 0 0 0 0 0 0 0 0 0 0 82 0 0 0 
38 0 0 0 0 0 0 0 0 0 0 0 0 0 0 0 53 0 0 0 0 0 53 0 0 0 0 0 0 0 0 0 0 0 0 0 0 0 0 0 0 0 0 0 0 0 0 0 0 0 0 0 53 0 48 0 48 0 48 0 58 0 0 0 53 0 83 0 84 0 84 0 84 0 84 0 84 0 84 0 85 0 0 0 0 0 0 0 0 0 0 0 0 0 0 0 
52 0 0 0 0 0 0 0 0 0 0 0 0 0 0 0 0 0 0 0 0 0 52 0 0 0 0 0 0 0 0 0 0 0 0 0 0 0 0 0 0 0 0 0 0 0 0 0 0 0 0 0 53 0 0 0 0 0 0 0 0 0 0 0 0 0 0 0 0 0 0 0 0 0 0 0 0 0 0 0 0 0 0 0 0 0 0 0 0 0 0 0 0 0 53 0 
0 0 38 0 38 0 38 0 38 0 0 0 53 0 0 0 0 0 0 0 0 0 0 0 38 0 38 0 38 0 38 0 38 0 38 0 38 0 38 0 38 0 58 0 0 0 53 0 37 0 0 0 37 0 0 0 0 0 53 0 86 0 58 0 0 0 87 0 88 0 88 0 88 0 88 0 88 0 88 0 88 0 88 0 88 0 88 0 88 0 88 0 89 0 53 0 
90 0 91 0 91 0 91 0 92 0 80 0 53 0 0 0 0 0 0 0 0 0 53 0 0 0 0 0 0 0 0 0 0 0 0 0 0 0 0 0 0 0 0 0 0 0 0 0 0 0 0 0 0 0 0 0 0 0 52 0 82 0 0 0 93 0 93 0 82 0 0 0 93 0 93 0 82 0 0 0 93 0 93 0 82 0 0 0 93 0 93 0 94 0 37 0 
58 0 0 0 39 0 50 0 41 0 53 0 53 0 38 0 38 0 38 0 38 0 53 0 0 0 0 0 0 0 0 0 0 0 0 0 0 0 0 0 0 0 0 0 0 0 0 0 53 0 53 0 53 0 0 0 52 0 0 0 0 0 0 0 93 0 93 0 0 0 0 0 93 0 93 0 0 0 0 0 93 0 93 0 0 0 0 0 93 0 93 0 0 0 0 0 
95 0 0 0 0 0 0 0 0 0 0 0 0 0 0 0 0 0 0 0 0 0 0 0 0 0 0 0 0 0 0 0 0 0 0 0 0 0 0 0 0 0 0 0 0 0 0 0 0 0 0 0 0 0 0 0 0 0 0 0 0 0 52 0 82 0 0 0 56 0 57 0 96 0 96 0 56 0 57 0 57 0 57 0 57 0 57 0 55 0 0 0 38 0 38 0 
95 0 0 0 0 0 0 0 0 0 0 0 0 0 0 0 0 0 0 0 0 0 0 0 0 0 0 0 0 0 0 0 0 0 0 0 0 0 0 0 0 0 0 0 0 0 0 0 0 0 0 0 0 0 0 0 0 0 0 0 0 0 0 0 0 0 0 0 56 0 57 0 97 0 97 0 0 0 0 0 0 0 0 0 0 0 0 0 0 0 0 0 38 0 0 0 
95 0 0 0 0 0 0 0 0 0 0 0 0 0 0 0 0 0 0 0 0 0 0 0 0 0 0 0 0 0 0 0 0 0 0 0 0 0 0 0 0 0 0 0 0 0 0 0 0 0 0 0 0 0 0 0 0 0 0 0 0 0 53 0 52 0 54 0 0 0 0 0 0 0 0 0 0 0 0 0 0 0 0 0 0 0 0 0 75 0 0 0 0 0 0 0 
53 0 58 0 0 0 53 0 53 0 58 0 0 0 95 0 58 0 0 0 53 0 0 0 0 0 0 0 0 0 0 0 0 0 0 0 0 0 0 0 0 0 0 0 53 0 58 0 0 0 53 0 53 0 58 0 0 0 53 0 53 0 52 0 0 0 0 0 0 0 0 0 0 0 0 0 0 0 0 0 0 0 0 0 0 0 0 0 0 0 0 0 0 0 0 0 
52 0 0 0 0 0 0 0 0 0 0 0 0 0 0 0 0 0 0 0 53 0 0 0 0 0 0 0 0 0 0 0 0 0 0 0 0 0 0 0 0 0 0 0 52 0 0 0 0 0 0 0 0 0 0 0 0 0 0 0 0 0 0 0 0 0 0 0 0 0 0 0 0 0 0 0 0 0 0 0 0 0 0 0 0 0 0 0 0 0 0 0 0 0 0 0 
0 0 0 0 0 0 0 0 0 0 0 0 0 0 0 0 0 0 0 0 53 0 0 0 0 0 0 0 0 0 0 0 0 0 0 0 0 0 0 0 0 0 0 0 0 0 0 0 0 0 0 0 0 0 0 0 0 0 0 0 0 0 52 0 0 0 0 0 0 0 0 0 0 0 0 0 0 0 0 0 0 0 0 0 0 0 0 0 0 0 0 0 0 0 0 0 
58 0 0 0 58 0 0 0 95 0 58 0 0 0 90 0 92 0 58 0 0 0 58 0 0 0 58 0 0 0 53 0 53 0 53 0 53 0 53 0 53 0 58 0 0 0 58 0 0 0 58 0 0 0 58 0 0 0 58 0 0 0 0 0 0 0 0 0 0 0 0 0 0 0 0 0 0 0 0 0 0 0 0 0 0 0 0 0 0 0 0 0 0 0 0 0 
decorations 12
-120 720 98 0
-121 753 99 0
-41 560 100 0
-40 358 100 0
399 400 101 0
425 400 101 306
373 400 101 343
440 320 102 0
559 399 103 0
1242 321 104 0
1300 220 105 0
899 218 105 0

layer // layer 3
name noname
offset 0 0
cells_offset -240 200
scroll_scale_factor_1 1 1
scroll_scale_factor_2 1 1
cell_size 40 40
width 45
height 18
no_cells
sprite_cells
0 0 0 0 0 0 0 0 0 0 0 0 0 0 0 0 0 0 0 0 0 0 0 0 0 0 0 0 0 0 0 0 0 0 0 0 0 0 0 0 0 0 0 0 0 0 0 0 0 0 0 0 0 0 0 0 0 0 0 0 106 0 107 0 107 0 107 0 108 0 107 0 107 0 109 0 0 0 0 0 0 0 0 0 0 0 0 0 0 0 
0 0 0 0 0 0 0 0 0 0 0 0 0 0 0 0 0 0 0 0 0 0 0 0 0 0 0 0 0 0 0 0 0 0 0 0 0 0 0 0 0 0 0 0 0 0 0 0 0 0 0 0 0 0 0 0 0 0 0 0 106 0 107 0 107 0 107 0 110 0 0 0 0 0 111 0 0 0 0 0 0 0 0 0 0 0 0 0 0 0 
0 0 0 0 0 0 0 0 0 0 0 0 0 0 0 0 0 0 0 0 0 0 0 0 0 0 0 0 0 0 0 0 0 0 0 0 0 0 0 0 0 0 0 0 0 0 0 0 0 0 0 0 0 0 0 0 0 0 0 0 0 0 0 0 0 0 0 0 112 0 107 0 107 0 113 0 0 0 0 0 0 0 0 0 0 0 0 0 0 0 
114 0 107 0 109 0 0 0 0 0 0 0 0 0 0 0 0 0 0 0 0 0 0 0 0 0 0 0 0 0 0 0 0 0 0 0 0 0 0 0 0 0 0 0 0 0 0 0 0 0 0 0 0 0 0 0 0 0 0 0 0 0 0 0 0 0 0 0 115 0 0 0 0 0 0 0 0 0 0 0 0 0 0 0 0 0 0 0 0 0 
111 0 0 0 0 0 0 0 0 0 0 0 0 0 0 0 0 0 0 0 0 0 0 0 0 0 0 0 0 0 0 0 0 0 0 0 0 0 0 0 0 0 0 0 0 0 0 0 0 0 0 0 0 0 0 0 0 0 0 0 0 0 0 0 100 0 38 0 38 0 38 0 38 0 38 0 38 0 38 0 38 0 0 0 0 0 0 0 0 0 
111 0 0 0 0 0 0 0 0 0 0 0 0 0 0 0 0 0 0 0 0 0 0 0 0 0 0 0 0 0 0 0 0 0 0 0 0 0 0 0 0 0 0 0 0 0 0 0 0 0 0 0 0 0 0 0 0 0 0 0 0 0 0 0 0 0 0 0 0 0 0 0 0 0 0 0 0 0 0 0 0 0 116 0 116 0 116 0 116 0 
111 0 0 0 0 0 0 0 0 0 0 0 0 0 0 0 0 0 0 0 0 0 0 0 0 0 0 0 0 0 0 0 0 0 0 0 0 0 0 0 0 0 0 0 0 0 0 0 0 0 0 0 0 0 0 0 0 0 0 0 0 0 0 0 0 0 0 0 0 0 0 0 0 0 0 0 0 0 0 0 0 0 48 0 48 0 48 0 49 0 
111 0 0 0 0 0 0 0 0 0 0 0 0 0 0 0 0 0 0 0 0 0 0 0 0 0 0 0 0 0 0 0 0 0 0 0 0 0 0 0 0 0 0 0 0 0 0 0 0 0 0 0 109 0 0 0 0 0 0 0 0 0 0 0 0 0 0 0 0 0 0 0 0 0 0 0 0 0 0 0 0 0 0 0 0 0 0 0 0 0 
111 0 0 0 0 0 0 0 0 0 0 0 0 0 0 0 0 0 0 0 0 0 114 0 107 0 107 0 107 0 107 0 107 0 107 0 107 0 107 0 107 0 107 0 107 0 107 0 109 0 0 0 111 0 0 0 0 0 0 0 0 0 0 0 0 0 0 0 0 0 0 0 0 0 0 0 0 0 0 0 0 0 0 0 0 0 0 0 0 0 
111 0 0 0 0 0 0 0 0 0 0 0 0 0 0 0 0 0 0 0 0 0 111 0 0 0 0 0 0 0 0 0 0 0 0 0 0 0 0 0 0 0 0 0 0 0 0 0 111 0 0 0 111 0 0 0 0 0 0 0 0 0 0 0 0 0 0 0 0 0 0 0 0 0 0 0 0 0 0 0 0 0 0 0 0 0 0 0 0 0 
117 0 107 0 107 0 107 0 107 0 107 0 107 0 107 0 107 0 107 0 107 0 113 0 0 0 0 0 0 0 0 0 0 0 0 0 0 0 0 0 0 0 0 0 0 0 0 0 117 0 107 0 113 0 0 0 0 0 0 0 0 0 0 0 0 0 0 0 0 0 0 0 0 0 0 0 0 0 0 0 0 0 0 0 0 0 0 0 0 0 
0 0 0 0 0 0 0 0 0 0 0 0 0 0 0 0 0 0 0 0 0 0 0 0 0 0 0 0 0 0 0 0 0 0 0 0 0 0 0 0 0 0 0 0 0 0 0 0 0 0 0 0 0 0 0 0 0 0 0 0 0 0 0 0 0 0 0 0 0 0 0 0 0 0 0 0 0 0 0 0 0 0 0 0 0 0 0 0 0 0 
0 0 0 0 0 0 0 0 0 0 0 0 0 0 0 0 0 0 0 0 0 0 0 0 0 0 0 0 0 0 0 0 0 0 0 0 0 0 0 0 0 0 0 0 0 0 0 0 0 0 0 0 0 0 0 0 0 0 0 0 0 0 0 0 0 0 0 0 0 0 0 0 0 0 0 0 0 0 0 0 0 0 0 0 0 0 0 0 0 0 
0 0 0 0 0 0 0 0 0 0 0 0 0 0 0 0 0 0 0 0 0 0 0 0 0 0 0 0 0 0 0 0 0 0 0 0 0 0 0 0 0 0 0 0 0 0 0 0 0 0 0 0 0 0 0 0 0 0 0 0 0 0 0 0 0 0 0 0 118 0 74 0 74 0 74 0 74 0 74 0 74 0 74 0 74 0 74 0 0 0 
0 0 0 0 0 0 0 0 0 0 0 0 0 0 0 0 0 0 0 0 119 0 0 0 0 0 0 0 0 0 0 0 0 0 0 0 0 0 0 0 0 0 0 0 120 0 0 0 0 0 0 0 0 0 0 0 0 0 0 0 0 0 0 0 0 0 118 0 75 0 0 0 0 0 0 0 0 0 0 0 0 0 0 0 0 0 0 0 0 0 
0 0 0 0 0 0 0 0 0 0 0 0 0 0 0 0 51 0 0 0 121 0 0 0 0 0 0 0 0 0 0 0 0 0 0 0 0 0 0 0 0 0 0 0 122 0 0 0 0 0 0 0 0 0 0 0 0 0 0 0 0 0 0 0 0 0 0 0 0 0 0 0 0 0 0 0 0 0 0 0 0 0 0 0 0 0 0 0 0 0 
0 0 0 0 0 0 0 0 0 0 0 0 0 0 0 0 0 0 0 0 121 0 0 0 0 0 0 0 0 0 0 0 0 0 0 0 0 0 0 0 0 0 0 0 122 0 0 0 0 0 0 0 0 0 0 0 0 0 0 0 0 0 0 0 0 0 0 0 0 0 0 0 0 0 0 0 0 0 0 0 0 0 0 0 0 0 0 0 0 0 
0 0 0 0 0 0 0 0 0 0 0 0 0 0 0 0 0 0 0 0 0 0 123 0 123 0 123 0 123 0 123 0 123 0 123 0 123 0 123 0 123 0 123 0 0 0 0 0 0 0 0 0 0 0 0 0 0 0 0 0 0 0 0 0 0 0 0 0 0 0 0 0 0 0 0 0 0 0 0 0 0 0 0 0 0 0 0 0 0 0 
decorations 8
1080 360 124 0
1120 360 124 0
1160 360 124 0
1200 360 124 0
1239 360 124 0
1279 360 124 0
1319 360 124 0
1360 360 124 0

} // layers

entities { 
teeth120_S 1 {
position_in_layer 360 420
layer_index 2
}
teeth120_S 2 {
position_in_layer 480 420
layer_index 2
}
teeth120_N 3 {
position_in_layer 360 500
layer_index 2
}
teeth120_N 4 {
position_in_layer 480 500
layer_index 2
}
hero/Skater 5 {
balloon true
position_in_layer 660 480
layer_index 2
}
Break/Bridge 6 {
position_in_layer 760 480
layer_index 2
}
DeathRayV 8 {
size 4
position_in_layer -40 400
layer_index 2
}
Device/Lever_PullDown 10 {
operate 8
position_in_layer 40 320
layer_index 2
}
teeth120_N 15 {
position_in_layer -160 500
layer_index 2
}
teeth40_S 18 {
position_in_layer -80 420
layer_index 2
}
teeth40_N 20 {
position_in_layer -200 500
layer_index 2
}
teeth120_E 21 {
position_in_layer -220 360
layer_index 2
}
teeth80_W 22 {
position_in_layer -80 360
layer_index 2
}
Device/button_S 23 {
on_switch_on_target 27
on_switch_on_action run
position_in_layer -160 360
layer_index 2
}
shooter/drop 25 {
shot_delay 2000 2000
position_in_layer 340 460
layer_index 2
}
Spec/LevelExit 26 {
closed_sprite none
opened_sprite none
position_in_layer -120 720
layer_index 2
}
Spec/Actions/Camera 27 {
a1_target 6
a2_target 6
a2_action signal1
position_in_layer -160 273
layer_index 2
}
AcidPool 28 {
position_in_layer 760 560
layer_index 2
}
Crate/solid 32 {
position_in_layer 780 740
layer_index 2
}
Break/Bridge 38 {
operate 61
position_in_layer 440 720
layer_index 2
}
Break/Bridge 39 {
position_in_layer 560 720
layer_index 2
}
Break/Bridge 40 {
operate 59
position_in_layer 360 720
layer_index 2
}
Break/Bridge 41 {
position_in_layer 400 720
layer_index 2
}
Break/Bridge 43 {
operate 58
position_in_layer 480 720
layer_index 2
}
Break/Bridge 44 {
position_in_layer 520 720
layer_index 2
}
Break/Bridge 46 {
position_in_layer 320 720
layer_index 2
}
Break/Bridge 47 {
operate 60
position_in_layer 600 720
layer_index 2
}
Device/Lever_S 48 {
operate 52
position_in_layer 400 560
layer_index 2
}
Device/Lever_S 49 {
operate 53
position_in_layer 480 560
layer_index 2
}
Device/Lever_S 50 {
operate 54
position_in_layer 560 560
layer_index 2
}
Spec/SignalPlexor 52 {
operate_1 38
operate_2 46
position_in_layer 365 613
layer_index 2
}
Spec/SignalPlexor 53 {
operate_1 43
operate_2 41
position_in_layer 459 609
layer_index 2
}
Spec/SignalPlexor 54 {
operate_1 47
operate_2 44
position_in_layer 603 618
layer_index 2
}
Spec/SignalPlexor 56 {
operate_1 40
operate_2 39
position_in_layer 252 612
layer_index 2
}
Device/Lever_S 57 {
operate 56
position_in_layer 320 560
layer_index 2
}
Spec/SignalPlexor 58 {
operate_1 47
operate_2 39
operate_3 46
invert true
position_in_layer 471 937
layer_index 2
}
Spec/SignalPlexor 59 {
operate_1 46
operate_2 39
operate_3 47
invert true
position_in_layer 264 934
layer_index 2
}
Spec/SignalPlexor 60 {
operate_1 41
operate_2 43
operate_3 38
invert true
position_in_layer 572 938
layer_index 2
}
Spec/SignalPlexor 61 {
operate_1 41
operate_2 44
invert true
position_in_layer 368 938
layer_index 2
}
Device/Respawn 62 {
position_in_layer 940 720
layer_index 2
}
AcidPool 63 {
size 11 3
position_in_layer 200 760
layer_index 2
}
teeth120_N 64 {
position_in_layer 240 500
layer_index 2
}
teeth120_N 65 {
position_in_layer 40 580
layer_index 2
}
teeth120_S 68 {
position_in_layer 120 220
layer_index 2
}
teeth120_E 69 {
position_in_layer 220 320
layer_index 2
}
teeth120_W 70 {
position_in_layer 200 320
layer_index 2
}
teeth80_S 72 {
position_in_layer 240 220
layer_index 2
}
teeth120_E 73 {
position_in_layer 100 320
layer_index 2
}
teeth40_N 75 {
position_in_layer 160 580
layer_index 2
}
teeth40_N 76 {
position_in_layer 0 500
layer_index 2
}
spikes40_S 77 {
position_in_layer 1080 360
layer_index 2
}
Device/Respawn 85 {
position_in_layer 880 400
layer_index 2
}
Device/Respawn 86 {
position_in_layer 1480 400
layer_index 2
}
shooter/cannon 87 {
shot_delay 1000 1000
position_in_layer 1596 481
layer_index 2
}
spikes40_S 88 {
start_delay 100 100
position_in_layer 1120 360
layer_index 2
}
spikes40_S 89 {
start_delay 200 200
position_in_layer 1160 360
layer_index 2
}
spikes40_S 90 {
start_delay 300 300
position_in_layer 1200 360
layer_index 2
}
spikes40_S 92 {
start_delay 400 400
position_in_layer 1240 360
layer_index 2
}
spikes40_S 93 {
start_delay 500 500
position_in_layer 1280 360
layer_index 2
}
spikes40_S 94 {
start_delay 600 600
position_in_layer 1320 360
layer_index 2
}
spikes40_S 95 {
start_delay 700 700
position_in_layer 1360 360
layer_index 2
}
SoundMachine 96 {
size 200 40
position_in_layer 1101 283
layer_index 2
}
SoundMachine 97 {
position_in_layer 1619 623
layer_index 2
}
SoundMachine 101 {
radius 200
position_in_layer 401 321
layer_index 2
}
} // entities
