sprite_table {
 blueplate_00 1
 blueplate_02 2
 blueplate_01 3
 blueplate_15 4
 blueplate_13 5
 blueplate_05 6
 blueplate_09 7
 blueplate_10 8
 blueplate_accelW 9
 blueplate_07 10
 blueplate_accelS 11
 blueplate_08 12
 dirt 13
 dirt/boulder3 14
 blueplate_06 15
 dirt/rocket 16
 dirt_small 17
 dirt/boulder1 18
 dirt/boulder2 19
 blueplate_14 20
 blueplate_accelE 21
 dirt/bike 22
 blueplate_11 23
 wall_stoneA_02 24
 blueplate_20 25
 blueplate_accelN 26
 blueplate_21 27
 blueplate_22 28
 blueplate_19 29
 blueplate_03 30
 wall_stoneA_05 31
 wall_arc_01 32
 wall_arc_02 33
 wall_arc_03 34
 wall_stoneA_04 35
 shadow_fix_02 36
 shadow_fix_01 37
 wall_stoneA_03 38
 metal_ramp_02 39
 metal_ramp_01 40
 wall_stoneA_00 41
 teleOUT_dn 42
 wall_stoneA_01 43
 wall_stoneA_09 44
 wall_brick01 45
 wall_brick03 46
 metal_fatpipe_07 47
 metal_fatpipe_03 48
 metal_fatpipe_08 49
 wall_stoneA_15 50
 metal_fatpipe_04 51
 nogumS 52
 nobubble_field 53
 teleIN_up 54
 nogumN 55
 wall_stoneA_06 56
 wall_stoneA_07 57
 wall_stoneA_08 58
 wall_stoneA_10 59
 acid_tank0 60
 wall_stoneA_14 61
 acid_tank1 62
 metal_pipe_07 63
 pipeend_2 64
 metal_pipejoint_03 65
 pipeend_4 66
 metal_pipe_08 67
 metal_pipe_03 68
 wall_stoneA_11 69
 wall_stoneA_12 70
 wall_stoneA_13 71
 mandi 72
 sign/exit 73
 acid_tank_glass 74
 sign/bridge 75
 sign/arrow4 76
 sign/doorH 77
} // sprite_table

layers {
clear_screen true
layer // layer 0
name noname
offset 0 0
cells_offset 0 -680
scroll_scale_factor_1 1 1
scroll_scale_factor_2 1 1
cell_size 40 40
width 30
height 39
no_cells
sprite_cells
0 0 0 0 0 0 0 0 1 0 1 0 1 0 0 0 0 0 1 0 1 0 1 0 0 0 0 0 0 0 0 0 0 0 0 0 0 0 0 0 0 0 0 0 1 0 1 0 1 0 0 0 1 0 1 0 1 0 0 0 
0 0 0 0 0 0 2 0 3 0 3 0 4 0 5 0 5 0 5 0 5 0 5 0 5 0 5 0 4 0 3 0 0 0 0 0 1 0 1 0 3 0 3 0 3 0 3 0 3 0 3 0 3 0 3 0 3 0 3 0 
3 0 3 0 3 0 0 0 0 0 0 0 0 0 0 0 0 0 0 0 0 0 0 0 0 0 0 0 0 0 0 0 0 0 0 0 6 0 1 0 0 0 0 0 0 0 0 0 0 0 0 0 0 0 0 0 0 0 0 0 
0 0 0 0 0 0 2 0 1 0 1 0 7 0 8 0 9 0 9 0 9 0 9 0 9 0 8 0 7 0 1 0 1 0 10 0 1 0 6 0 0 0 0 0 11 0 11 0 11 0 0 0 0 0 0 0 0 0 0 0 
0 0 0 0 0 0 0 0 3 0 3 0 4 0 5 0 5 0 5 0 5 0 5 0 5 0 5 0 4 0 3 0 3 0 10 0 1 0 6 0 0 0 12 0 0 0 6 0 12 0 0 0 0 0 13 0 14 0 13 0 
0 0 0 0 0 0 0 0 0 0 0 0 0 0 0 0 0 0 0 0 0 0 0 0 0 0 0 0 0 0 0 0 0 0 10 0 1 0 1 0 0 0 15 0 15 0 15 0 15 0 15 0 0 0 16 0 0 0 0 0 
0 0 0 0 0 0 0 0 0 0 0 0 0 0 0 0 0 0 0 0 0 0 0 0 0 0 0 0 0 0 0 0 0 0 0 0 1 0 1 0 0 0 15 0 15 0 15 0 15 0 15 0 0 0 13 0 0 0 13 0 
0 0 0 0 0 0 0 0 0 0 17 0 17 0 17 0 17 0 17 0 17 0 17 0 17 0 17 0 17 0 17 0 0 0 1 0 6 0 1 0 0 0 15 0 15 0 15 0 15 0 15 0 0 0 0 0 0 0 18 0 
0 0 0 0 0 0 0 0 0 0 0 0 0 0 0 0 0 0 0 0 0 0 0 0 0 0 0 0 0 0 0 0 0 0 1 0 1 0 1 0 0 0 15 0 15 0 15 0 15 0 15 0 0 0 13 0 19 0 13 0 
0 0 0 0 0 0 0 0 0 0 0 0 0 0 5 0 4 0 20 0 4 0 1 0 2 0 1 0 3 0 0 0 21 0 0 0 12 0 0 0 0 0 15 0 15 0 15 0 15 0 15 0 0 0 0 0 0 0 0 0 
0 0 0 0 0 0 0 0 0 0 0 0 0 0 0 0 0 0 0 0 0 0 3 0 0 0 3 0 0 0 1 0 21 0 0 0 12 0 0 0 0 0 15 0 15 0 15 0 15 0 15 0 0 0 22 0 0 0 13 0 
0 0 0 0 0 0 0 0 0 0 0 0 0 0 1 0 0 0 0 0 0 0 0 0 2 0 0 0 0 0 1 0 21 0 0 0 12 0 0 0 23 0 12 0 0 0 6 0 12 0 0 0 0 0 0 0 0 0 0 0 
0 0 0 0 0 0 0 0 0 0 0 0 0 0 1 0 0 0 0 0 0 0 3 0 0 0 3 0 24 0 6 0 21 0 0 0 0 0 0 0 0 0 0 0 25 0 25 0 25 0 0 0 0 0 0 0 0 0 13 0 
0 0 0 0 0 0 0 0 0 0 0 0 0 0 1 0 0 0 0 0 0 0 0 0 2 0 0 0 0 0 1 0 21 0 1 0 8 0 8 0 8 0 8 0 8 0 8 0 8 0 8 0 8 0 1 0 0 0 19 0 
0 0 0 0 0 0 0 0 0 0 0 0 0 0 1 0 0 0 0 0 0 0 1 0 0 0 1 0 0 0 1 0 21 0 1 0 25 0 25 0 25 0 25 0 25 0 25 0 25 0 25 0 25 0 1 0 0 0 13 0 
0 0 0 0 0 0 0 0 0 0 0 0 0 0 1 0 0 0 0 0 0 0 3 0 26 0 3 0 0 0 1 0 21 0 1 0 8 0 8 0 8 0 26 0 8 0 8 0 8 0 8 0 8 0 1 0 0 0 14 0 
0 0 0 0 0 0 0 0 0 0 0 0 0 0 1 0 0 0 0 0 0 0 0 0 2 0 0 0 0 0 23 0 0 0 0 0 0 0 0 0 0 0 0 0 0 0 0 0 0 0 0 0 25 0 25 0 0 0 0 0 
0 0 0 0 0 0 0 0 0 0 0 0 0 0 1 0 0 0 0 0 0 0 3 0 0 0 3 0 0 0 27 0 28 0 29 0 7 0 29 0 27 0 29 0 27 0 29 0 7 0 29 0 27 0 28 0 23 0 27 0 
0 0 0 0 0 0 0 0 0 0 0 0 0 0 1 0 0 0 0 0 0 0 0 0 2 0 0 0 0 0 0 0 0 0 0 0 0 0 0 0 0 0 0 0 0 0 0 0 0 0 0 0 0 0 0 0 0 0 0 0 
0 0 0 0 0 0 0 0 0 0 0 0 0 0 1 0 0 0 0 0 0 0 3 0 0 0 3 0 0 0 0 0 0 0 0 0 0 0 0 0 0 0 0 0 0 0 0 0 0 0 0 0 0 0 0 0 0 0 0 0 
0 0 0 0 0 0 0 0 0 0 0 0 0 0 1 0 0 0 0 0 0 0 0 0 2 0 0 0 0 0 0 0 0 0 0 0 0 0 0 0 0 0 0 0 0 0 0 0 0 0 0 0 0 0 0 0 0 0 0 0 
0 0 0 0 0 0 0 0 0 0 0 0 0 0 1 0 0 0 0 0 0 0 3 0 0 0 3 0 0 0 0 0 0 0 0 0 0 0 0 0 0 0 0 0 0 0 0 0 0 0 0 0 0 0 0 0 0 0 0 0 
0 0 0 0 0 0 0 0 0 0 0 0 0 0 1 0 0 0 0 0 0 0 0 0 2 0 0 0 0 0 0 0 0 0 0 0 0 0 0 0 0 0 0 0 0 0 0 0 0 0 0 0 0 0 0 0 0 0 0 0 
0 0 0 0 0 0 0 0 0 0 0 0 0 0 1 0 0 0 0 0 0 0 26 0 0 0 3 0 0 0 0 0 0 0 0 0 0 0 0 0 0 0 0 0 0 0 0 0 0 0 0 0 0 0 0 0 0 0 0 0 
0 0 0 0 0 0 0 0 0 0 0 0 0 0 1 0 0 0 0 0 0 0 1 0 2 0 0 0 0 0 0 0 0 0 0 0 0 0 0 0 0 0 0 0 0 0 0 0 0 0 0 0 0 0 0 0 0 0 0 0 
0 0 0 0 0 0 0 0 0 0 0 0 0 0 1 0 0 0 0 0 0 0 3 0 0 0 30 0 0 0 0 0 0 0 0 0 0 0 0 0 0 0 0 0 0 0 0 0 0 0 0 0 0 0 0 0 0 0 0 0 
0 0 0 0 0 0 0 0 0 0 0 0 0 0 1 0 0 0 0 0 0 0 0 0 2 0 0 0 0 0 0 0 0 0 0 0 0 0 0 0 0 0 0 0 0 0 0 0 0 0 0 0 0 0 0 0 0 0 0 0 
0 0 0 0 0 0 0 0 0 0 0 0 0 0 1 0 0 0 0 0 0 0 3 0 0 0 3 0 0 0 0 0 0 0 0 0 0 0 0 0 0 0 0 0 0 0 0 0 0 0 0 0 0 0 0 0 0 0 0 0 
0 0 0 0 0 0 0 0 0 0 0 0 0 0 1 0 0 0 0 0 0 0 0 0 2 0 0 0 0 0 0 0 0 0 0 0 0 0 0 0 0 0 0 0 0 0 0 0 0 0 0 0 0 0 0 0 0 0 0 0 
0 0 0 0 0 0 0 0 0 0 0 0 0 0 1 0 0 0 0 0 0 0 3 0 0 0 1 0 0 0 0 0 0 0 0 0 0 0 0 0 0 0 0 0 0 0 0 0 0 0 0 0 0 0 0 0 0 0 0 0 
0 0 0 0 0 0 0 0 0 0 0 0 0 0 1 0 0 0 0 0 0 0 0 0 2 0 26 0 0 0 0 0 0 0 0 0 0 0 0 0 0 0 0 0 0 0 0 0 0 0 0 0 0 0 0 0 0 0 0 0 
0 0 0 0 0 0 0 0 0 0 0 0 0 0 25 0 25 0 25 0 0 0 3 0 0 0 3 0 0 0 0 0 0 0 0 0 0 0 0 0 0 0 0 0 0 0 0 0 0 0 0 0 0 0 0 0 0 0 0 0 
0 0 0 0 0 0 0 0 0 0 0 0 0 0 3 0 3 0 3 0 4 0 0 0 2 0 0 0 0 0 0 0 0 0 0 0 0 0 0 0 0 0 0 0 0 0 0 0 0 0 0 0 0 0 0 0 0 0 0 0 
0 0 0 0 0 0 0 0 0 0 0 0 0 0 0 0 0 0 0 0 0 0 3 0 0 0 3 0 0 0 0 0 0 0 0 0 0 0 0 0 0 0 0 0 0 0 0 0 0 0 0 0 0 0 0 0 0 0 0 0 
0 0 0 0 0 0 0 0 0 0 25 0 25 0 25 0 25 0 25 0 0 0 0 0 2 0 0 0 0 0 0 0 0 0 0 0 0 0 0 0 0 0 0 0 0 0 0 0 0 0 0 0 0 0 0 0 0 0 0 0 
0 0 0 0 0 0 0 0 0 0 0 0 0 0 30 0 3 0 30 0 0 0 3 0 0 0 3 0 0 0 0 0 0 0 0 0 0 0 0 0 0 0 0 0 0 0 0 0 0 0 0 0 0 0 0 0 0 0 0 0 
0 0 0 0 0 0 0 0 0 0 0 0 0 0 0 0 0 0 0 0 0 0 0 0 2 0 0 0 0 0 0 0 0 0 0 0 0 0 0 0 0 0 0 0 0 0 0 0 0 0 0 0 0 0 0 0 0 0 0 0 
0 0 0 0 0 0 0 0 0 0 0 0 0 0 0 0 0 0 0 0 0 0 3 0 0 0 3 0 0 0 0 0 0 0 0 0 0 0 0 0 0 0 0 0 0 0 0 0 0 0 0 0 0 0 0 0 0 0 0 0 
0 0 0 0 0 0 0 0 0 0 0 0 0 0 1 0 1 0 1 0 1 0 0 0 1 0 0 0 0 0 0 0 0 0 0 0 0 0 0 0 0 0 0 0 0 0 0 0 0 0 0 0 0 0 0 0 0 0 0 0 
decorations 0

layer // layer 1
name noname
offset 15 15
cells_offset -40 -680
scroll_scale_factor_1 1 1
scroll_scale_factor_2 1 1
cell_size 40 40
width 31
height 39
shadow
no_cells
sprite_cells
0 0 0 0 0 0 31 0 0 0 32 0 33 0 34 0 31 0 0 0 32 0 33 0 34 0 31 0 0 0 31 0 0 0 0 0 24 0 31 0 0 0 31 0 0 0 32 0 33 0 34 0 35 0 32 0 33 0 34 0 35 0 
31 0 0 0 31 0 0 0 0 0 0 0 0 0 0 0 0 0 0 0 0 0 0 0 0 0 0 0 0 0 0 0 0 0 0 0 0 0 0 0 0 0 0 0 0 0 0 0 0 0 0 0 0 0 0 0 0 0 0 0 0 0 
24 0 0 0 0 0 0 0 0 0 0 0 0 0 0 0 0 0 0 0 0 0 0 0 0 0 0 0 0 0 0 0 36 0 31 0 0 0 0 0 0 0 0 0 37 0 0 0 0 0 0 0 0 0 0 0 0 0 0 0 0 0 
0 0 0 0 0 0 37 0 0 0 0 0 0 0 0 0 0 0 0 0 0 0 0 0 0 0 0 0 0 0 0 0 0 0 0 0 0 0 0 0 0 0 24 0 38 0 0 0 0 0 36 0 35 0 31 0 0 0 31 0 0 0 
0 0 0 0 0 0 35 0 0 0 0 0 0 0 0 0 0 0 0 0 37 0 0 0 0 0 0 0 0 0 0 0 0 0 0 0 0 0 0 0 0 0 0 0 0 0 0 0 0 0 0 0 0 0 24 0 0 0 0 0 0 0 
0 0 0 0 0 0 0 0 35 0 39 0 39 0 39 0 39 0 39 0 40 0 0 0 0 0 0 0 0 0 0 0 0 0 0 0 37 0 0 0 0 0 24 0 0 0 0 0 0 0 0 0 0 0 0 0 0 0 0 0 0 0 
0 0 0 0 0 0 0 0 0 0 0 0 0 0 0 0 0 0 0 0 0 0 0 0 0 0 0 0 0 0 0 0 0 0 31 0 0 0 0 0 0 0 0 0 0 0 0 0 0 0 0 0 0 0 24 0 0 0 0 0 0 0 
0 0 0 0 0 0 0 0 0 0 0 0 0 0 0 0 0 0 0 0 0 0 0 0 0 0 0 0 0 0 0 0 0 0 24 0 0 0 0 0 0 0 24 0 0 0 0 0 0 0 0 0 0 0 0 0 0 0 0 0 0 0 
0 0 0 0 0 0 0 0 0 0 0 0 0 0 24 0 31 0 0 0 31 0 0 0 31 0 0 0 31 0 0 0 0 0 0 0 0 0 0 0 0 0 0 0 0 0 0 0 0 0 0 0 0 0 24 0 0 0 0 0 0 0 
0 0 0 0 0 0 0 0 0 0 0 0 0 0 0 0 0 0 0 0 0 0 0 0 0 0 0 0 0 0 36 0 31 0 0 0 38 0 32 0 34 0 24 0 0 0 0 0 0 0 0 0 0 0 0 0 0 0 0 0 0 0 
0 0 0 0 0 0 0 0 0 0 0 0 0 0 24 0 0 0 0 0 0 0 37 0 0 0 0 0 0 0 37 0 0 0 0 0 24 0 0 0 0 0 0 0 0 0 0 0 0 0 0 0 0 0 24 0 0 0 0 0 0 0 
0 0 0 0 0 0 0 0 0 0 0 0 0 0 0 0 0 0 0 0 0 0 35 0 0 0 0 0 0 0 24 0 0 0 0 0 0 0 0 0 0 0 0 0 0 0 0 0 0 0 0 0 0 0 0 0 0 0 0 0 0 0 
0 0 0 0 0 0 0 0 0 0 0 0 0 0 24 0 0 0 0 0 0 0 24 0 0 0 0 0 0 0 0 0 0 0 36 0 31 0 0 0 31 0 0 0 38 0 0 0 0 0 36 0 31 0 0 0 35 0 24 0 0 0 
0 0 0 0 0 0 0 0 0 0 0 0 0 0 0 0 0 0 0 0 0 0 0 0 0 0 0 0 0 0 24 0 0 0 0 0 0 0 0 0 0 0 0 0 0 0 0 0 0 0 0 0 0 0 0 0 0 0 0 0 0 0 
0 0 0 0 0 0 0 0 0 0 0 0 0 0 24 0 0 0 0 0 0 0 24 0 0 0 0 0 0 0 0 0 0 0 0 0 0 0 0 0 0 0 0 0 0 0 0 0 0 0 0 0 0 0 0 0 0 0 24 0 0 0 
0 0 0 0 0 0 0 0 0 0 0 0 0 0 0 0 0 0 0 0 0 0 0 0 0 0 0 0 0 0 24 0 0 0 0 0 0 0 0 0 0 0 0 0 0 0 0 0 0 0 0 0 37 0 0 0 0 0 0 0 0 0 
0 0 0 0 0 0 0 0 0 0 0 0 0 0 24 0 0 0 0 0 0 0 24 0 0 0 0 0 0 0 0 0 36 0 31 0 0 0 31 0 0 0 31 0 0 0 31 0 0 0 31 0 0 0 0 0 36 0 35 0 38 0 
0 0 0 0 0 0 0 0 0 0 0 0 0 0 0 0 0 0 0 0 0 0 0 0 0 0 0 0 0 0 38 0 0 0 0 0 0 0 0 0 0 0 0 0 0 0 0 0 0 0 0 0 0 0 0 0 0 0 0 0 0 0 
0 0 0 0 0 0 0 0 0 0 0 0 0 0 24 0 0 0 0 0 0 0 24 0 0 0 0 0 0 0 0 0 0 0 0 0 0 0 0 0 0 0 0 0 0 0 0 0 0 0 0 0 0 0 0 0 0 0 0 0 0 0 
0 0 0 0 0 0 0 0 0 0 0 0 0 0 0 0 0 0 0 0 0 0 0 0 0 0 0 0 0 0 0 0 0 0 0 0 0 0 0 0 0 0 0 0 0 0 0 0 0 0 0 0 0 0 0 0 0 0 0 0 0 0 
0 0 0 0 0 0 0 0 0 0 0 0 0 0 24 0 0 0 0 0 0 0 24 0 0 0 0 0 0 0 0 0 0 0 0 0 0 0 0 0 0 0 0 0 0 0 0 0 0 0 0 0 0 0 0 0 0 0 0 0 0 0 
0 0 0 0 0 0 0 0 0 0 0 0 0 0 0 0 0 0 0 0 0 0 0 0 0 0 0 0 0 0 0 0 0 0 0 0 0 0 0 0 0 0 0 0 0 0 0 0 0 0 0 0 0 0 0 0 0 0 0 0 0 0 
0 0 0 0 0 0 0 0 0 0 0 0 0 0 24 0 0 0 0 0 0 0 24 0 0 0 0 0 0 0 0 0 0 0 0 0 0 0 0 0 0 0 0 0 0 0 0 0 0 0 0 0 0 0 0 0 0 0 0 0 0 0 
0 0 0 0 0 0 0 0 0 0 0 0 0 0 0 0 0 0 0 0 0 0 0 0 0 0 0 0 0 0 0 0 0 0 0 0 0 0 0 0 0 0 0 0 0 0 0 0 0 0 0 0 0 0 0 0 0 0 0 0 0 0 
0 0 0 0 0 0 0 0 0 0 0 0 0 0 24 0 0 0 0 0 0 0 24 0 0 0 0 0 0 0 0 0 0 0 0 0 0 0 0 0 0 0 0 0 0 0 0 0 0 0 0 0 0 0 0 0 0 0 0 0 0 0 
0 0 0 0 0 0 0 0 0 0 0 0 0 0 0 0 0 0 0 0 0 0 0 0 0 0 0 0 0 0 0 0 0 0 0 0 0 0 0 0 0 0 0 0 0 0 0 0 0 0 0 0 0 0 0 0 0 0 0 0 0 0 
0 0 0 0 0 0 0 0 0 0 0 0 0 0 24 0 0 0 0 0 0 0 24 0 0 0 0 0 0 0 0 0 0 0 0 0 0 0 0 0 0 0 0 0 0 0 0 0 0 0 0 0 0 0 0 0 0 0 0 0 0 0 
0 0 0 0 0 0 0 0 0 0 0 0 0 0 0 0 0 0 0 0 0 0 0 0 0 0 0 0 0 0 0 0 0 0 0 0 0 0 0 0 0 0 0 0 0 0 0 0 0 0 0 0 0 0 0 0 0 0 0 0 0 0 
0 0 0 0 0 0 0 0 0 0 0 0 0 0 24 0 0 0 0 0 0 0 24 0 0 0 0 0 0 0 0 0 0 0 0 0 0 0 0 0 0 0 0 0 0 0 0 0 0 0 0 0 0 0 0 0 0 0 0 0 0 0 
0 0 0 0 0 0 0 0 0 0 0 0 0 0 0 0 0 0 0 0 0 0 0 0 0 0 0 0 0 0 0 0 0 0 0 0 0 0 0 0 0 0 0 0 0 0 0 0 0 0 0 0 0 0 0 0 0 0 0 0 0 0 
0 0 0 0 0 0 0 0 0 0 0 0 0 0 24 0 36 0 31 0 0 0 24 0 0 0 0 0 0 0 0 0 0 0 0 0 0 0 0 0 0 0 0 0 0 0 0 0 0 0 0 0 0 0 0 0 0 0 0 0 0 0 
0 0 0 0 0 0 0 0 0 0 0 0 0 0 0 0 0 0 0 0 36 0 0 0 0 0 0 0 0 0 0 0 0 0 0 0 0 0 0 0 0 0 0 0 0 0 0 0 0 0 0 0 0 0 0 0 0 0 0 0 0 0 
0 0 0 0 0 0 0 0 0 0 24 0 31 0 0 0 0 0 0 0 0 0 0 0 0 0 0 0 0 0 0 0 0 0 0 0 0 0 0 0 0 0 0 0 0 0 0 0 0 0 0 0 0 0 0 0 0 0 0 0 0 0 
0 0 0 0 0 0 0 0 0 0 0 0 25 0 25 0 0 0 0 0 0 0 37 0 0 0 0 0 0 0 0 0 0 0 0 0 0 0 0 0 0 0 0 0 0 0 0 0 0 0 0 0 0 0 0 0 0 0 0 0 0 0 
0 0 0 0 0 0 0 0 0 0 25 0 0 0 37 0 0 0 0 0 0 0 24 0 0 0 0 0 0 0 0 0 0 0 0 0 0 0 0 0 0 0 0 0 0 0 0 0 0 0 0 0 0 0 0 0 0 0 0 0 0 0 
0 0 0 0 0 0 0 0 0 0 0 0 0 0 24 0 0 0 0 0 0 0 0 0 0 0 0 0 0 0 0 0 0 0 0 0 0 0 0 0 0 0 0 0 0 0 0 0 0 0 0 0 0 0 0 0 0 0 0 0 0 0 
0 0 0 0 0 0 0 0 0 0 0 0 0 0 0 0 0 0 0 0 0 0 24 0 0 0 0 0 0 0 0 0 0 0 0 0 0 0 0 0 0 0 0 0 0 0 0 0 0 0 0 0 0 0 0 0 0 0 0 0 0 0 
0 0 0 0 0 0 0 0 0 0 0 0 0 0 0 0 0 0 0 0 0 0 0 0 0 0 0 0 0 0 0 0 0 0 0 0 0 0 0 0 0 0 0 0 0 0 0 0 0 0 0 0 0 0 0 0 0 0 0 0 0 0 
0 0 0 0 0 0 0 0 0 0 0 0 0 0 0 0 41 0 0 0 41 0 0 0 41 0 41 0 0 0 0 0 0 0 0 0 0 0 0 0 0 0 0 0 0 0 0 0 0 0 0 0 0 0 0 0 0 0 0 0 0 0 
decorations 0

layer // layer 2
name Main
offset 0 0
cells_offset -40 -680
scroll_scale_factor_1 1 1
scroll_scale_factor_2 1 1
cell_size 40 40
width 32
height 40
cells
0 0 0 2 2 2 2 2 2 2 2 2 2 2 2 2 2 2 2 2 2 2 2 2 2 2 2 2 2 2 2 2 
2 2 2 2 0 0 0 0 0 0 0 0 0 0 0 0 0 2 2 0 0 0 0 0 0 0 0 0 0 0 0 2 
2 0 0 0 0 0 0 0 0 0 0 0 0 0 0 0 0 2 2 0 0 0 0 0 0 0 0 0 0 0 0 2 
2 0 0 0 0 0 0 0 0 0 0 0 0 0 0 0 0 0 0 0 0 2 2 0 0 0 2 2 2 2 2 2 
2 2 2 2 0 0 0 0 0 0 0 0 0 0 0 0 0 0 0 0 0 2 0 0 0 0 0 2 0 0 0 0 
0 0 0 2 2 2 2 2 2 2 2 0 0 0 0 0 0 0 0 0 0 2 0 0 0 0 0 2 0 0 0 0 
0 0 0 0 2 2 2 2 2 2 2 2 2 2 2 2 2 2 2 0 0 2 0 0 0 0 0 2 0 0 0 0 
0 0 0 0 0 0 0 0 0 0 0 0 0 0 0 0 0 2 0 0 0 2 0 0 0 0 0 2 0 0 0 0 
0 0 0 0 0 0 0 2 2 2 2 2 2 2 2 2 2 2 0 0 0 2 0 0 0 0 0 2 0 0 0 0 
0 0 0 0 0 0 0 2 0 0 0 0 0 0 0 0 2 2 2 2 2 2 0 0 0 0 0 2 0 0 0 0 
0 0 0 0 0 0 0 2 0 0 0 0 0 0 0 0 0 0 2 0 0 2 0 0 0 0 0 2 0 0 0 0 
0 0 0 0 0 0 0 2 0 2 2 2 0 0 0 2 0 0 2 0 0 0 0 0 0 0 0 2 0 0 0 0 
0 0 0 0 0 0 0 2 0 2 0 2 0 0 0 2 0 0 2 2 2 2 2 0 0 0 2 2 2 2 0 0 
0 0 0 0 0 2 0 2 0 2 0 2 0 0 0 2 0 0 0 0 0 0 0 0 0 0 0 0 0 2 0 0 
0 0 0 0 0 0 0 2 0 2 0 2 0 0 0 2 0 0 0 0 0 0 0 0 0 0 0 0 0 2 0 0 
0 0 0 0 0 0 0 2 0 2 0 2 0 0 0 2 0 0 0 0 0 0 0 0 0 0 0 0 0 2 0 0 
0 0 0 0 0 0 0 2 0 2 0 2 0 0 0 2 0 2 2 2 2 2 2 2 2 2 2 0 0 2 2 2 
0 0 0 0 0 0 0 2 0 2 0 2 0 0 0 2 0 0 0 0 0 0 0 0 0 0 0 0 0 0 0 2 
0 0 0 0 0 0 0 2 0 2 0 2 0 0 0 2 2 2 2 2 2 2 2 2 2 2 2 2 2 2 2 2 
0 0 0 0 0 0 0 2 0 2 0 2 0 0 0 2 0 0 0 0 0 0 0 0 0 0 0 0 0 0 0 0 
0 0 0 0 0 0 0 2 0 2 0 2 0 0 0 2 0 0 0 0 0 0 0 0 0 0 0 0 0 0 0 0 
0 0 0 0 0 0 0 2 0 2 0 2 0 0 0 2 0 0 0 0 0 0 0 0 0 0 0 0 0 0 0 0 
0 0 0 0 0 0 0 2 0 2 0 2 0 0 0 2 0 0 0 0 0 0 0 0 0 0 0 0 0 0 0 0 
0 0 0 0 0 0 0 2 0 2 0 2 0 0 0 2 0 0 0 0 0 0 0 0 0 0 0 0 0 0 0 0 
0 0 0 0 0 0 0 2 0 2 0 2 0 0 0 2 0 0 0 0 0 0 0 0 0 0 0 0 0 0 0 0 
0 0 0 0 0 0 0 2 0 2 0 2 0 0 0 2 0 0 0 0 0 0 0 0 0 0 0 0 0 0 0 0 
0 0 0 0 0 0 0 2 0 2 0 2 0 0 0 2 0 0 0 0 0 0 0 0 0 0 0 0 0 0 0 0 
0 0 0 0 0 0 0 2 0 2 0 2 0 0 0 2 0 0 0 0 0 0 0 0 0 0 0 0 0 0 0 0 
0 0 0 0 0 0 0 2 0 2 0 2 0 0 0 2 0 0 0 0 0 0 0 0 0 0 0 0 0 0 0 0 
0 0 0 0 0 0 0 2 0 2 2 2 0 0 0 2 0 0 0 0 0 0 0 0 0 0 0 0 0 0 0 0 
0 0 0 0 0 0 0 2 0 2 2 2 0 0 0 2 0 0 0 0 0 0 0 0 0 0 0 0 0 0 0 0 
0 0 0 0 0 0 0 2 0 0 0 2 0 0 0 2 0 0 0 0 0 0 0 0 0 0 0 0 0 0 0 0 
0 0 0 0 0 0 0 2 0 0 0 0 0 0 0 2 0 0 0 0 0 0 0 0 0 0 0 0 0 0 0 0 
0 0 0 0 0 2 2 2 0 0 0 0 0 0 0 2 0 0 0 0 0 0 0 0 0 0 0 0 0 0 0 0 
0 0 0 0 0 2 0 0 0 0 0 2 0 0 0 2 0 0 0 0 0 0 0 0 0 0 0 0 0 0 0 0 
0 0 0 0 0 2 2 2 0 0 0 2 0 0 0 2 0 0 0 0 0 0 0 0 0 0 0 0 0 0 0 0 
0 0 0 0 0 2 2 2 0 0 0 2 0 0 0 2 0 0 0 0 0 0 0 0 0 0 0 0 0 0 0 0 
0 0 0 0 0 0 0 2 2 2 2 2 0 0 0 2 0 0 0 0 0 0 0 0 0 0 0 0 0 0 0 0 
0 0 0 0 0 0 0 2 0 0 0 2 2 2 2 2 0 0 0 0 0 0 0 0 0 0 0 0 0 0 0 0 
0 0 0 0 0 0 0 0 0 0 0 0 0 0 0 0 0 0 0 0 0 0 0 0 0 0 0 0 0 0 0 0 
sprite_cells
31 0 0 0 31 0 0 0 38 0 32 0 33 0 34 0 38 0 38 0 32 0 33 0 34 0 38 0 31 0 0 0 31 0 0 0 31 0 0 0 38 0 31 0 0 0 32 0 33 0 34 0 38 0 32 0 33 0 34 0 42 0 35 0 
24 0 31 0 0 0 38 0 0 0 0 0 0 0 0 0 0 0 0 0 0 0 0 0 0 0 0 0 0 0 0 0 0 0 43 0 0 0 0 0 0 0 0 0 0 0 0 0 0 0 0 0 0 0 0 0 0 0 0 0 0 0 38 0 
0 0 0 0 0 0 0 0 0 0 0 0 0 0 0 0 0 0 0 0 0 0 0 0 0 0 0 0 0 0 0 0 0 0 0 0 0 0 0 0 0 0 0 0 0 0 0 0 0 0 0 0 0 0 0 0 0 0 0 0 0 0 24 0 
38 0 0 0 0 0 0 0 0 0 0 0 0 0 0 0 0 0 0 0 0 0 0 0 0 0 0 0 0 0 0 0 0 0 0 0 0 0 0 0 0 0 31 0 0 0 0 0 0 0 0 0 38 0 38 0 38 0 31 0 0 0 0 0 
24 0 31 0 0 0 24 0 0 0 0 0 0 0 0 0 0 0 0 0 0 0 0 0 0 0 0 0 0 0 0 0 0 0 0 0 0 0 0 0 0 0 44 0 0 0 0 0 0 0 0 0 0 0 44 0 0 0 0 0 0 0 24 0 
0 0 45 0 46 0 0 0 40 0 39 0 39 0 39 0 39 0 39 0 40 0 0 0 0 0 0 0 0 0 0 0 0 0 0 0 0 0 0 0 0 0 44 0 0 0 0 0 0 0 0 0 0 0 44 0 0 0 0 0 0 0 0 0 
31 0 0 0 31 0 0 0 31 0 0 0 38 0 38 0 38 0 31 0 0 0 31 0 0 0 31 0 0 0 38 0 35 0 31 0 0 0 0 0 0 0 44 0 0 0 0 0 0 0 0 0 0 0 44 0 0 0 0 0 0 0 24 0 
0 0 0 0 0 0 0 0 0 0 24 0 47 0 48 0 48 0 48 0 49 0 0 0 50 0 0 0 0 0 50 0 0 0 24 0 0 0 0 0 0 0 44 0 0 0 0 0 0 0 0 0 0 0 44 0 0 0 0 0 0 0 0 0 
0 0 0 0 0 0 0 0 0 0 0 0 51 0 24 0 38 0 38 0 42 0 31 0 0 0 31 0 0 0 31 0 0 0 0 0 0 0 0 0 0 0 44 0 0 0 0 0 0 0 0 0 0 0 44 0 0 0 0 0 0 0 24 0 
0 0 0 0 0 0 0 0 0 0 24 0 51 0 0 0 0 0 0 0 0 0 0 0 0 0 0 0 0 0 0 0 38 0 38 0 24 0 32 0 34 0 38 0 0 0 0 0 0 0 0 0 0 0 24 0 0 0 0 0 0 0 0 0 
0 0 0 0 0 0 0 0 0 0 0 0 51 0 24 0 0 0 0 0 0 0 0 0 0 0 0 0 0 0 0 0 0 0 0 0 0 0 0 0 0 0 52 0 0 0 0 0 0 0 0 0 0 0 0 0 0 0 0 0 0 0 35 0 
0 0 0 0 0 0 0 0 0 0 24 0 51 0 0 0 0 0 38 0 43 0 0 0 0 0 0 0 0 0 24 0 0 0 0 0 38 0 0 0 0 0 53 0 0 0 0 0 0 0 0 0 0 0 38 0 0 0 0 0 0 0 35 0 
0 0 0 0 0 0 0 0 0 0 0 0 51 0 24 0 0 0 38 0 0 0 0 0 0 0 0 0 0 0 0 0 0 0 0 0 31 0 0 0 54 0 55 0 38 0 0 0 0 0 0 0 35 0 31 0 0 0 38 0 0 0 24 0 
0 0 0 0 0 0 0 0 0 0 38 0 51 0 0 0 0 0 41 0 0 0 38 0 0 0 0 0 0 0 35 0 0 0 0 0 0 0 0 0 0 0 0 0 0 0 0 0 0 0 0 0 0 0 0 0 0 0 24 0 0 0 0 0 
0 0 0 0 0 0 0 0 0 0 24 0 51 0 38 0 0 0 0 0 0 0 38 0 0 0 0 0 0 0 38 0 0 0 0 0 0 0 0 0 0 0 0 0 0 0 0 0 0 0 0 0 0 0 0 0 0 0 0 0 0 0 24 0 
0 0 0 0 0 0 0 0 0 0 0 0 51 0 24 0 0 0 38 0 41 0 0 0 0 0 0 0 0 0 24 0 0 0 0 0 0 0 0 0 0 0 0 0 0 0 0 0 0 0 0 0 0 0 0 0 0 0 38 0 0 0 0 0 
0 0 0 0 0 0 0 0 0 0 35 0 51 0 0 0 0 0 38 0 0 0 0 0 0 0 0 0 0 0 0 0 0 0 38 0 35 0 56 0 57 0 57 0 57 0 57 0 57 0 58 0 59 0 0 0 0 0 52 0 31 0 0 0 
0 0 0 0 0 0 0 0 0 0 24 0 51 0 35 0 0 0 41 0 0 0 44 0 0 0 0 0 0 0 38 0 0 0 0 0 0 0 0 0 0 0 0 0 0 0 0 0 0 0 0 0 0 0 0 0 0 0 53 0 0 0 59 0 
0 0 0 0 0 0 0 0 0 0 0 0 51 0 44 0 0 0 0 0 0 0 38 0 0 0 0 0 0 0 24 0 24 0 31 0 0 0 38 0 31 0 0 0 31 0 0 0 31 0 0 0 56 0 58 0 35 0 55 0 56 0 58 0 
0 0 0 0 0 0 0 0 0 0 24 0 51 0 24 0 0 0 38 0 41 0 0 0 0 0 0 0 0 0 0 0 0 0 0 0 0 0 0 0 0 0 0 0 0 0 0 0 0 0 0 0 0 0 0 0 0 0 0 0 0 0 0 0 
0 0 0 0 0 0 0 0 0 0 0 0 51 0 0 0 0 0 38 0 0 0 0 0 0 0 0 0 0 0 38 0 0 0 60 0 0 0 0 0 0 0 0 0 0 0 0 0 0 0 0 0 0 0 0 0 0 0 0 0 0 0 0 0 
0 0 0 0 0 0 0 0 0 0 24 0 51 0 24 0 0 0 41 0 0 0 38 0 0 0 0 0 0 0 24 0 61 0 0 0 0 0 0 0 0 0 0 0 0 0 0 0 0 0 0 0 0 0 0 0 0 0 0 0 0 0 0 0 
0 0 0 0 0 0 0 0 0 0 0 0 51 0 0 0 0 0 0 0 0 0 38 0 0 0 0 0 0 0 0 0 0 0 62 0 0 0 0 0 0 0 0 0 0 0 0 0 0 0 0 0 0 0 0 0 0 0 0 0 0 0 0 0 
0 0 0 0 0 0 0 0 0 0 35 0 51 0 24 0 0 0 38 0 41 0 0 0 0 0 0 0 0 0 44 0 0 0 63 0 0 0 0 0 0 0 0 0 0 0 0 0 0 0 0 0 0 0 0 0 0 0 0 0 0 0 0 0 
0 0 0 0 0 0 0 0 0 0 35 0 51 0 0 0 0 0 38 0 0 0 0 0 0 0 0 0 0 0 44 0 0 0 63 0 0 0 0 0 0 0 0 0 0 0 0 0 0 0 0 0 0 0 0 0 0 0 0 0 0 0 0 0 
0 0 0 0 0 0 0 0 0 0 35 0 51 0 35 0 0 0 41 0 0 0 44 0 0 0 0 0 0 0 24 0 0 0 63 0 0 0 0 0 0 0 0 0 0 0 0 0 0 0 0 0 0 0 0 0 0 0 0 0 0 0 0 0 
0 0 0 0 0 0 0 0 0 0 24 0 51 0 44 0 0 0 0 0 0 0 38 0 0 0 0 0 0 0 0 0 64 0 65 0 66 0 0 0 0 0 0 0 0 0 0 0 0 0 0 0 0 0 0 0 0 0 0 0 0 0 0 0 
0 0 0 0 0 0 0 0 0 0 0 0 51 0 44 0 0 0 38 0 43 0 0 0 0 0 0 0 0 0 24 0 0 0 63 0 0 0 0 0 0 0 0 0 0 0 0 0 0 0 0 0 0 0 0 0 0 0 0 0 0 0 0 0 
0 0 0 0 0 0 0 0 0 0 35 0 51 0 38 0 0 0 38 0 0 0 0 0 0 0 0 0 0 0 0 0 0 0 63 0 0 0 0 0 0 0 0 0 0 0 0 0 0 0 0 0 0 0 0 0 0 0 0 0 0 0 0 0 
0 0 0 0 0 0 0 0 0 0 35 0 51 0 24 0 0 0 41 0 0 0 38 0 0 0 0 0 0 0 24 0 0 0 63 0 0 0 0 0 0 0 0 0 0 0 0 0 0 0 0 0 0 0 0 0 0 0 0 0 0 0 0 0 
0 0 0 0 0 0 0 0 0 0 24 0 51 0 0 0 0 0 0 0 0 0 24 0 0 0 0 0 0 0 0 0 0 0 63 0 0 0 0 0 0 0 0 0 0 0 0 0 0 0 0 0 0 0 0 0 0 0 0 0 0 0 0 0 
0 0 0 0 0 0 0 0 0 0 0 0 51 0 24 0 0 0 0 0 0 0 0 0 0 0 0 0 0 0 65 0 67 0 68 0 0 0 0 0 0 0 0 0 0 0 0 0 0 0 0 0 0 0 0 0 0 0 0 0 0 0 0 0 
0 0 0 0 0 0 0 0 0 0 38 0 51 0 0 0 0 0 0 0 0 0 0 0 0 0 0 0 0 0 24 0 0 0 0 0 0 0 0 0 0 0 0 0 0 0 0 0 0 0 0 0 0 0 0 0 0 0 0 0 0 0 0 0 
0 0 0 0 0 0 0 0 0 0 38 0 38 0 52 0 0 0 0 0 0 0 0 0 0 0 0 0 0 0 0 0 0 0 0 0 0 0 0 0 0 0 0 0 0 0 0 0 0 0 0 0 0 0 0 0 0 0 0 0 0 0 0 0 
0 0 0 0 0 0 0 0 0 0 24 0 0 0 53 0 0 0 0 0 0 0 24 0 0 0 0 0 0 0 24 0 0 0 0 0 0 0 0 0 0 0 0 0 0 0 0 0 0 0 0 0 0 0 0 0 0 0 0 0 0 0 0 0 
0 0 0 0 0 0 0 0 0 0 0 0 54 0 55 0 0 0 0 0 0 0 0 0 0 0 0 0 0 0 0 0 0 0 0 0 0 0 0 0 0 0 0 0 0 0 0 0 0 0 0 0 0 0 0 0 0 0 0 0 0 0 0 0 
0 0 0 0 0 0 0 0 0 0 24 0 38 0 24 0 0 0 0 0 0 0 24 0 0 0 0 0 0 0 38 0 0 0 0 0 0 0 0 0 0 0 0 0 0 0 0 0 0 0 0 0 0 0 0 0 0 0 0 0 0 0 0 0 
0 0 0 0 0 0 0 0 0 0 0 0 24 0 0 0 69 0 70 0 71 0 0 0 0 0 0 0 0 0 44 0 0 0 0 0 0 0 0 0 0 0 0 0 0 0 0 0 0 0 0 0 0 0 0 0 0 0 0 0 0 0 0 0 
0 0 0 0 0 0 0 0 0 0 24 0 0 0 38 0 40 0 39 0 39 0 40 0 39 0 39 0 40 0 38 0 0 0 0 0 0 0 0 0 0 0 0 0 0 0 0 0 0 0 0 0 0 0 0 0 0 0 0 0 0 0 0 0 
0 0 0 0 0 0 0 0 0 0 0 0 31 0 0 0 31 0 0 0 31 0 0 0 31 0 0 0 31 0 0 0 0 0 0 0 0 0 0 0 0 0 0 0 0 0 0 0 0 0 0 0 0 0 0 0 0 0 0 0 0 0 0 0 
decorations 9
40 -560 72 0
38 -529 73 0
644 81 63 0
662 166 74 0
841 -200 75 0
1040 -283 76 0
798 -380 77 0
559 -39 77 0
1160 40 75 0

} // layers

entities { 
hero/Skater 4 {
balloon true
position_in_layer 280 760
layer_index 2
}
ortho/sadStewie 9 {
anim_fwd teeth120_N
anim_bwd teeth120_N
speed_fwd 300
speed_bwd 160
move_distance 1000
col_offset 0 10
col_size 120 10
position_in_layer 440 -200
layer_index 2
}
Spec/Region 10 {
position_in_layer 520 520
layer_index 2
}
FanN 11 {
sprite none
region 10
force_multiplier 600
looping_sound none
position_in_layer 500 580
layer_index 2
}
Spec/Region 12 {
position_in_layer 440 240
layer_index 2
}
FanN 13 {
sprite none
region 12
force_multiplier 600
looping_sound none
position_in_layer 480 300
layer_index 2
}
Spec/Region 14 {
position_in_layer 480 -80
layer_index 2
}
FanN 15 {
sprite none
region 14
force_multiplier 600
looping_sound none
position_in_layer 480 -20
layer_index 2
}
ortho/sadStewie 16 {
orientation horizontal
anim_fwd teeth120_E
anim_bwd teeth120_E
speed_fwd 300
speed_bwd 240
move_distance 500
delay_to_fwd 1200
col_offset 20 0
col_size 10 120
position_in_layer 580 -160
layer_index 2
}
Spec/Region 17 {
size 40 240
position_in_layer 640 -280
layer_index 2
}
FanN 18 {
sprite none
region 17
direction right
force_multiplier 600
looping_sound none
position_in_layer 660 0
layer_index 2
}
Spec/Region 20 {
position_in_layer 840 -80
layer_index 2
}
FanN 21 {
sprite none
region 20
force_multiplier 600
looping_sound none
position_in_layer 820 0
layer_index 2
}
ortho/sadStewie 24 {
orientation horizontal
anim_fwd hero/bubble
anim_bwd hero/bubble
speed_fwd 160
speed_bwd 160
move_distance 160
start_delay 0 3000
col_offset -12 -12
col_size 24 24
killer false
magneto_killer false
bounce_power 400
position_in_layer 862 -266
layer_index 2
}
Spec/Region 46 {
size 120 40
position_in_layer 880 -560
layer_index 2
}
FanN 47 {
sprite none
region 46
direction down
force_multiplier 397
looping_sound none
position_in_layer 920 -640
layer_index 2
}
ortho/sadStewie 48 {
orientation horizontal
anim_fwd hero/bubble
anim_bwd hero/bubble
speed_fwd 160
speed_bwd 160
move_distance 160
start_delay 0 3000
col_offset -12 -12
col_size 24 24
killer false
magneto_killer false
bounce_power 400
position_in_layer 862 -330
layer_index 2
}
ortho/sadStewie 49 {
orientation horizontal
anim_fwd hero/bubble
anim_bwd hero/bubble
speed_fwd 160
speed_bwd 160
move_distance 160
start_delay 0 3000
col_offset -12 -12
col_size 24 24
killer false
magneto_killer false
bounce_power 400
position_in_layer 863 -395
layer_index 2
}
ortho/sadStewie 50 {
orientation horizontal
anim_fwd hero/bubble
anim_bwd hero/bubble
speed_fwd 160
speed_bwd 160
move_distance 160
start_delay 0 3000
col_offset -12 -12
col_size 24 24
killer false
magneto_killer false
bounce_power 400
position_in_layer 863 -457
layer_index 2
}
thorns/medium_E 51 {
position_in_layer 836 -385
layer_index 2
}
Device/Teleport 53 {
position_in_layer 360 -320
layer_index 2
}
Device/Teleport 54 {
target 53
position_in_layer 200 680
layer_index 2
}
DoorSingleH 56 {
position_in_layer 600 -40
layer_index 2
}
Device/Teleport 58 {
target 59
position_in_layer 760 -240
layer_index 2
}
Device/Teleport 59 {
position_in_layer 1160 -640
layer_index 2
}
Device/Respawn 60 {
position_in_layer 1100 -600
layer_index 2
}
Break/Bridge 62 {
position_in_layer 960 -80
layer_index 2
}
Break/Bridge 63 {
operate 62
position_in_layer 920 -120
layer_index 2
}
Break/Bridge 64 {
operate 63
position_in_layer 880 -160
layer_index 2
}
Device/button_W 65 {
operate 93
position_in_layer 760 -380
layer_index 2
}
Spec/Region 68 {
size 200 40
position_in_layer 320 -560
layer_index 2
}
FanN 72 {
sprite none
region 68
direction left
force_multiplier 1000
looping_sound none
position_in_layer 600 -620
layer_index 2
}
bot/UFO 75 {
speed_fwd 0
speed_bwd 0
shot_delay 700 700
position_in_layer 391 -637
layer_index 2
}
Break/Bridge 81 {
position_in_layer 400 -600
layer_index 2
}
Spec/LevelExit 84 {
closed_sprite none
opened_sprite none
position_in_layer 40 -560
layer_index 2
}
thorns/medium_W 86 {
position_in_layer 301 494
layer_index 2
}
thorns/big_W 87 {
position_in_layer 299 -210
layer_index 2
}
thorns/big_E 89 {
position_in_layer 277 418
layer_index 2
}
Spec/Region 90 {
balloon true
magneto false
killer true
position_in_layer 240 680
layer_index 2
}
Spec/Region 91 {
balloon true
magneto false
killer true
position_in_layer 800 -240
layer_index 2
}
Device/Lever_N 92 {
operate 64
position_in_layer 1160 0
layer_index 2
}
Spec/Actions/Camera 93 {
a1_target 56
a2_target 56
position_in_layer 540 -306
layer_index 2
}
Crate/solid 94 {
position_in_layer 1040 -580
layer_index 2
}
Crate/solid 95 {
position_in_layer 380 -260
layer_index 2
}
teeth80_E 97 {
position_in_layer 660 -400
layer_index 2
}
Device/Respawn 98 {
position_in_layer 340 760
layer_index 2
}
Device/button_S 101 {
operate 81
position_in_layer 300 -640
layer_index 2
}
Spec/Region 102 {
balloon true
magneto false
killer true
position_in_layer 1120 0
layer_index 2
}
} // entities
