sprite_table {
 dirt_small 1
 blueplate_19 2
 blueplate_16 3
 blueplate_15 4
 dirt/stargate1 5
 dirt/stargate2 6
 blueplate_00 7
 dirt/stargate4 8
 blueplate_08 9
 blueplate_20 10
 dirt/stargate3 11
 blueplate_10 12
 dirt 13
 dirt/boulder2 14
 blueplate_17 15
 blueplate_11 16
 blueplate_12 17
 dirt/rocket 18
 dirt/boulder1 19
 dirt/boulder3 20
 dirt/hole 21
 dirt/tablet 22
 blueplate_01 23
 wall_yellow_02 24
 wall_yellowx_3 25
 wall_yellowx_4 26
 wall_yellowx_5 27
 shadow_fix_01 28
 wall_yellow_03 29
 shadow_fix_02 30
 wall_yellow_04 31
 wall_yellow_06 32
 wall_yellow_01 33
 metal_fatpipe_01 34
 metal_pipejoint_01 35
 metal_pipe_09 36
 metal_pipejoint_03 37
 wall_stoneB_02 38
 wall_yellow_09b 39
 wall_noidea_11 40
 wall_noidea_10 41
 wall_yellow_07 42
 wall_yellow_08 43
 wall_yellow_09 44
 wall_yellow_11 45
 wall_stoneA_03 46
 wall_yellow_12 47
 wall_yellow_13 48
 wall_metalA_02 49
 wall_metalA_01 50
 wall_yellow_10 51
 mandi 52
 sign/exit 53
 wire_2E 54
 wire_2H 55
 wire_2S 56
 wire_2V 57
 wire_2N 58
} // sprite_table

layers {
clear_screen true
layer // layer 0
name noname
offset 0 0
cells_offset -120 280
scroll_scale_factor_1 1 1
scroll_scale_factor_2 1 1
cell_size 40 40
width 26
height 16
no_cells
sprite_cells
1 0 1 0 1 0 0 0 0 0 0 0 0 0 0 0 0 0 0 0 0 0 2 0 2 0 2 0 0 0 0 0 0 0 0 0 0 0 0 0 0 0 0 0 0 0 0 0 0 0 0 0 
1 0 1 0 1 0 0 0 0 0 0 0 0 0 0 0 0 0 0 0 0 0 0 0 0 0 2 0 0 0 0 0 3 0 3 0 4 0 3 0 3 0 3 0 4 0 3 0 3 0 0 0 
5 0 0 0 6 0 0 0 0 0 0 0 0 0 0 0 0 0 0 0 0 0 2 0 2 0 2 0 0 0 7 0 0 0 0 0 0 0 0 0 0 0 0 0 0 0 0 0 0 0 7 0 
8 0 1 0 0 0 0 0 9 0 0 0 9 0 0 0 0 0 0 0 0 0 2 0 2 0 2 0 0 0 0 0 2 0 2 0 0 0 0 0 0 0 0 0 0 0 10 0 10 0 0 0 
0 0 11 0 0 0 0 0 7 0 9 0 0 0 7 0 0 0 0 0 0 0 2 0 2 0 2 0 2 0 0 0 2 0 2 0 0 0 12 0 12 0 12 0 12 0 12 0 12 0 0 0 
13 0 0 0 14 0 0 0 9 0 0 0 9 0 0 0 15 0 15 0 0 0 0 0 15 0 15 0 15 0 0 0 0 0 0 0 0 0 0 0 10 0 10 0 0 0 0 0 0 0 0 0 
14 0 0 0 1 0 0 0 2 0 0 0 0 0 0 0 0 0 0 0 16 0 17 0 0 0 0 0 0 0 17 0 17 0 17 0 17 0 17 0 17 0 17 0 17 0 17 0 17 0 0 0 
13 0 18 0 1 0 0 0 12 0 0 0 0 0 0 0 0 0 0 0 0 0 0 0 0 0 0 0 0 0 0 0 0 0 0 0 0 0 0 0 0 0 0 0 0 0 0 0 0 0 0 0 
19 0 0 0 20 0 0 0 2 0 0 0 0 0 0 0 0 0 0 0 0 0 0 0 0 0 0 0 0 0 0 0 0 0 0 0 0 0 0 0 0 0 0 0 0 0 0 0 0 0 0 0 
13 0 0 0 1 0 0 0 2 0 0 0 0 0 0 0 0 0 0 0 0 0 0 0 0 0 0 0 0 0 0 0 0 0 0 0 0 0 0 0 0 0 0 0 0 0 0 0 0 0 0 0 
0 0 20 0 21 0 0 0 12 0 0 0 0 0 0 0 0 0 0 0 0 0 0 0 0 0 0 0 0 0 0 0 0 0 0 0 0 0 0 0 0 0 0 0 0 0 0 0 0 0 0 0 
22 0 13 0 0 0 0 0 2 0 0 0 0 0 0 0 0 0 0 0 0 0 0 0 0 0 0 0 0 0 0 0 0 0 0 0 0 0 0 0 0 0 0 0 0 0 0 0 0 0 0 0 
0 0 19 0 0 0 0 0 2 0 0 0 0 0 0 0 0 0 0 0 0 0 0 0 0 0 0 0 0 0 0 0 0 0 0 0 0 0 0 0 0 0 0 0 0 0 0 0 0 0 0 0 
13 0 0 0 14 0 0 0 12 0 0 0 0 0 0 0 0 0 0 0 0 0 0 0 0 0 0 0 0 0 0 0 0 0 0 0 0 0 0 0 0 0 0 0 0 0 0 0 0 0 0 0 
0 0 0 0 0 0 0 0 2 0 0 0 0 0 0 0 0 0 0 0 0 0 0 0 0 0 0 0 0 0 0 0 0 0 0 0 0 0 0 0 0 0 0 0 0 0 0 0 0 0 0 0 
23 0 23 0 23 0 15 0 15 0 15 0 0 0 0 0 0 0 0 0 0 0 0 0 0 0 0 0 0 0 0 0 0 0 0 0 0 0 0 0 0 0 0 0 0 0 0 0 0 0 0 0 
decorations 0

layer // layer 1
name noname
offset 15 15
cells_offset -160 240
scroll_scale_factor_1 1 1
scroll_scale_factor_2 1 1
cell_size 40 40
width 27
height 17
shadow
no_cells
sprite_cells
0 0 0 0 0 0 0 0 0 0 0 0 0 0 0 0 0 0 0 0 0 0 2 0 2 0 2 0 2 0 0 0 0 0 0 0 0 0 0 0 0 0 0 0 0 0 0 0 0 0 0 0 0 0 
24 0 25 0 26 0 27 0 0 0 0 0 0 0 0 0 0 0 0 0 0 0 2 0 0 0 28 0 0 0 0 0 29 0 0 0 29 0 0 0 29 0 0 0 29 0 0 0 29 0 0 0 0 0 
0 0 0 0 0 0 0 0 0 0 0 0 0 0 0 0 0 0 0 0 0 0 2 0 2 0 2 0 0 0 24 0 24 0 0 0 0 0 0 0 0 0 0 0 0 0 0 0 0 0 30 0 31 0 
24 0 0 0 0 0 0 0 29 0 0 0 29 0 0 0 31 0 0 0 0 0 31 0 0 0 0 0 0 0 0 0 0 0 0 0 0 0 0 0 0 0 0 0 0 0 28 0 0 0 0 0 0 0 
0 0 0 0 0 0 0 0 24 0 0 0 0 0 0 0 0 0 0 0 0 0 24 0 30 0 2 0 2 0 31 0 24 0 0 0 0 0 24 0 29 0 0 0 29 0 0 0 0 0 0 0 0 0 
24 0 0 0 0 0 0 0 0 0 0 0 0 0 0 0 30 0 29 0 0 0 0 0 28 0 0 0 0 0 0 0 0 0 0 0 0 0 0 0 28 0 0 0 0 0 0 0 0 0 0 0 0 0 
0 0 0 0 0 0 0 0 24 0 0 0 0 0 0 0 28 0 0 0 0 0 29 0 0 0 0 0 0 0 30 0 29 0 0 0 29 0 0 0 31 0 0 0 30 0 29 0 0 0 31 0 0 0 
24 0 0 0 0 0 0 0 0 0 0 0 0 0 0 0 31 0 0 0 0 0 0 0 0 0 0 0 0 0 0 0 0 0 0 0 0 0 0 0 0 0 0 0 0 0 0 0 0 0 0 0 0 0 
0 0 0 0 0 0 0 0 24 0 0 0 0 0 0 0 0 0 0 0 0 0 0 0 0 0 0 0 0 0 0 0 0 0 0 0 0 0 0 0 0 0 0 0 0 0 0 0 0 0 0 0 0 0 
24 0 0 0 0 0 0 0 0 0 0 0 0 0 0 0 0 0 0 0 0 0 0 0 0 0 0 0 0 0 0 0 0 0 0 0 0 0 0 0 0 0 0 0 0 0 0 0 0 0 0 0 0 0 
0 0 0 0 0 0 0 0 24 0 0 0 0 0 0 0 0 0 0 0 0 0 0 0 0 0 0 0 0 0 0 0 0 0 0 0 0 0 0 0 0 0 0 0 0 0 0 0 0 0 0 0 0 0 
24 0 0 0 0 0 0 0 0 0 0 0 0 0 0 0 0 0 0 0 0 0 0 0 0 0 0 0 0 0 0 0 0 0 0 0 0 0 0 0 0 0 0 0 0 0 0 0 0 0 0 0 0 0 
0 0 0 0 0 0 0 0 24 0 0 0 0 0 0 0 0 0 0 0 0 0 0 0 0 0 0 0 0 0 0 0 0 0 0 0 0 0 0 0 0 0 0 0 0 0 0 0 0 0 0 0 0 0 
24 0 0 0 0 0 0 0 0 0 0 0 0 0 0 0 0 0 0 0 0 0 0 0 0 0 0 0 0 0 0 0 0 0 0 0 0 0 0 0 0 0 0 0 0 0 0 0 0 0 0 0 0 0 
0 0 0 0 0 0 0 0 24 0 0 0 0 0 0 0 0 0 0 0 0 0 0 0 0 0 0 0 0 0 0 0 0 0 0 0 0 0 0 0 0 0 0 0 0 0 0 0 0 0 0 0 0 0 
29 0 0 0 29 0 0 0 0 0 30 0 32 0 0 0 0 0 0 0 0 0 0 0 0 0 0 0 0 0 0 0 0 0 0 0 0 0 0 0 0 0 0 0 0 0 0 0 0 0 0 0 0 0 
24 0 0 0 0 0 0 0 0 0 0 0 0 0 0 0 0 0 0 0 0 0 0 0 0 0 0 0 0 0 0 0 0 0 0 0 0 0 0 0 0 0 0 0 0 0 0 0 0 0 0 0 0 0 
decorations 0

layer // layer 2
name Main
offset 0 0
cells_offset -160 240
scroll_scale_factor_1 1 1
scroll_scale_factor_2 1 1
cell_size 40 40
width 28
height 19
cells
0 0 0 0 0 0 0 0 0 0 0 2 2 2 2 2 0 0 0 0 0 0 0 0 0 0 0 0 
0 0 0 0 0 0 0 0 0 0 0 2 0 0 0 2 2 2 12290 12290 12290 12290 12290 12290 12290 2 2 0 
0 0 0 0 0 0 0 0 0 0 0 2 2 2 0 2 2 0 0 0 0 0 0 0 0 0 2 2 
0 0 0 0 2 12290 2 2 2 2 0 2 0 0 0 2 0 0 0 0 0 0 0 0 0 0 0 2 
0 0 0 0 2 0 0 0 0 2 0 2 0 2 2 2 2 0 0 2 2 12314 12314 2 0 0 2 2 
0 0 0 0 2 0 0 0 0 2 2 2 0 0 0 0 2 0 0 2 0 0 0 0 0 0 2 0 
0 0 0 0 2 0 0 0 0 0 0 2 2 0 0 0 2 2 2 2 2 0 0 2 2 2 2 0 
0 0 0 0 1538 0 2 2 2 0 0 0 0 0 0 0 0 0 0 0 0 0 0 0 0 0 2 0 
0 0 0 0 1538 0 2 2 2 2 2 2 2 2 2 2 2 2 2 2 2 2 2 2 2 2 2 0 
0 0 0 0 1538 0 2 2 0 0 0 0 0 0 0 0 0 0 0 0 0 0 0 0 0 0 0 0 
0 0 0 0 1538 0 2 2 0 0 0 0 0 0 0 0 0 0 0 0 0 0 0 0 0 0 0 0 
0 0 0 0 1538 0 2 2 0 0 0 0 0 0 0 0 0 0 0 0 0 0 0 0 0 0 0 0 
0 0 0 0 1538 0 2 2 0 0 0 0 0 0 0 0 0 0 0 0 0 0 0 0 0 0 0 0 
0 0 0 0 1538 0 2 2 0 0 0 0 0 0 0 0 0 0 0 0 0 0 0 0 0 0 0 0 
0 0 0 0 1538 0 2 2 0 0 0 0 0 0 0 0 0 0 0 0 0 0 0 0 0 0 0 0 
2 2 2 2 2 0 2 2 0 0 0 0 0 0 0 0 0 0 0 0 0 0 0 0 0 0 0 0 
2 0 0 0 0 0 0 2 0 0 0 0 0 0 0 0 0 0 0 0 0 0 0 0 0 0 0 0 
2 0 0 0 0 0 0 2 0 0 0 0 0 0 0 0 0 0 0 0 0 0 0 0 0 0 0 0 
2 2 2 2 2 2 2 2 0 0 0 0 0 0 0 0 0 0 0 0 0 0 0 0 0 0 0 0 
sprite_cells
0 0 0 0 0 0 0 0 0 0 0 0 0 0 0 0 0 0 0 0 0 0 29 0 0 0 31 0 29 0 0 0 31 0 29 0 0 0 29 0 0 0 29 0 0 0 29 0 0 0 31 0 29 0 0 0 
24 0 25 0 26 0 27 0 24 0 31 0 29 0 0 0 29 0 0 0 29 0 0 0 0 0 0 0 0 0 33 0 0 0 31 0 34 0 34 0 35 0 36 0 37 0 34 0 34 0 29 0 0 0 38 0 
0 0 0 0 0 0 0 0 0 0 29 0 0 0 32 0 32 0 39 0 40 0 39 0 32 0 32 0 0 0 0 0 0 0 0 0 0 0 0 0 0 0 0 0 0 0 0 0 0 0 0 0 29 0 0 0 
24 0 0 0 0 0 0 0 24 0 34 0 29 0 0 0 29 0 0 0 41 0 31 0 0 0 0 0 0 0 31 0 0 0 0 0 0 0 0 0 0 0 0 0 0 0 0 0 0 0 0 0 0 0 31 0 
0 0 0 0 0 0 0 0 0 0 0 0 0 0 0 0 0 0 39 0 41 0 39 0 0 0 32 0 32 0 29 0 0 0 0 0 0 0 29 0 0 0 34 0 34 0 32 0 0 0 0 0 29 0 0 0 
24 0 0 0 0 0 0 0 24 0 0 0 0 0 0 0 0 0 42 0 43 0 44 0 0 0 0 0 0 0 0 0 24 0 0 0 0 0 45 0 0 0 0 0 0 0 0 0 0 0 0 0 31 0 38 0 
0 0 0 0 0 0 0 0 0 0 0 0 0 0 0 0 0 0 0 0 0 0 29 0 0 0 0 0 0 0 0 0 0 0 46 0 31 0 29 0 0 0 0 0 0 0 32 0 47 0 48 0 29 0 0 0 
24 0 0 0 0 0 0 0 49 0 0 0 33 0 0 0 31 0 0 0 0 0 0 0 0 0 0 0 0 0 0 0 0 0 0 0 0 0 0 0 0 0 0 0 0 0 0 0 0 0 0 0 33 0 0 0 
0 0 0 0 0 0 0 0 49 0 0 0 0 0 0 0 24 0 47 0 48 0 48 0 48 0 48 0 24 0 47 0 24 0 47 0 24 0 47 0 48 0 48 0 48 0 48 0 48 0 48 0 0 0 0 0 
24 0 0 0 0 0 0 0 50 0 0 0 33 0 0 0 0 0 47 0 48 0 48 0 48 0 48 0 0 0 47 0 0 0 47 0 0 0 47 0 48 0 48 0 48 0 48 0 48 0 48 0 29 0 0 0 
0 0 0 0 0 0 0 0 0 0 0 0 0 0 0 0 0 0 0 0 0 0 0 0 0 0 0 0 0 0 0 0 0 0 0 0 0 0 0 0 0 0 0 0 0 0 0 0 0 0 0 0 0 0 0 0 
24 0 0 0 0 0 0 0 49 0 0 0 45 0 45 0 0 0 0 0 0 0 0 0 0 0 0 0 0 0 0 0 0 0 0 0 0 0 0 0 0 0 0 0 0 0 0 0 0 0 0 0 0 0 0 0 
0 0 0 0 0 0 0 0 50 0 0 0 51 0 51 0 0 0 0 0 0 0 0 0 0 0 0 0 0 0 0 0 0 0 0 0 0 0 0 0 0 0 0 0 0 0 0 0 0 0 0 0 0 0 0 0 
24 0 0 0 0 0 0 0 0 0 0 0 51 0 51 0 0 0 0 0 0 0 0 0 0 0 0 0 0 0 0 0 0 0 0 0 0 0 0 0 0 0 0 0 0 0 0 0 0 0 0 0 0 0 0 0 
0 0 0 0 0 0 0 0 49 0 0 0 33 0 0 0 0 0 0 0 0 0 0 0 0 0 0 0 0 0 0 0 0 0 0 0 0 0 0 0 0 0 0 0 0 0 0 0 0 0 0 0 0 0 0 0 
29 0 0 0 29 0 0 0 32 0 0 0 0 0 0 0 0 0 0 0 0 0 0 0 0 0 0 0 0 0 0 0 0 0 0 0 0 0 0 0 0 0 0 0 0 0 0 0 0 0 0 0 0 0 0 0 
24 0 0 0 0 0 0 0 0 0 0 0 0 0 24 0 0 0 0 0 0 0 0 0 0 0 0 0 0 0 0 0 0 0 0 0 0 0 0 0 0 0 0 0 0 0 0 0 0 0 0 0 0 0 0 0 
0 0 0 0 52 0 0 0 0 0 0 0 0 0 0 0 0 0 0 0 0 0 0 0 0 0 0 0 0 0 0 0 0 0 0 0 0 0 0 0 0 0 0 0 0 0 0 0 0 0 0 0 0 0 0 0 
29 0 0 0 29 0 0 0 29 0 0 0 29 0 0 0 0 0 0 0 0 0 0 0 0 0 0 0 0 0 0 0 0 0 0 0 0 0 0 0 0 0 0 0 0 0 0 0 0 0 0 0 0 0 0 0 
decorations 1
-80 952 53 0

layer // layer 3
name noname
offset 0 0
cells_offset 280 240
scroll_scale_factor_1 1 1
scroll_scale_factor_2 1 1
cell_size 40 40
width 6
height 7
no_cells
sprite_cells
54 0 55 0 55 0 55 0 56 0 0 0 
57 0 0 0 0 0 0 0 57 0 0 0 
57 0 0 0 0 0 0 0 57 0 0 0 
57 0 0 0 0 0 0 0 57 0 0 0 
57 0 0 0 0 0 0 0 58 0 56 0 
57 0 0 0 0 0 0 0 0 0 57 0 
57 0 0 0 0 0 0 0 0 0 58 0 
decorations 0

} // layers

entities { 
hero/Magneto 1 {
position_in_layer 320 280
layer_index 2
}
shooter/cannon 2 {
shot_delay 1500 1500
position_in_layer 838 520
layer_index 2
}
DeathRayH 3 {
on_duration 1000
off_duration 1500
size 11
position_in_layer 480 360
layer_index 2
}
thorns/small_S 4 {
position_in_layer 701 318
layer_index 2
}
Device/FloorPermanent 5 {
operate 11
position_in_layer 520 480
layer_index 2
}
DoorSingleV 6 {
position_in_layer 280 520
layer_index 2
}
Device/Respawn 7 {
position_in_layer 560 440
layer_index 2
}
shooter/drop 8 {
shot_delay 1500 1500
position_in_layer 60 420
layer_index 2
}
Device/Respawn 9 {
position_in_layer 120 480
layer_index 2
}
Spec/LevelExit 10 {
closed_sprite none
opened_sprite none
position_in_layer -80 920
layer_index 2
}
Spec/Actions/Camera 11 {
a1_target 6
a2_target 6
position_in_layer 390 625
layer_index 2
}
} // entities
