sprite_table {
 bluetech_02 1
 bgr/okr_05 2
 bgr/okr_07 3
 bluetech_01 4
 bgr/okr_13 5
 bgr/okr_01 6
 bluetech_08 7
 bluetech_06 8
 bigcogwheel 9
 bluetech_07 10
 bluetech_09 11
 bluetech_12 12
 bluetech_10 13
 bgr/plate_01 14
 bgr/bulkhead 15
 bgr/plate_04 16
 bgr/plate_05 17
 bgr/plate_07 18
 bgr/plate_10 19
 blueplate_08 20
 blueplate_00 21
 blueplate_01 22
 blueplate_16 23
 blueplate_15 24
 blueplate_17 25
 bgr/mix_futro02 26
 bgr/mix_arrow01 27
 bgr/mix_arrow02 28
 bgr/mix_arrow03 29
 bgr/mix_arrow04 30
 wall_metalA_03 31
 wall_metalA_01 32
 shadow_fix_02 33
 wall_metalA_02 34
 metal_pipe_02 35
 metal_pipe_04 36
 metal_pipe_03 37
 shadow_fix_01 38
 wall_tech_44 39
 wall_yellow_02 40
 metal_ramp_01 41
 metal_ramp_02 42
 metal_ramp_03 43
 metal_fatpipe_07 44
 metal_fatpipe_01 45
 metal_fatpipe_08 46
 metal_fatpipe_02 47
 metal_fatpipe_03 48
 metal_quadpipe 49
 metal_pipejoint_03 50
 metal_pipe_01 51
 metal_pipe_06 52
 metal_pipejoint_02 53
 metal_pipe_07 54
 pipeend_1 55
 metal_grate 56
 metal_pipejoint_01 57
 pipeend_4 58
 metal_fatpipe_04 59
 metal_pipe_10 60
 metal_pipe_05 61
 nogumE 62
 nobubble_field 63
 comp05 64
 comp02 65
 comp01 66
 nogumW 67
 comp06 68
 comp03 69
 metal_fatpipe_10 70
 wall_tech_37 71
 crane10 72
 crane_platform 73
 crane09 74
 cogwheelA 75
 wall_tech_48 76
 metal_pipe_08 77
 wall_stoneA_03 78
 wind_field_W 79
 wind_field_N 80
 wall_tech_40 81
 wall_tech_45 82
 wall_tech_42 83
 wind_field_S 84
 wind_field_E 85
 wall_tech_41 86
 wall_tech_46 87
 wall_noidea_11 88
 wall_noidea_13 89
 wall_noidea_10 90
 wall_tech_43 91
 metal_pipe_09 92
 wall_green_24a 93
 pipeend_2 94
 metal_pipejoint_04 95
 pipeend_3 96
 wall_tech_36 97
 wall_tech_32 98
 wall_tech_34 99
 teleIN_up 100
 comp_text2 101
 monitorlineB 102
 bigeye 103
 halfplate_12 104
 halfplate_11 105
 halfplate_04b 106
 halfplate_13 107
 tile/deathray_S 108
 sign/exit 109
 sign/doorH 110
 sign/electricity 111
 metal_ring1 112
 metal_ring3 113
 sign/acid1 114
 sign/storage 115
 halfplate_14 116
 halfplate_09 117
 mandi 118
 wire_2E 119
 wire_2S 120
 wire_3E 121
 wire_3W 122
 wire_2V 123
 wire_2W 124
 wire_2N 125
 metal_quadpipe2 126
 wire_2H 127
 brownpipe2 128
 wall_tech_20 129
 sign/number1 130
 sign/number2 131
 sign/number3 132
 sign/gaugeB 133
 sign/nuke 134
 metal_fatpipe_09 135
} // sprite_table

layers {
clear_screen true
layer // layer 0
name noname
offset 0 0
cells_offset 120 360
scroll_scale_factor_1 1 1
scroll_scale_factor_2 1 1
cell_size 40 40
width 36
height 50
no_cells
sprite_cells
0 0 0 0 0 0 0 0 0 0 0 0 0 0 0 0 1 0 1 0 1 0 0 0 1 0 1 0 1 0 0 0 0 0 0 0 0 0 0 0 0 0 0 0 0 0 0 0 0 0 0 0 0 0 0 0 0 0 0 0 0 0 0 0 0 0 0 0 0 0 0 0 
0 0 0 0 0 0 0 0 0 0 0 0 0 0 1 0 1 0 1 0 0 0 1 0 1 0 1 0 1 0 1 0 0 0 0 0 0 0 0 0 0 0 0 0 0 0 0 0 0 0 0 0 0 0 0 0 0 0 0 0 0 0 0 0 0 0 0 0 0 0 0 0 
0 0 0 0 0 0 0 0 0 0 0 0 0 0 1 0 1 0 1 0 0 0 0 0 0 0 1 0 1 0 1 0 0 0 0 0 0 0 0 0 0 0 0 0 0 0 0 0 0 0 0 0 0 0 0 0 0 0 0 0 0 0 0 0 0 0 0 0 0 0 0 0 
0 0 0 0 0 0 0 0 0 0 0 0 0 0 2 0 2 0 3 0 2 0 3 0 2 0 3 0 2 0 2 0 0 0 0 0 0 0 0 0 0 0 0 0 0 0 0 0 0 0 0 0 0 0 0 0 0 0 0 0 0 0 0 0 0 0 0 0 0 0 0 0 
0 0 0 0 0 0 0 0 0 0 0 0 0 0 2 0 2 0 0 0 2 0 0 0 2 0 0 0 2 0 2 0 0 0 0 0 0 0 0 0 0 0 0 0 0 0 0 0 0 0 0 0 0 0 0 0 0 0 0 0 0 0 0 0 0 0 0 0 0 0 0 0 
0 0 0 0 0 0 0 0 0 0 0 0 0 0 2 0 4 0 0 0 0 0 0 0 0 0 4 0 0 0 2 0 0 0 0 0 0 0 0 0 0 0 0 0 0 0 0 0 0 0 0 0 0 0 0 0 0 0 0 0 0 0 0 0 0 0 0 0 0 0 0 0 
0 0 0 0 0 0 0 0 0 0 0 0 0 0 2 0 0 0 0 0 0 0 5 0 0 0 0 0 0 0 2 0 0 0 0 0 0 0 0 0 0 0 0 0 0 0 0 0 0 0 0 0 0 0 0 0 0 0 0 0 0 0 0 0 0 0 0 0 0 0 0 0 
0 0 0 0 0 0 0 0 0 0 0 0 0 0 5 0 5 0 2 0 0 0 2 0 0 0 2 0 5 0 5 0 0 0 0 0 0 0 0 0 0 0 0 0 0 0 0 0 0 0 0 0 0 0 0 0 0 0 0 0 0 0 0 0 0 0 0 0 0 0 0 0 
0 0 0 0 0 0 0 0 0 0 0 0 0 0 5 0 5 0 2 0 5 0 5 0 5 0 2 0 5 0 5 0 0 0 0 0 0 0 0 0 0 0 0 0 0 0 0 0 0 0 0 0 0 0 0 0 0 0 0 0 0 0 0 0 0 0 0 0 0 0 0 0 
0 0 0 0 0 0 0 0 0 0 0 0 0 0 2 0 2 0 2 0 0 0 6 0 0 0 2 0 2 0 2 0 0 0 0 0 0 0 0 0 0 0 0 0 0 0 0 0 0 0 0 0 0 0 0 0 0 0 0 0 0 0 0 0 0 0 0 0 0 0 0 0 
0 0 0 0 0 0 0 0 0 0 0 0 0 0 0 0 2 0 2 0 0 0 0 0 0 0 2 0 2 0 0 0 0 0 0 0 0 0 0 0 0 0 0 0 0 0 0 0 0 0 0 0 0 0 0 0 0 0 0 0 0 0 0 0 0 0 0 0 0 0 0 0 
0 0 0 0 0 0 0 0 0 0 0 0 0 0 0 0 0 0 0 0 0 0 6 0 0 0 0 0 0 0 0 0 0 0 0 0 0 0 0 0 0 0 0 0 0 0 0 0 0 0 0 0 0 0 0 0 0 0 0 0 0 0 0 0 0 0 0 0 0 0 0 0 
0 0 0 0 0 0 0 0 0 0 0 0 0 0 0 0 0 0 0 0 0 0 0 0 0 0 0 0 0 0 0 0 0 0 0 0 0 0 0 0 0 0 0 0 0 0 0 0 0 0 0 0 0 0 2 0 2 0 2 0 0 0 0 0 0 0 0 0 0 0 0 0 
0 0 0 0 0 0 0 0 0 0 0 0 0 0 0 0 0 0 0 0 0 0 5 0 0 0 0 0 0 0 0 0 0 0 0 0 0 0 0 0 0 0 0 0 0 0 0 0 0 0 0 0 0 0 2 0 0 0 0 0 0 0 0 0 0 0 0 0 0 0 0 0 
0 0 0 0 0 0 2 0 2 0 2 0 2 0 0 0 0 0 0 0 0 0 2 0 0 0 0 0 0 0 0 0 2 0 2 0 2 0 2 0 2 0 2 0 2 0 2 0 2 0 2 0 2 0 2 0 2 0 2 0 2 0 2 0 2 0 2 0 2 0 2 0 
0 0 0 0 2 0 2 0 0 0 0 0 0 0 0 0 0 0 0 0 0 0 2 0 0 0 0 0 0 0 0 0 0 0 0 0 0 0 0 0 0 0 0 0 0 0 0 0 0 0 0 0 0 0 0 0 2 0 0 0 0 0 0 0 0 0 0 0 0 0 0 0 
0 0 2 0 2 0 0 0 2 0 2 0 0 0 4 0 0 0 0 0 0 0 2 0 0 0 0 0 0 0 0 0 0 0 2 0 2 0 2 0 2 0 2 0 2 0 2 0 2 0 2 0 2 0 0 0 2 0 2 0 2 0 0 0 0 0 0 0 0 0 0 0 
0 0 2 0 0 0 2 0 2 0 0 0 0 0 0 0 0 0 0 0 0 0 2 0 0 0 0 0 4 0 0 0 0 0 0 0 0 0 0 0 0 0 0 0 0 0 0 0 0 0 0 0 2 0 0 0 2 0 0 0 0 0 0 0 0 0 0 0 0 0 0 0 
0 0 2 0 0 0 2 0 0 0 0 0 7 0 4 0 0 0 0 0 2 0 2 0 0 0 0 0 0 0 0 0 7 0 0 0 0 0 0 0 0 0 0 0 0 0 0 0 0 0 0 0 2 0 2 0 2 0 2 0 2 0 0 0 0 0 0 0 0 0 0 0 
0 0 2 0 0 0 2 0 0 0 0 0 8 0 0 0 0 0 0 0 2 0 0 0 9 0 0 0 10 0 10 0 11 0 0 0 0 0 0 0 0 0 0 0 0 0 0 0 0 0 0 0 0 0 0 0 0 0 0 0 0 0 0 0 0 0 0 0 0 0 0 0 
0 0 2 0 0 0 2 0 0 0 0 0 4 0 0 0 12 0 0 0 2 0 2 0 0 0 0 0 4 0 0 0 13 0 0 0 0 0 0 0 0 0 0 0 0 0 0 0 0 0 0 0 0 0 0 0 0 0 0 0 0 0 0 0 0 0 0 0 0 0 0 0 
0 0 2 0 0 0 2 0 0 0 0 0 0 0 0 0 13 0 0 0 2 0 2 0 0 0 0 0 0 0 0 0 1 0 0 0 0 0 0 0 0 0 0 0 0 0 0 0 0 0 0 0 0 0 0 0 0 0 0 0 0 0 0 0 0 0 0 0 0 0 0 0 
0 0 2 0 0 0 2 0 0 0 0 0 0 0 0 0 0 0 0 0 0 0 2 0 0 0 0 0 0 0 0 0 0 0 0 0 0 0 0 0 0 0 0 0 0 0 0 0 0 0 0 0 0 0 0 0 0 0 0 0 0 0 0 0 0 0 0 0 0 0 0 0 
0 0 2 0 0 0 2 0 0 0 14 0 14 0 14 0 14 0 0 0 0 0 2 0 0 0 0 0 14 0 14 0 14 0 14 0 0 0 0 0 0 0 0 0 0 0 0 0 0 0 0 0 0 0 0 0 0 0 0 0 0 0 0 0 0 0 0 0 0 0 0 0 
0 0 2 0 2 0 2 0 0 0 14 0 14 0 14 0 14 0 0 0 0 0 2 0 0 0 0 0 0 0 14 0 14 0 14 0 0 0 0 0 0 0 0 0 0 0 0 0 0 0 0 0 0 0 0 0 0 0 0 0 0 0 0 0 0 0 0 0 0 0 0 0 
0 0 2 0 0 0 2 0 0 0 14 0 14 0 0 0 15 0 16 0 17 0 16 0 18 0 16 0 0 0 14 0 14 0 14 0 0 0 0 0 0 0 0 0 0 0 0 0 0 0 0 0 0 0 0 0 0 0 0 0 0 0 0 0 0 0 0 0 0 0 0 0 
0 0 2 0 0 0 2 0 0 0 14 0 0 0 14 0 0 0 0 0 0 0 0 0 16 0 0 0 16 0 0 0 14 0 14 0 0 0 0 0 0 0 0 0 0 0 0 0 0 0 0 0 0 0 0 0 0 0 0 0 0 0 0 0 0 0 0 0 0 0 0 0 
0 0 2 0 2 0 2 0 0 0 14 0 0 0 14 0 0 0 16 0 17 0 16 0 0 0 16 0 0 0 0 0 14 0 14 0 0 0 0 0 0 0 0 0 0 0 0 0 0 0 0 0 0 0 0 0 0 0 0 0 0 0 0 0 0 0 0 0 0 0 0 0 
0 0 2 0 0 0 2 0 0 0 14 0 0 0 14 0 0 0 0 0 0 0 0 0 19 0 0 0 0 0 0 0 14 0 14 0 0 0 0 0 0 0 0 0 0 0 0 0 0 0 0 0 0 0 0 0 0 0 0 0 0 0 0 0 0 0 0 0 0 0 0 0 
0 0 2 0 0 0 2 0 0 0 14 0 0 0 14 0 14 0 0 0 0 0 0 0 0 0 0 0 0 0 2 0 14 0 14 0 0 0 0 0 0 0 0 0 0 0 0 0 0 0 0 0 0 0 0 0 0 0 0 0 0 0 0 0 0 0 0 0 0 0 0 0 
0 0 2 0 0 0 2 0 0 0 14 0 0 0 0 0 14 0 14 0 14 0 14 0 14 0 14 0 14 0 0 0 14 0 14 0 0 0 0 0 0 0 0 0 0 0 0 0 0 0 0 0 0 0 0 0 0 0 0 0 0 0 0 0 0 0 0 0 0 0 0 0 
0 0 2 0 2 0 2 0 0 0 14 0 0 0 0 0 0 0 0 0 0 0 0 0 0 0 0 0 14 0 0 0 14 0 14 0 0 0 0 0 0 0 0 0 0 0 0 0 0 0 0 0 0 0 0 0 0 0 0 0 0 0 0 0 0 0 0 0 0 0 0 0 
0 0 2 0 0 0 2 0 0 0 14 0 0 0 14 0 14 0 14 0 14 0 14 0 14 0 14 0 14 0 14 0 14 0 14 0 0 0 0 0 0 0 0 0 0 0 0 0 0 0 0 0 0 0 0 0 0 0 0 0 0 0 0 0 0 0 0 0 0 0 0 0 
0 0 2 0 0 0 2 0 0 0 14 0 0 0 0 0 14 0 0 0 0 0 0 0 0 0 0 0 0 0 0 0 14 0 14 0 0 0 0 0 0 0 0 0 0 0 0 0 0 0 0 0 0 0 0 0 0 0 0 0 0 0 0 0 0 0 0 0 0 0 0 0 
0 0 2 0 0 0 2 0 0 0 14 0 14 0 0 0 14 0 14 0 14 0 14 0 14 0 14 0 0 0 14 0 14 0 14 0 0 0 0 0 0 0 0 0 0 0 0 0 0 0 0 0 0 0 0 0 0 0 0 0 0 0 0 0 0 0 0 0 0 0 0 0 
0 0 2 0 0 0 0 0 0 0 0 0 0 0 0 0 0 0 0 0 0 0 14 0 0 0 0 0 0 0 0 0 0 0 0 0 0 0 0 0 0 0 0 0 0 0 0 0 0 0 0 0 0 0 0 0 0 0 0 0 0 0 0 0 0 0 0 0 0 0 0 0 
0 0 0 0 2 0 2 0 0 0 2 0 0 0 2 0 0 0 0 0 0 0 14 0 0 0 0 0 0 0 2 0 2 0 2 0 0 0 0 0 0 0 0 0 0 0 0 0 0 0 0 0 0 0 0 0 0 0 0 0 0 0 0 0 0 0 0 0 0 0 0 0 
0 0 0 0 0 0 0 0 0 0 2 0 0 0 2 0 0 0 0 0 20 0 0 0 21 0 0 0 0 0 0 0 2 0 2 0 0 0 0 0 0 0 0 0 0 0 0 0 0 0 0 0 0 0 0 0 0 0 0 0 0 0 0 0 0 0 0 0 0 0 0 0 
0 0 0 0 0 0 0 0 0 0 2 0 0 0 2 0 0 0 0 0 21 0 20 0 0 0 0 0 2 0 0 0 0 0 2 0 0 0 0 0 0 0 0 0 0 0 0 0 0 0 0 0 0 0 0 0 0 0 0 0 0 0 0 0 0 0 0 0 0 0 0 0 
0 0 0 0 0 0 0 0 0 0 2 0 0 0 2 0 2 0 0 0 20 0 0 0 21 0 0 0 2 0 0 0 2 0 2 0 0 0 0 0 0 0 0 0 0 0 0 0 0 0 0 0 0 0 0 0 0 0 0 0 0 0 0 0 0 0 0 0 0 0 0 0 
0 0 0 0 0 0 0 0 0 0 2 0 0 0 0 0 2 0 0 0 21 0 20 0 0 0 0 0 2 0 0 0 2 0 0 0 0 0 0 0 0 0 0 0 0 0 0 0 0 0 0 0 0 0 0 0 0 0 0 0 0 0 0 0 0 0 0 0 0 0 0 0 
0 0 0 0 0 0 0 0 0 0 2 0 2 0 0 0 2 0 0 0 20 0 0 0 21 0 0 0 2 0 0 0 2 0 2 0 0 0 0 0 0 0 0 0 0 0 0 0 0 0 0 0 0 0 0 0 0 0 0 0 0 0 0 0 0 0 0 0 0 0 0 0 
0 0 0 0 0 0 0 0 0 0 2 0 2 0 0 0 2 0 0 0 21 0 20 0 0 0 0 0 2 0 0 0 0 0 2 0 0 0 0 0 0 0 0 0 0 0 0 0 0 0 0 0 0 0 0 0 0 0 0 0 0 0 0 0 0 0 0 0 0 0 0 0 
0 0 0 0 0 0 0 0 0 0 2 0 0 0 0 0 2 0 0 0 20 0 0 0 21 0 0 0 2 0 0 0 2 0 2 0 0 0 0 0 0 0 0 0 0 0 0 0 0 0 0 0 0 0 0 0 0 0 0 0 0 0 0 0 0 0 0 0 0 0 0 0 
0 0 2 0 2 0 2 0 2 0 2 0 0 0 2 0 2 0 0 0 21 0 20 0 0 0 2 0 2 0 0 0 2 0 2 0 2 0 2 0 2 0 2 0 0 0 0 0 0 0 0 0 0 0 0 0 0 0 0 0 0 0 0 0 0 0 0 0 0 0 0 0 
0 0 2 0 0 0 0 0 0 0 0 0 0 0 2 0 2 0 0 0 20 0 0 0 21 0 2 0 2 0 0 0 0 0 0 0 0 0 0 0 0 0 2 0 0 0 0 0 0 0 0 0 0 0 0 0 0 0 0 0 0 0 0 0 0 0 0 0 0 0 0 0 
0 0 2 0 2 0 2 0 2 0 2 0 2 0 2 0 2 0 0 0 21 0 20 0 0 0 0 0 2 0 2 0 2 0 2 0 2 0 2 0 2 0 2 0 0 0 0 0 0 0 0 0 0 0 0 0 0 0 0 0 0 0 0 0 0 0 0 0 0 0 0 0 
0 0 0 0 0 0 0 0 0 0 0 0 0 0 0 0 0 0 0 0 20 0 0 0 21 0 0 0 0 0 0 0 0 0 0 0 0 0 0 0 0 0 0 0 0 0 0 0 0 0 0 0 0 0 0 0 0 0 0 0 0 0 0 0 0 0 0 0 0 0 0 0 
22 0 23 0 23 0 23 0 23 0 23 0 23 0 23 0 23 0 23 0 21 0 20 0 0 0 24 0 25 0 25 0 23 0 23 0 23 0 23 0 23 0 23 0 22 0 0 0 0 0 0 0 0 0 0 0 0 0 0 0 0 0 0 0 0 0 0 0 0 0 0 0 
0 0 0 0 0 0 0 0 0 0 0 0 0 0 0 0 0 0 0 0 20 0 0 0 21 0 0 0 0 0 0 0 0 0 0 0 0 0 0 0 0 0 0 0 0 0 0 0 0 0 0 0 0 0 0 0 0 0 0 0 0 0 0 0 0 0 0 0 0 0 0 0 
decorations 22
671 1120 26 0
929 970 27 0
1088 889 28 0
671 1160 26 0
1049 1010 27 0
1047 931 28 0
210 1570 27 0
690 1926 29 0
331 1849 29 0
411 1845 30 0
248 2170 27 0
284 2090 28 0
453 2048 30 0
768 2171 27 0
885 2089 28 0
769 1926 30 0
326 889 28 0
167 1087 29 0
247 1088 30 0
172 1446 29 0
249 1446 30 0
1249 967 30 0

layer // layer 1
name noname
offset 15 15
cells_offset 80 320
scroll_scale_factor_1 1 1
scroll_scale_factor_2 1 1
cell_size 40 40
width 36
height 51
shadow
no_cells
sprite_cells
0 0 0 0 0 0 0 0 0 0 0 0 0 0 0 0 22 0 0 0 0 0 0 0 0 0 0 0 31 0 0 0 0 0 0 0 0 0 0 0 0 0 0 0 0 0 0 0 0 0 0 0 0 0 0 0 0 0 0 0 0 0 0 0 0 0 0 0 0 0 0 0 
0 0 0 0 0 0 0 0 0 0 0 0 0 0 22 0 0 0 0 0 0 0 0 0 0 0 0 0 32 0 33 0 34 0 0 0 0 0 0 0 0 0 0 0 0 0 0 0 0 0 0 0 0 0 0 0 0 0 0 0 0 0 0 0 0 0 0 0 0 0 0 0 
0 0 0 0 0 0 0 0 0 0 0 0 0 0 0 0 0 0 33 0 31 0 0 0 0 0 32 0 0 0 0 0 0 0 0 0 0 0 0 0 0 0 0 0 0 0 0 0 0 0 0 0 0 0 0 0 0 0 0 0 0 0 0 0 0 0 0 0 0 0 0 0 
0 0 0 0 0 0 0 0 0 0 0 0 0 0 22 0 0 0 0 0 33 0 31 0 0 0 0 0 0 0 0 0 0 0 0 0 0 0 0 0 0 0 0 0 0 0 0 0 0 0 0 0 0 0 0 0 0 0 0 0 0 0 0 0 0 0 0 0 0 0 0 0 
0 0 0 0 0 0 0 0 0 0 0 0 0 0 0 0 0 0 0 0 0 0 0 0 0 0 0 0 0 0 0 0 0 0 0 0 0 0 0 0 0 0 0 0 0 0 0 0 0 0 0 0 0 0 0 0 0 0 0 0 0 0 0 0 0 0 0 0 0 0 0 0 
0 0 0 0 0 0 0 0 0 0 0 0 0 0 22 0 0 0 0 0 0 0 0 0 0 0 0 0 0 0 0 0 0 0 0 0 0 0 0 0 0 0 0 0 0 0 0 0 0 0 0 0 0 0 0 0 0 0 0 0 0 0 0 0 0 0 0 0 0 0 0 0 
0 0 0 0 0 0 0 0 0 0 0 0 0 0 0 0 0 0 0 0 0 0 0 0 0 0 0 0 0 0 35 0 0 0 0 0 0 0 0 0 0 0 0 0 0 0 0 0 0 0 0 0 0 0 0 0 0 0 0 0 0 0 0 0 0 0 0 0 0 0 0 0 
0 0 0 0 0 0 0 0 0 0 0 0 0 0 22 0 0 0 36 0 37 0 0 0 0 0 32 0 36 0 37 0 0 0 0 0 0 0 0 0 0 0 0 0 0 0 0 0 0 0 0 0 0 0 0 0 0 0 0 0 0 0 0 0 0 0 0 0 0 0 0 0 
0 0 0 0 0 0 0 0 0 0 0 0 0 0 0 0 0 0 0 0 0 0 31 0 0 0 0 0 0 0 0 0 0 0 0 0 0 0 0 0 0 0 0 0 0 0 0 0 0 0 0 0 0 0 0 0 0 0 0 0 0 0 0 0 0 0 0 0 0 0 0 0 
0 0 0 0 0 0 0 0 0 0 0 0 0 0 22 0 0 0 0 0 0 0 38 0 0 0 38 0 0 0 0 0 0 0 0 0 0 0 0 0 0 0 0 0 0 0 0 0 0 0 0 0 0 0 0 0 0 0 0 0 0 0 0 0 0 0 0 0 0 0 0 0 
0 0 0 0 0 0 0 0 0 0 0 0 0 0 0 0 38 0 0 0 0 0 32 0 0 0 32 0 0 0 0 0 0 0 0 0 0 0 0 0 0 0 0 0 0 0 0 0 0 0 0 0 0 0 0 0 0 0 0 0 0 0 0 0 0 0 0 0 0 0 0 0 
0 0 0 0 0 0 0 0 0 0 0 0 0 0 0 0 34 0 0 0 0 0 0 0 0 0 0 0 0 0 0 0 0 0 0 0 0 0 0 0 0 0 0 0 0 0 0 0 0 0 0 0 0 0 0 0 0 0 0 0 0 0 0 0 0 0 0 0 0 0 0 0 
0 0 0 0 0 0 0 0 0 0 0 0 0 0 0 0 0 0 0 0 0 0 32 0 0 0 0 0 0 0 0 0 0 0 0 0 0 0 0 0 0 0 0 0 0 0 0 0 0 0 0 0 0 0 32 0 31 0 0 0 34 0 0 0 0 0 0 0 0 0 0 0 
0 0 0 0 0 0 0 0 0 0 0 0 0 0 0 0 0 0 0 0 0 0 0 0 0 0 0 0 0 0 0 0 0 0 0 0 0 0 0 0 0 0 0 0 0 0 0 0 0 0 0 0 0 0 0 0 0 0 0 0 0 0 0 0 0 0 0 0 0 0 0 0 
0 0 0 0 0 0 32 0 31 0 0 0 31 0 0 0 0 0 0 0 0 0 32 0 0 0 0 0 0 0 0 0 31 0 0 0 31 0 0 0 31 0 0 0 31 0 0 0 31 0 0 0 31 0 0 0 33 0 31 0 0 0 31 0 0 0 31 0 0 0 31 0 
0 0 0 0 32 0 0 0 0 0 0 0 0 0 0 0 0 0 0 0 0 0 0 0 0 0 0 0 0 0 0 0 34 0 0 0 0 0 0 0 0 0 0 0 0 0 0 0 0 0 0 0 0 0 0 0 38 0 0 0 0 0 0 0 0 0 0 0 0 0 0 0 
0 0 32 0 0 0 0 0 38 0 31 0 0 0 0 0 0 0 0 0 0 0 32 0 0 0 0 0 0 0 0 0 0 0 31 0 0 0 31 0 0 0 31 0 0 0 31 0 0 0 31 0 0 0 31 0 0 0 33 0 31 0 0 0 0 0 0 0 0 0 0 0 
0 0 0 0 0 0 38 0 34 0 0 0 0 0 31 0 0 0 34 0 0 0 0 0 0 0 0 0 39 0 31 0 0 0 34 0 0 0 0 0 0 0 0 0 0 0 0 0 0 0 0 0 38 0 0 0 32 0 0 0 0 0 0 0 0 0 0 0 0 0 0 0 
0 0 32 0 0 0 32 0 0 0 0 0 31 0 0 0 0 0 0 0 31 0 0 0 0 0 0 0 40 0 0 0 0 0 34 0 0 0 0 0 0 0 0 0 0 0 0 0 0 0 0 0 32 0 33 0 0 0 33 0 31 0 0 0 0 0 0 0 0 0 0 0 
0 0 0 0 0 0 0 0 0 0 0 0 32 0 0 0 0 0 0 0 32 0 0 0 0 0 0 0 0 0 0 0 0 0 0 0 0 0 0 0 0 0 0 0 0 0 0 0 0 0 0 0 0 0 0 0 0 0 0 0 0 0 0 0 0 0 0 0 0 0 0 0 
0 0 32 0 0 0 32 0 0 0 0 0 0 0 0 0 0 0 0 0 0 0 0 0 0 0 0 0 0 0 0 0 0 0 0 0 0 0 0 0 0 0 0 0 0 0 0 0 0 0 0 0 0 0 0 0 0 0 0 0 0 0 0 0 0 0 0 0 0 0 0 0 
0 0 0 0 0 0 0 0 0 0 0 0 32 0 0 0 0 0 0 0 32 0 33 0 39 0 0 0 38 0 0 0 0 0 0 0 0 0 0 0 0 0 0 0 0 0 0 0 0 0 0 0 0 0 0 0 0 0 0 0 0 0 0 0 0 0 0 0 0 0 0 0 
32 0 32 0 0 0 32 0 0 0 0 0 0 0 0 0 0 0 0 0 0 0 38 0 0 0 0 0 39 0 0 0 0 0 0 0 0 0 0 0 0 0 0 0 0 0 0 0 0 0 0 0 0 0 0 0 0 0 0 0 0 0 0 0 0 0 0 0 0 0 0 0 
0 0 0 0 0 0 0 0 0 0 0 0 0 0 0 0 0 0 0 0 0 0 32 0 0 0 0 0 0 0 0 0 0 0 0 0 0 0 0 0 0 0 0 0 0 0 0 0 0 0 0 0 0 0 0 0 0 0 0 0 0 0 0 0 0 0 0 0 0 0 0 0 
0 0 32 0 0 0 32 0 0 0 0 0 0 0 0 0 0 0 0 0 0 0 0 0 0 0 0 0 0 0 0 0 0 0 0 0 0 0 0 0 0 0 0 0 0 0 0 0 0 0 0 0 0 0 0 0 0 0 0 0 0 0 0 0 0 0 0 0 0 0 0 0 
0 0 0 0 0 0 0 0 0 0 0 0 0 0 0 0 0 0 32 0 31 0 0 0 33 0 31 0 0 0 0 0 0 0 0 0 0 0 0 0 0 0 0 0 0 0 0 0 0 0 0 0 0 0 0 0 0 0 0 0 0 0 0 0 0 0 0 0 0 0 0 0 
0 0 32 0 0 0 32 0 0 0 0 0 0 0 31 0 0 0 0 0 0 0 0 0 0 0 0 0 33 0 34 0 0 0 0 0 0 0 0 0 0 0 0 0 0 0 0 0 0 0 0 0 0 0 0 0 0 0 0 0 0 0 0 0 0 0 0 0 0 0 0 0 
0 0 0 0 0 0 0 0 0 0 0 0 0 0 32 0 0 0 38 0 0 0 0 0 0 0 0 0 0 0 0 0 0 0 0 0 0 0 0 0 0 0 0 0 0 0 0 0 0 0 0 0 0 0 0 0 0 0 0 0 0 0 0 0 0 0 0 0 0 0 0 0 
0 0 32 0 0 0 32 0 0 0 0 0 0 0 0 0 0 0 32 0 0 0 0 0 0 0 0 0 0 0 0 0 0 0 0 0 0 0 0 0 0 0 0 0 0 0 0 0 0 0 0 0 0 0 0 0 0 0 0 0 0 0 0 0 0 0 0 0 0 0 0 0 
0 0 0 0 0 0 0 0 0 0 0 0 0 0 32 0 33 0 0 0 0 0 0 0 0 0 0 0 0 0 0 0 0 0 0 0 0 0 0 0 0 0 0 0 0 0 0 0 0 0 0 0 0 0 0 0 0 0 0 0 0 0 0 0 0 0 0 0 0 0 0 0 
0 0 32 0 0 0 32 0 0 0 0 0 0 0 0 0 38 0 33 0 31 0 0 0 31 0 0 0 31 0 0 0 0 0 0 0 0 0 0 0 0 0 0 0 0 0 0 0 0 0 0 0 0 0 0 0 0 0 0 0 0 0 0 0 0 0 0 0 0 0 0 0 
0 0 0 0 33 0 0 0 0 0 0 0 0 0 0 0 32 0 0 0 0 0 0 0 0 0 0 0 38 0 0 0 0 0 0 0 0 0 0 0 0 0 0 0 0 0 0 0 0 0 0 0 0 0 0 0 0 0 0 0 0 0 0 0 0 0 0 0 0 0 0 0 
32 0 32 0 0 0 38 0 0 0 0 0 0 0 32 0 0 0 31 0 0 0 31 0 0 0 31 0 0 0 33 0 34 0 0 0 0 0 0 0 0 0 0 0 0 0 0 0 0 0 0 0 0 0 0 0 0 0 0 0 0 0 0 0 0 0 0 0 0 0 0 0 
0 0 0 0 0 0 32 0 0 0 0 0 0 0 0 0 38 0 0 0 0 0 0 0 0 0 0 0 0 0 0 0 0 0 0 0 0 0 0 0 0 0 0 0 0 0 0 0 0 0 0 0 0 0 0 0 0 0 0 0 0 0 0 0 0 0 0 0 0 0 0 0 
0 0 32 0 0 0 0 0 0 0 0 0 0 0 0 0 32 0 33 0 31 0 0 0 31 0 0 0 34 0 0 0 0 0 31 0 38 0 0 0 0 0 0 0 0 0 0 0 0 0 0 0 0 0 0 0 0 0 0 0 0 0 0 0 0 0 0 0 0 0 0 0 
0 0 0 0 0 0 34 0 0 0 0 0 0 0 0 0 0 0 0 0 0 0 0 0 0 0 0 0 0 0 0 0 0 0 31 0 0 0 0 0 0 0 0 0 0 0 0 0 0 0 0 0 0 0 0 0 0 0 0 0 0 0 0 0 0 0 0 0 0 0 0 0 
0 0 34 0 0 0 31 0 0 0 31 0 0 0 31 0 0 0 0 0 0 0 32 0 0 0 0 0 0 0 31 0 0 0 31 0 0 0 0 0 0 0 0 0 0 0 0 0 0 0 0 0 0 0 0 0 0 0 0 0 0 0 0 0 0 0 0 0 0 0 0 0 
0 0 0 0 34 0 0 0 0 0 32 0 0 0 32 0 0 0 0 0 32 0 0 0 33 0 34 0 0 0 34 0 38 0 0 0 0 0 0 0 0 0 0 0 0 0 0 0 0 0 0 0 0 0 0 0 0 0 0 0 0 0 0 0 0 0 0 0 0 0 0 0 
0 0 0 0 0 0 0 0 0 0 0 0 0 0 0 0 0 0 0 0 0 0 0 0 0 0 0 0 31 0 0 0 34 0 38 0 0 0 0 0 0 0 0 0 0 0 0 0 0 0 0 0 0 0 0 0 0 0 0 0 0 0 0 0 0 0 0 0 0 0 0 0 
0 0 0 0 0 0 0 0 0 0 32 0 0 0 32 0 33 0 34 0 32 0 0 0 0 0 0 0 32 0 0 0 32 0 34 0 0 0 0 0 0 0 0 0 0 0 0 0 0 0 0 0 0 0 0 0 0 0 0 0 0 0 0 0 0 0 0 0 0 0 0 0 
0 0 0 0 0 0 0 0 0 0 0 0 0 0 0 0 38 0 0 0 0 0 0 0 0 0 0 0 0 0 0 0 0 0 0 0 0 0 0 0 0 0 0 0 0 0 0 0 0 0 0 0 0 0 0 0 0 0 0 0 0 0 0 0 0 0 0 0 0 0 0 0 
0 0 0 0 0 0 0 0 0 0 32 0 33 0 34 0 34 0 0 0 32 0 0 0 0 0 0 0 32 0 0 0 32 0 33 0 34 0 0 0 0 0 0 0 0 0 0 0 0 0 0 0 0 0 0 0 0 0 0 0 0 0 0 0 0 0 0 0 0 0 0 0 
0 0 0 0 0 0 0 0 0 0 0 0 0 0 0 0 32 0 0 0 0 0 0 0 0 0 0 0 0 0 0 0 0 0 38 0 0 0 0 0 0 0 0 0 0 0 0 0 0 0 0 0 0 0 0 0 0 0 0 0 0 0 0 0 0 0 0 0 0 0 0 0 
0 0 0 0 0 0 0 0 0 0 32 0 0 0 0 0 0 0 0 0 32 0 0 0 0 0 0 0 32 0 0 0 31 0 0 0 0 0 0 0 0 0 0 0 0 0 0 0 0 0 0 0 0 0 0 0 0 0 0 0 0 0 0 0 0 0 0 0 0 0 0 0 
0 0 31 0 0 0 31 0 0 0 0 0 0 0 31 0 0 0 0 0 0 0 0 0 0 0 0 0 0 0 0 0 32 0 0 0 33 0 31 0 0 0 31 0 0 0 0 0 0 0 0 0 0 0 0 0 0 0 0 0 0 0 0 0 0 0 0 0 0 0 0 0 
0 0 32 0 0 0 0 0 0 0 0 0 0 0 32 0 0 0 0 0 32 0 0 0 0 0 0 0 32 0 0 0 0 0 0 0 0 0 0 0 0 0 38 0 0 0 0 0 0 0 0 0 0 0 0 0 0 0 0 0 0 0 0 0 0 0 0 0 0 0 0 0 
0 0 0 0 33 0 31 0 0 0 31 0 0 0 0 0 0 0 0 0 0 0 0 0 0 0 0 0 0 0 33 0 31 0 0 0 31 0 0 0 31 0 0 0 0 0 0 0 0 0 0 0 0 0 0 0 0 0 0 0 0 0 0 0 0 0 0 0 0 0 0 0 
0 0 34 0 0 0 0 0 0 0 0 0 0 0 0 0 0 0 0 0 32 0 0 0 0 0 0 0 34 0 0 0 0 0 0 0 0 0 0 0 0 0 0 0 0 0 0 0 0 0 0 0 0 0 0 0 0 0 0 0 0 0 0 0 0 0 0 0 0 0 0 0 
0 0 0 0 0 0 0 0 0 0 0 0 0 0 0 0 0 0 0 0 0 0 0 0 0 0 0 0 31 0 0 0 34 0 0 0 0 0 0 0 0 0 0 0 0 0 0 0 0 0 0 0 0 0 0 0 0 0 0 0 0 0 0 0 0 0 0 0 0 0 0 0 
0 0 41 0 42 0 42 0 41 0 42 0 42 0 41 0 42 0 42 0 42 0 0 0 0 0 0 0 0 0 0 0 0 0 41 0 42 0 42 0 41 0 42 0 42 0 43 0 0 0 0 0 0 0 0 0 0 0 0 0 0 0 0 0 0 0 0 0 0 0 0 0 
0 0 43 0 0 0 0 0 43 0 0 0 0 0 43 0 0 0 0 0 0 0 0 0 0 0 0 0 0 0 0 0 0 0 43 0 0 0 0 0 43 0 0 0 0 0 43 0 0 0 0 0 0 0 0 0 0 0 0 0 0 0 0 0 0 0 0 0 0 0 0 0 
decorations 2
240 961 33 0
200 1001 33 0

layer // layer 2
name Main
offset 0 0
cells_offset 120 0
scroll_scale_factor_1 1 1
scroll_scale_factor_2 1 1
cell_size 40 40
width 37
height 60
cells
0 0 2 2 2 2 2 2 2 0 0 0 0 0 0 0 0 0 0 0 0 0 0 0 0 0 0 0 0 0 0 0 0 0 0 0 0 
0 0 2 0 0 0 0 0 2 0 0 0 0 0 0 0 0 0 0 0 0 0 0 0 0 0 0 0 0 0 0 0 0 0 0 0 0 
0 0 2 0 0 0 0 0 2 0 0 0 0 0 0 0 0 0 0 0 0 0 0 0 0 0 0 0 0 0 0 0 0 0 0 0 0 
0 0 2 0 0 0 0 0 2 0 0 0 0 0 0 0 0 0 0 0 0 0 0 0 0 0 0 0 0 0 0 0 0 0 0 0 0 
0 0 2 0 0 0 0 0 2 0 0 0 0 0 0 0 0 0 0 0 0 0 0 0 0 0 0 0 0 0 0 0 0 0 0 0 0 
0 0 2 0 0 0 0 0 2 0 0 0 0 0 0 0 0 0 0 0 0 0 0 0 0 0 0 0 0 0 0 0 0 0 0 0 0 
0 0 2 0 0 0 0 0 2 0 0 0 0 0 0 0 0 0 0 0 0 0 0 0 0 0 0 0 0 0 0 0 0 0 0 0 0 
0 0 2 0 0 0 0 0 2 0 0 0 0 0 0 0 0 0 0 0 0 0 0 0 0 0 0 0 0 0 0 0 0 0 0 0 0 
0 0 2 2 2 2 2 2 12290 0 0 0 0 0 12290 0 0 0 0 0 0 0 0 0 0 0 0 0 0 0 0 0 0 0 0 0 0 
0 0 0 0 0 0 0 2 0 194 0 0 0 1538 0 2 0 0 0 0 0 0 0 0 0 0 0 0 0 0 0 0 0 0 0 0 0 
0 0 0 0 0 0 2 0 0 12482 0 0 0 13826 0 0 2 0 0 0 0 0 0 0 0 0 0 0 0 0 0 0 0 0 0 0 0 
0 0 0 0 0 0 2 0 0 0 2 2 2 0 0 0 2 0 0 0 0 0 0 0 0 0 0 0 0 0 0 0 0 0 0 0 0 
0 0 0 0 0 0 1538 0 0 0 0 0 0 0 0 0 194 0 0 0 0 0 0 0 0 0 0 0 0 0 0 0 0 0 0 0 0 
0 0 0 0 0 0 1538 0 0 0 0 0 0 0 0 0 194 0 0 0 0 0 0 0 0 0 0 0 0 0 0 0 0 0 0 0 0 
0 0 0 0 0 0 1538 0 218 26 2 2 2 26 1562 0 194 0 0 0 0 0 0 0 0 0 0 0 0 0 0 0 0 0 0 0 0 
0 0 0 0 0 0 1538 0 12482 12290 2 2 2 12290 13826 0 194 0 0 0 0 0 0 0 0 0 0 0 0 0 0 0 0 0 0 0 0 
0 0 0 0 0 0 1538 0 0 0 12482 0 13826 0 0 0 194 0 0 0 0 0 0 0 0 0 0 0 0 0 0 0 0 0 0 0 0 
0 0 0 0 0 0 1538 0 0 0 0 0 0 0 0 0 194 0 0 0 0 0 0 0 0 0 0 0 0 0 0 0 0 0 0 0 0 
0 0 0 0 0 0 1538 0 0 0 2 0 2 0 0 0 194 0 0 0 0 0 0 0 0 0 0 0 0 0 0 0 0 0 0 0 0 
0 0 0 0 0 0 0 1562 0 0 2 0 2 0 0 218 0 0 0 0 0 0 0 0 0 0 0 0 0 0 0 0 0 0 0 0 0 
0 0 0 0 0 0 0 0 26 26 2 0 2 26 26 0 0 0 0 0 0 0 0 0 0 0 2 2 2 2 2 0 0 0 0 0 0 
0 0 0 0 0 0 0 0 0 2 2 0 2 0 0 0 0 0 0 0 0 0 0 0 0 0 2 0 0 0 2 0 0 0 0 0 0 
0 0 0 2 2 2 2 2 0 2 2 0 2 2 0 2 2 2 2 2 2 2 2 2 2 2 2 0 2 2 2 2 2 2 2 2 2 
0 0 2 0 0 0 0 2 2 2 2 0 2 2 2 2 0 0 0 0 0 0 0 0 0 0 0 0 0 0 0 0 0 0 0 0 2 
0 2 0 0 2 2 2 2 2 0 0 0 0 0 2 2 2 2 2 2 2 2 2 2 2 2 2 2 0 2 2 2 2 2 2 2 2 
2 0 0 2 0 0 2 2 0 0 2 0 2 0 0 2 2 0 0 0 0 0 0 0 0 0 0 2 0 0 0 2 0 0 0 0 0 
2 0 2 0 0 2 2 0 0 2 2 0 2 2 0 0 2 2 2 2 2 2 2 2 2 2 0 2 0 2 2 2 0 0 0 0 0 
2 0 2 0 2 2 0 0 0 2 0 0 12290 12290 0 0 0 2 0 0 0 0 0 0 0 2 0 0 0 0 0 2 0 0 0 0 0 
2 0 2 0 2 2 0 0 0 2 0 1730 0 0 0 0 0 2 0 0 0 0 0 0 0 0 2 2 2 2 2 2 0 0 0 0 0 
2 0 2 0 2 2 0 0 0 2 0 1730 0 0 0 0 0 2 0 0 0 0 0 0 0 0 0 0 0 0 0 0 0 0 0 0 0 
2 0 2 0 2 2 0 0 0 2 0 0 26 26 0 0 0 2 0 0 0 0 0 0 0 0 0 0 0 0 0 0 0 0 0 0 0 
2 0 2 0 2 0 2 2 2 2 2 0 2 2 2 2 2 0 0 0 0 0 0 0 0 0 0 0 0 0 0 0 0 0 0 0 0 
2 0 2 0 2 0 0 0 0 0 2 0 2 0 0 0 0 0 0 0 0 0 0 0 0 0 0 0 0 0 0 0 0 0 0 0 0 
2 0 2 0 2 0 0 0 0 2 2 0 2 2 0 0 0 0 0 0 0 0 0 0 0 0 0 0 0 0 0 0 0 0 0 0 0 
2 0 2 0 2 0 0 2 2 0 0 0 0 0 2 0 0 0 0 0 0 0 0 0 0 0 0 0 0 0 0 0 0 0 0 0 0 
2 0 2 0 2 0 2 0 0 0 0 0 0 0 0 2 0 0 0 0 0 0 0 0 0 0 0 0 0 0 0 0 0 0 0 0 0 
2 0 2 0 2 0 2 0 2 0 0 0 0 0 0 2 0 0 0 0 0 0 0 0 0 0 0 0 0 0 0 0 0 0 0 0 0 
2 0 2 0 2 0 2 0 2 0 0 0 0 0 2 2 0 0 0 0 0 0 0 0 0 0 0 0 0 0 0 0 0 0 0 0 0 
2 0 2 0 2 0 2 0 0 2 2 2 2 2 2 2 0 0 0 0 0 0 0 0 0 0 0 0 0 0 0 0 0 0 0 0 0 
2 0 2 0 2 0 2 2 0 0 0 0 0 0 0 2 0 0 0 0 0 0 0 0 0 0 0 0 0 0 0 0 0 0 0 0 0 
2 0 0 0 2 0 0 2 2 2 2 2 2 2 0 2 0 0 0 0 0 0 0 0 0 0 0 0 0 0 0 0 0 0 0 0 0 
2 0 2 0 2 0 0 2 0 0 0 0 0 0 0 2 0 0 0 0 0 0 0 0 0 0 0 0 0 0 0 0 0 0 0 0 0 
2 0 2 0 2 0 0 2 0 2 2 2 2 2 2 2 0 0 0 0 0 0 0 0 0 0 0 0 0 0 0 0 0 0 0 0 0 
2 0 2 0 2 0 0 2 0 0 0 0 0 0 2 0 0 0 0 0 0 0 0 0 0 0 0 0 0 0 0 0 0 0 0 0 0 
2 0 2 2 2 2 2 2 2 2 1562 0 218 2 2 2 2 2 2 0 0 0 0 0 0 0 0 0 0 0 0 0 0 0 0 0 0 
0 2 0 0 2 0 2 0 2 2 13826 0 12482 0 2 0 0 0 2 0 0 0 0 0 0 0 0 0 0 0 0 0 0 0 0 0 0 
0 0 2 2 2 0 2 0 2 1538 0 0 0 194 2 2 0 0 2 0 0 0 0 0 0 0 0 0 0 0 0 0 0 0 0 0 0 
0 0 0 0 2 0 2 0 2 1538 0 0 0 194 0 2 2 0 2 0 0 0 0 0 0 0 0 0 0 0 0 0 0 0 0 0 0 
0 0 0 0 2 0 2 0 0 1538 0 0 0 194 0 2 0 0 2 0 0 0 0 0 0 0 0 0 0 0 0 0 0 0 0 0 0 
0 0 0 0 2 0 2 2 0 1538 0 0 0 194 0 2 0 2 2 0 0 0 0 0 0 0 0 0 0 0 0 0 0 0 0 0 0 
0 0 0 0 2 0 0 2 0 1538 0 0 0 194 0 2 0 0 2 0 0 0 0 0 0 0 0 0 0 0 0 0 0 0 0 0 0 
0 0 0 0 2 0 0 2 0 1538 0 0 0 194 0 2 2 0 2 0 0 0 0 0 0 0 0 0 0 0 0 0 0 0 0 0 0 
0 2 2 2 2 0 2 2 0 1538 0 0 0 194 0 2 0 0 2 2 2 2 0 0 0 0 0 0 0 0 0 0 0 0 0 0 0 
2 0 0 0 0 0 2 0 0 1538 0 0 0 194 0 2 0 0 0 0 0 0 2 0 0 0 0 0 0 0 0 0 0 0 0 0 0 
2 0 2 2 2 2 2 0 0 1538 0 0 0 194 0 2 2 2 2 2 2 0 2 0 0 0 0 0 0 0 0 0 0 0 0 0 0 
2 0 0 0 0 0 0 0 0 1538 0 0 0 194 0 0 0 0 0 0 0 0 2 0 0 0 0 0 0 0 0 0 0 0 0 0 0 
2 2 2 2 2 2 2 2 2 1538 0 0 0 12482 12290 12290 2 2 2 2 2 2 2 0 0 0 0 0 0 0 0 0 0 0 0 0 0 
0 0 0 0 0 0 2 2 2 2 0 0 0 0 0 0 2 0 0 0 0 0 0 0 0 0 0 0 0 0 0 0 0 0 0 0 0 
0 0 0 0 0 0 2 0 0 0 0 0 0 0 0 0 2 0 0 0 0 0 0 0 0 0 0 0 0 0 0 0 0 0 0 0 0 
2 2 2 2 2 2 2 2 2 2 2 2 2 2 2 2 2 2 2 2 2 2 2 0 0 0 0 0 0 0 0 0 0 0 0 0 0 
sprite_cells
0 0 0 0 0 0 0 0 0 0 0 0 0 0 0 0 0 0 0 0 0 0 0 0 0 0 0 0 0 0 0 0 0 0 0 0 0 0 0 0 0 0 0 0 0 0 0 0 0 0 0 0 0 0 0 0 0 0 0 0 0 0 0 0 0 0 0 0 0 0 0 0 0 0 
0 0 0 0 0 0 0 0 0 0 0 0 0 0 0 0 0 0 0 0 0 0 0 0 0 0 0 0 0 0 0 0 0 0 0 0 0 0 0 0 0 0 0 0 0 0 0 0 0 0 0 0 0 0 0 0 0 0 0 0 0 0 0 0 0 0 0 0 0 0 0 0 0 0 
0 0 0 0 0 0 0 0 0 0 0 0 0 0 0 0 0 0 0 0 0 0 0 0 0 0 0 0 0 0 0 0 0 0 0 0 0 0 0 0 0 0 0 0 0 0 0 0 0 0 0 0 0 0 0 0 0 0 0 0 0 0 0 0 0 0 0 0 0 0 0 0 0 0 
0 0 0 0 0 0 0 0 0 0 0 0 0 0 0 0 0 0 0 0 0 0 0 0 0 0 0 0 0 0 0 0 0 0 0 0 0 0 0 0 0 0 0 0 0 0 0 0 0 0 0 0 0 0 0 0 0 0 0 0 0 0 0 0 0 0 0 0 0 0 0 0 0 0 
0 0 0 0 0 0 0 0 0 0 0 0 0 0 0 0 0 0 0 0 0 0 0 0 0 0 0 0 0 0 0 0 0 0 0 0 0 0 0 0 0 0 0 0 0 0 0 0 0 0 0 0 0 0 0 0 0 0 0 0 0 0 0 0 0 0 0 0 0 0 0 0 0 0 
0 0 0 0 0 0 0 0 0 0 0 0 0 0 0 0 0 0 0 0 44 0 45 0 46 0 0 0 0 0 0 0 0 0 0 0 0 0 0 0 0 0 0 0 0 0 0 0 0 0 0 0 0 0 0 0 0 0 0 0 0 0 0 0 0 0 0 0 0 0 0 0 0 0 
0 0 0 0 0 0 0 0 0 0 47 0 0 0 0 0 44 0 48 0 49 0 50 0 47 0 0 0 0 0 0 0 0 0 0 0 0 0 0 0 0 0 0 0 0 0 0 0 0 0 0 0 0 0 0 0 0 0 0 0 0 0 0 0 0 0 0 0 0 0 0 0 0 0 
0 0 0 0 0 0 0 0 0 0 47 0 51 0 52 0 53 0 35 0 47 0 54 0 47 0 44 0 45 0 46 0 55 0 0 0 0 0 0 0 0 0 0 0 0 0 0 0 0 0 0 0 0 0 0 0 0 0 0 0 0 0 0 0 0 0 0 0 0 0 0 0 0 0 
0 0 0 0 0 0 0 0 0 0 56 0 57 0 58 0 34 0 34 0 34 0 34 0 34 0 34 0 34 0 59 0 60 0 0 0 0 0 0 0 0 0 0 0 0 0 0 0 0 0 0 0 0 0 0 0 0 0 0 0 0 0 0 0 0 0 0 0 0 0 0 0 0 0 
0 0 0 0 0 0 0 0 0 0 47 0 61 0 62 0 63 0 32 0 64 0 65 0 66 0 32 0 63 0 67 0 53 0 35 0 0 0 0 0 0 0 0 0 0 0 0 0 0 0 0 0 0 0 0 0 0 0 0 0 0 0 0 0 0 0 0 0 0 0 0 0 0 0 
0 0 0 0 0 0 0 0 0 0 47 0 62 0 63 0 63 0 0 0 68 0 69 0 0 0 0 0 63 0 63 0 67 0 50 0 0 0 0 0 0 0 0 0 0 0 0 0 0 0 0 0 0 0 0 0 0 0 0 0 0 0 0 0 0 0 0 0 0 0 0 0 0 0 
0 0 0 0 0 0 0 0 0 0 70 0 62 0 63 0 63 0 63 0 71 0 59 0 71 0 63 0 63 0 63 0 67 0 37 0 0 0 0 0 0 0 0 0 0 0 0 0 0 0 0 0 0 0 0 0 0 0 0 0 0 0 0 0 0 0 0 0 0 0 0 0 0 0 
0 0 0 0 0 0 72 0 73 0 73 0 34 0 0 0 0 0 0 0 0 0 0 0 0 0 0 0 0 0 0 0 34 0 73 0 73 0 74 0 0 0 0 0 0 0 0 0 0 0 0 0 0 0 0 0 0 0 0 0 0 0 0 0 0 0 0 0 0 0 0 0 0 0 
0 0 0 0 0 0 0 0 51 0 52 0 34 0 0 0 0 0 0 0 0 0 0 0 0 0 0 0 0 0 0 0 34 0 52 0 35 0 0 0 0 0 0 0 0 0 0 0 0 0 0 0 0 0 0 0 0 0 0 0 0 0 0 0 0 0 0 0 0 0 0 0 0 0 
0 0 0 0 0 0 0 0 61 0 75 0 34 0 0 0 51 0 35 0 76 0 76 0 76 0 51 0 35 0 0 0 34 0 75 0 54 0 0 0 0 0 0 0 0 0 0 0 0 0 0 0 0 0 0 0 0 0 0 0 0 0 0 0 0 0 0 0 0 0 0 0 0 0 
0 0 0 0 0 0 0 0 36 0 77 0 34 0 0 0 36 0 37 0 0 0 0 0 0 0 36 0 37 0 0 0 34 0 77 0 37 0 0 0 0 0 0 0 0 0 0 0 0 0 0 0 0 0 0 0 0 0 0 0 0 0 0 0 0 0 0 0 0 0 0 0 0 0 
0 0 0 0 0 0 0 0 0 0 0 0 56 0 0 0 0 0 0 0 0 0 0 0 0 0 0 0 0 0 0 0 56 0 0 0 0 0 0 0 0 0 0 0 0 0 0 0 0 0 0 0 0 0 0 0 0 0 0 0 0 0 0 0 0 0 0 0 0 0 0 0 0 0 
0 0 0 0 0 0 0 0 0 0 0 0 32 0 0 0 0 0 0 0 0 0 0 0 0 0 0 0 0 0 0 0 32 0 0 0 0 0 0 0 0 0 0 0 0 0 0 0 0 0 0 0 0 0 0 0 0 0 0 0 0 0 0 0 0 0 0 0 0 0 0 0 0 0 
0 0 0 0 0 0 0 0 0 0 0 0 0 0 0 0 0 0 0 0 62 0 63 0 67 0 0 0 0 0 0 0 0 0 0 0 0 0 0 0 0 0 0 0 0 0 0 0 0 0 0 0 0 0 0 0 0 0 0 0 0 0 0 0 0 0 0 0 0 0 0 0 0 0 
0 0 0 0 0 0 0 0 0 0 0 0 36 0 34 0 0 0 0 0 62 0 63 0 67 0 0 0 0 0 34 0 37 0 0 0 0 0 0 0 0 0 0 0 0 0 0 0 0 0 0 0 0 0 0 0 0 0 0 0 0 0 0 0 0 0 0 0 0 0 0 0 0 0 
0 0 0 0 0 0 0 0 0 0 0 0 0 0 36 0 34 0 32 0 62 0 63 0 67 0 32 0 34 0 37 0 0 0 0 0 0 0 0 0 0 0 0 0 0 0 0 0 0 0 0 0 34 0 34 0 34 0 34 0 34 0 0 0 0 0 0 0 0 0 0 0 0 0 
0 0 0 0 0 0 0 0 0 0 0 0 0 0 0 0 0 0 0 0 62 0 63 0 39 0 0 0 0 0 0 0 0 0 0 0 0 0 0 0 0 0 0 0 0 0 0 0 0 0 0 0 34 0 0 0 0 0 0 0 34 0 0 0 0 0 0 0 0 0 0 0 0 0 
0 0 0 0 0 0 34 0 34 0 34 0 34 0 34 0 34 0 39 0 39 0 0 0 39 0 39 0 34 0 34 0 34 0 34 0 34 0 34 0 34 0 34 0 34 0 34 0 34 0 34 0 34 0 0 0 34 0 34 0 34 0 34 0 34 0 34 0 34 0 78 0 78 0 
0 0 0 0 34 0 79 0 79 0 79 0 79 0 39 0 39 0 39 0 39 0 0 0 39 0 39 0 39 0 39 0 79 0 79 0 79 0 79 0 79 0 79 0 79 0 79 0 79 0 79 0 79 0 79 0 80 0 0 0 0 0 0 0 0 0 0 0 0 0 0 0 78 0 
0 0 34 0 79 0 79 0 39 0 39 0 39 0 39 0 39 0 0 0 0 0 0 0 0 0 0 0 39 0 39 0 39 0 81 0 82 0 82 0 82 0 83 0 81 0 82 0 82 0 82 0 82 0 83 0 80 0 34 0 34 0 34 0 34 0 34 0 34 0 78 0 78 0 
34 0 84 0 84 0 39 0 80 0 0 0 39 0 39 0 0 0 0 0 39 0 0 0 39 0 0 0 0 0 39 0 39 0 85 0 85 0 85 0 85 0 85 0 85 0 85 0 85 0 85 0 85 0 39 0 80 0 0 0 0 0 34 0 0 0 0 0 0 0 0 0 0 0 
34 0 84 0 86 0 80 0 80 0 39 0 39 0 0 0 0 0 39 0 39 0 0 0 39 0 39 0 0 0 0 0 39 0 39 0 34 0 34 0 34 0 34 0 34 0 34 0 34 0 34 0 85 0 39 0 80 0 34 0 34 0 34 0 0 0 0 0 0 0 0 0 0 0 
34 0 84 0 87 0 80 0 34 0 39 0 0 0 0 0 0 0 39 0 0 0 0 0 88 0 88 0 0 0 0 0 0 0 39 0 34 0 0 0 0 0 0 0 0 0 0 0 0 0 34 0 85 0 85 0 80 0 0 0 0 0 34 0 0 0 0 0 0 0 0 0 0 0 
34 0 84 0 87 0 80 0 34 0 39 0 0 0 0 0 0 0 39 0 0 0 89 0 0 0 0 0 0 0 0 0 0 0 39 0 34 0 0 0 0 0 0 0 0 0 0 0 0 0 0 0 34 0 34 0 34 0 34 0 34 0 34 0 0 0 0 0 0 0 0 0 0 0 
34 0 84 0 87 0 80 0 34 0 39 0 0 0 0 0 0 0 39 0 0 0 89 0 0 0 0 0 0 0 0 0 0 0 39 0 34 0 0 0 0 0 0 0 0 0 0 0 0 0 0 0 0 0 0 0 0 0 0 0 0 0 0 0 0 0 0 0 0 0 0 0 0 0 
34 0 84 0 87 0 80 0 34 0 39 0 0 0 0 0 0 0 39 0 0 0 0 0 90 0 90 0 0 0 0 0 0 0 39 0 34 0 0 0 0 0 0 0 0 0 0 0 0 0 0 0 0 0 0 0 0 0 0 0 0 0 0 0 0 0 0 0 0 0 0 0 0 0 
34 0 84 0 87 0 80 0 34 0 39 0 39 0 39 0 39 0 39 0 39 0 0 0 39 0 39 0 39 0 39 0 39 0 39 0 34 0 0 0 0 0 0 0 0 0 0 0 0 0 0 0 0 0 0 0 0 0 0 0 0 0 0 0 0 0 0 0 0 0 0 0 0 0 
34 0 84 0 91 0 80 0 34 0 70 0 57 0 92 0 58 0 39 0 93 0 0 0 93 0 39 0 94 0 50 0 55 0 55 0 34 0 0 0 0 0 0 0 0 0 0 0 0 0 0 0 0 0 0 0 0 0 0 0 0 0 0 0 0 0 0 0 0 0 0 0 0 0 
34 0 84 0 86 0 80 0 34 0 53 0 35 0 94 0 57 0 39 0 39 0 0 0 39 0 39 0 39 0 47 0 36 0 37 0 34 0 0 0 0 0 0 0 0 0 0 0 0 0 0 0 0 0 0 0 0 0 0 0 0 0 0 0 0 0 0 0 0 0 0 0 0 0 
34 0 84 0 87 0 80 0 34 0 60 0 95 0 39 0 39 0 0 0 0 0 0 0 0 0 0 0 39 0 70 0 45 0 46 0 34 0 0 0 0 0 0 0 0 0 0 0 0 0 0 0 0 0 0 0 0 0 0 0 0 0 0 0 0 0 0 0 0 0 0 0 0 0 
34 0 84 0 87 0 80 0 34 0 56 0 39 0 0 0 0 0 0 0 0 0 0 0 0 0 0 0 0 0 39 0 51 0 53 0 34 0 0 0 0 0 0 0 0 0 0 0 0 0 0 0 0 0 0 0 0 0 0 0 0 0 0 0 0 0 0 0 0 0 0 0 0 0 
34 0 84 0 87 0 80 0 34 0 95 0 39 0 0 0 39 0 0 0 0 0 0 0 0 0 0 0 0 0 39 0 96 0 60 0 34 0 0 0 0 0 0 0 0 0 0 0 0 0 0 0 0 0 0 0 0 0 0 0 0 0 0 0 0 0 0 0 0 0 0 0 0 0 
34 0 84 0 87 0 80 0 34 0 60 0 39 0 0 0 39 0 0 0 0 0 0 0 0 0 0 0 39 0 39 0 55 0 96 0 34 0 0 0 0 0 0 0 0 0 0 0 0 0 0 0 0 0 0 0 0 0 0 0 0 0 0 0 0 0 0 0 0 0 0 0 0 0 
34 0 84 0 87 0 80 0 34 0 60 0 39 0 0 0 0 0 39 0 39 0 39 0 39 0 39 0 39 0 94 0 57 0 50 0 34 0 0 0 0 0 0 0 0 0 0 0 0 0 0 0 0 0 0 0 0 0 0 0 0 0 0 0 0 0 0 0 0 0 0 0 0 0 
34 0 84 0 91 0 80 0 34 0 96 0 39 0 39 0 63 0 63 0 63 0 63 0 63 0 63 0 63 0 39 0 59 0 60 0 34 0 0 0 0 0 0 0 0 0 0 0 0 0 0 0 0 0 0 0 0 0 0 0 0 0 0 0 0 0 0 0 0 0 0 0 0 0 
34 0 84 0 84 0 80 0 34 0 55 0 39 0 39 0 97 0 97 0 97 0 97 0 97 0 98 0 63 0 39 0 60 0 96 0 34 0 0 0 0 0 0 0 0 0 0 0 0 0 0 0 0 0 0 0 0 0 0 0 0 0 0 0 0 0 0 0 0 0 0 0 0 0 
34 0 84 0 34 0 80 0 34 0 53 0 39 0 0 0 63 0 63 0 63 0 63 0 63 0 63 0 63 0 0 0 60 0 57 0 34 0 0 0 0 0 0 0 0 0 0 0 0 0 0 0 0 0 0 0 0 0 0 0 0 0 0 0 0 0 0 0 0 0 0 0 0 0 
34 0 84 0 34 0 80 0 34 0 60 0 39 0 39 0 63 0 99 0 97 0 97 0 97 0 97 0 39 0 39 0 61 0 54 0 34 0 0 0 0 0 0 0 0 0 0 0 0 0 0 0 0 0 0 0 0 0 0 0 0 0 0 0 0 0 0 0 0 0 0 0 0 0 
34 0 84 0 34 0 0 0 34 0 70 0 53 0 39 0 63 0 63 0 63 0 63 0 63 0 63 0 39 0 94 0 45 0 37 0 34 0 0 0 0 0 0 0 0 0 0 0 0 0 0 0 0 0 0 0 0 0 0 0 0 0 0 0 0 0 0 0 0 0 0 0 0 0 
34 0 0 0 34 0 34 0 34 0 39 0 39 0 39 0 39 0 39 0 34 0 0 0 34 0 39 0 39 0 39 0 39 0 39 0 34 0 0 0 0 0 0 0 0 0 0 0 0 0 0 0 0 0 0 0 0 0 0 0 0 0 0 0 0 0 0 0 0 0 0 0 0 0 
0 0 34 0 0 0 0 0 34 0 84 0 39 0 80 0 39 0 34 0 34 0 0 0 34 0 34 0 39 0 0 0 80 0 80 0 34 0 0 0 0 0 0 0 0 0 0 0 0 0 0 0 0 0 0 0 0 0 0 0 0 0 0 0 0 0 0 0 0 0 0 0 0 0 
0 0 0 0 34 0 34 0 34 0 84 0 39 0 80 0 39 0 34 0 0 0 0 0 0 0 34 0 39 0 39 0 80 0 80 0 34 0 0 0 0 0 0 0 0 0 0 0 0 0 0 0 0 0 0 0 0 0 0 0 0 0 0 0 0 0 0 0 0 0 0 0 0 0 
0 0 0 0 0 0 0 0 34 0 84 0 39 0 80 0 39 0 34 0 0 0 0 0 0 0 34 0 84 0 39 0 39 0 80 0 34 0 0 0 0 0 0 0 0 0 0 0 0 0 0 0 0 0 0 0 0 0 0 0 0 0 0 0 0 0 0 0 0 0 0 0 0 0 
0 0 0 0 0 0 0 0 34 0 84 0 39 0 80 0 80 0 34 0 0 0 0 0 0 0 34 0 84 0 39 0 80 0 80 0 34 0 0 0 0 0 0 0 0 0 0 0 0 0 0 0 0 0 0 0 0 0 0 0 0 0 0 0 0 0 0 0 0 0 0 0 0 0 
0 0 0 0 0 0 0 0 34 0 84 0 39 0 39 0 80 0 34 0 0 0 0 0 0 0 34 0 84 0 39 0 80 0 39 0 34 0 0 0 0 0 0 0 0 0 0 0 0 0 0 0 0 0 0 0 0 0 0 0 0 0 0 0 0 0 0 0 0 0 0 0 0 0 
0 0 0 0 0 0 0 0 34 0 84 0 84 0 39 0 80 0 34 0 0 0 0 0 0 0 34 0 84 0 39 0 80 0 80 0 34 0 0 0 0 0 0 0 0 0 0 0 0 0 0 0 0 0 0 0 0 0 0 0 0 0 0 0 0 0 0 0 0 0 0 0 0 0 
0 0 0 0 0 0 0 0 34 0 84 0 84 0 39 0 80 0 34 0 0 0 0 0 0 0 34 0 84 0 39 0 39 0 80 0 34 0 0 0 0 0 0 0 0 0 0 0 0 0 0 0 0 0 0 0 0 0 0 0 0 0 0 0 0 0 0 0 0 0 0 0 0 0 
0 0 34 0 34 0 34 0 34 0 84 0 39 0 39 0 80 0 34 0 0 0 0 0 0 0 34 0 84 0 39 0 80 0 80 0 34 0 34 0 34 0 34 0 0 0 0 0 0 0 0 0 0 0 0 0 0 0 0 0 0 0 0 0 0 0 0 0 0 0 0 0 0 0 
34 0 79 0 79 0 79 0 79 0 84 0 39 0 80 0 80 0 34 0 0 0 0 0 0 0 34 0 84 0 39 0 80 0 80 0 79 0 79 0 79 0 79 0 34 0 0 0 0 0 0 0 0 0 0 0 0 0 0 0 0 0 0 0 0 0 0 0 0 0 0 0 0 0 
34 0 85 0 39 0 39 0 39 0 39 0 39 0 80 0 80 0 34 0 0 0 0 0 0 0 34 0 84 0 39 0 39 0 39 0 39 0 39 0 39 0 79 0 34 0 0 0 0 0 0 0 0 0 0 0 0 0 0 0 0 0 0 0 0 0 0 0 0 0 0 0 0 0 
34 0 85 0 85 0 85 0 85 0 85 0 85 0 80 0 80 0 34 0 0 0 0 0 0 0 34 0 85 0 85 0 85 0 85 0 85 0 85 0 85 0 85 0 34 0 0 0 0 0 0 0 0 0 0 0 0 0 0 0 0 0 0 0 0 0 0 0 0 0 0 0 0 0 
34 0 34 0 34 0 34 0 34 0 34 0 34 0 34 0 34 0 34 0 0 0 0 0 0 0 34 0 34 0 34 0 34 0 34 0 34 0 34 0 34 0 34 0 34 0 0 0 0 0 0 0 0 0 0 0 0 0 0 0 0 0 0 0 0 0 0 0 0 0 0 0 0 0 
41 0 42 0 42 0 41 0 42 0 42 0 41 0 42 0 42 0 42 0 0 0 0 0 0 0 0 0 0 0 0 0 41 0 42 0 42 0 41 0 42 0 42 0 41 0 0 0 0 0 0 0 0 0 0 0 0 0 0 0 0 0 0 0 0 0 0 0 0 0 0 0 0 0 
43 0 0 0 0 0 43 0 0 0 0 0 43 0 0 0 0 0 0 0 0 0 0 0 0 0 0 0 0 0 0 0 43 0 0 0 0 0 43 0 0 0 0 0 43 0 0 0 0 0 0 0 0 0 0 0 0 0 0 0 0 0 0 0 0 0 0 0 0 0 0 0 0 0 
78 0 78 0 78 0 78 0 78 0 78 0 78 0 78 0 100 0 78 0 78 0 78 0 78 0 78 0 78 0 78 0 78 0 78 0 78 0 78 0 78 0 78 0 78 0 0 0 0 0 0 0 0 0 0 0 0 0 0 0 0 0 0 0 0 0 0 0 0 0 0 0 0 0 
decorations 35
528 373 101 0
526 370 102 0
460 581 103 0
661 579 103 3434
298 601 104 0
299 521 105 0
300 561 106 0
338 601 107 0
339 541 107 0
560 631 108 0
1559 879 109 0
600 839 110 0
519 879 110 0
600 879 110 0
619 1204 111 0
560 1120 112 0
560 1160 112 0
593 1160 112 0
593 1120 112 0
599 1200 113 0
641 1200 113 0
600 1113 113 0
641 1113 113 0
781 1300 96 0
680 1439 114 0
546 1528 115 0
340 1320 54 0
780 1680 96 0
781 1420 55 0
821 520 116 0
821 600 117 0
840 560 106 0
781 540 107 0
781 600 107 0
700 2320 118 0

layer // layer 3
name noname
offset 0 0
cells_offset 120 400
scroll_scale_factor_1 1 1
scroll_scale_factor_2 1 1
cell_size 40 40
width 35
height 45
no_cells
sprite_cells
0 0 0 0 0 0 0 0 0 0 0 0 119 0 0 0 0 0 0 0 0 0 0 0 0 0 0 0 0 0 0 0 120 0 0 0 0 0 0 0 0 0 0 0 0 0 0 0 0 0 0 0 0 0 0 0 0 0 0 0 0 0 0 0 0 0 0 0 0 0 
0 0 0 0 0 0 0 0 0 0 0 0 121 0 0 0 0 0 0 0 39 0 39 0 39 0 0 0 0 0 0 0 122 0 0 0 0 0 0 0 0 0 0 0 0 0 0 0 0 0 0 0 0 0 0 0 0 0 0 0 0 0 0 0 0 0 0 0 0 0 
0 0 0 0 0 0 0 0 0 0 0 0 123 0 0 0 0 0 0 0 0 0 0 0 0 0 0 0 0 0 0 0 123 0 0 0 0 0 0 0 0 0 0 0 0 0 0 0 0 0 0 0 0 0 0 0 0 0 0 0 0 0 0 0 0 0 0 0 0 0 
0 0 0 0 0 0 0 0 0 0 0 0 123 0 0 0 0 0 0 0 0 0 0 0 0 0 0 0 0 0 0 0 123 0 0 0 0 0 0 0 0 0 0 0 0 0 0 0 0 0 0 0 0 0 0 0 0 0 0 0 0 0 0 0 0 0 0 0 0 0 
0 0 0 0 0 0 0 0 0 0 0 0 124 0 0 0 0 0 0 0 77 0 77 0 77 0 0 0 0 0 0 0 125 0 0 0 0 0 0 0 0 0 0 0 0 0 0 0 0 0 0 0 0 0 0 0 0 0 0 0 0 0 0 0 0 0 0 0 0 0 
0 0 0 0 0 0 0 0 0 0 0 0 0 0 0 0 0 0 0 0 32 0 93 0 32 0 0 0 0 0 0 0 0 0 0 0 0 0 0 0 0 0 0 0 0 0 0 0 0 0 0 0 0 0 0 0 0 0 0 0 0 0 0 0 0 0 0 0 0 0 
0 0 0 0 0 0 0 0 0 0 0 0 0 0 0 0 0 0 0 0 0 0 126 0 0 0 0 0 0 0 0 0 0 0 0 0 0 0 0 0 0 0 0 0 0 0 0 0 0 0 0 0 0 0 0 0 0 0 0 0 0 0 0 0 0 0 0 0 0 0 
0 0 0 0 0 0 0 0 0 0 0 0 0 0 0 0 0 0 0 0 0 0 0 0 0 0 0 0 0 0 0 0 0 0 0 0 0 0 0 0 0 0 0 0 0 0 0 0 0 0 0 0 0 0 0 0 0 0 0 0 0 0 0 0 0 0 0 0 0 0 
0 0 0 0 0 0 0 0 0 0 0 0 0 0 0 0 0 0 0 0 0 0 0 0 0 0 0 0 0 0 0 0 0 0 0 0 0 0 0 0 0 0 0 0 0 0 0 0 0 0 0 0 0 0 0 0 0 0 0 0 0 0 0 0 0 0 0 0 0 0 
0 0 0 0 0 0 0 0 0 0 0 0 0 0 0 0 0 0 0 0 0 0 0 0 0 0 0 0 0 0 0 0 0 0 0 0 0 0 0 0 0 0 0 0 0 0 0 0 0 0 0 0 0 0 0 0 0 0 0 0 0 0 0 0 0 0 0 0 0 0 
0 0 0 0 0 0 0 0 0 0 0 0 0 0 0 0 0 0 0 0 0 0 0 0 0 0 0 0 0 0 0 0 0 0 0 0 0 0 0 0 0 0 0 0 0 0 0 0 0 0 0 0 0 0 0 0 0 0 0 0 0 0 0 0 0 0 0 0 0 0 
0 0 0 0 0 0 0 0 0 0 0 0 0 0 0 0 0 0 0 0 0 0 0 0 67 0 0 0 0 0 0 0 0 0 0 0 0 0 0 0 0 0 0 0 0 0 0 0 0 0 0 0 0 0 0 0 0 0 0 0 120 0 0 0 0 0 0 0 0 0 
0 0 0 0 0 0 0 0 0 0 0 0 0 0 0 0 0 0 0 0 0 0 0 0 0 0 0 0 0 0 0 0 0 0 0 0 0 0 0 0 0 0 0 0 0 0 0 0 0 0 0 0 0 0 0 0 0 0 0 0 125 0 127 0 127 0 127 0 120 0 
0 0 0 0 0 0 0 0 0 0 0 0 0 0 0 0 39 0 39 0 39 0 0 0 39 0 39 0 39 0 0 0 0 0 0 0 0 0 0 0 0 0 0 0 0 0 0 0 0 0 0 0 0 0 0 0 0 0 0 0 0 0 0 0 0 0 0 0 0 0 
0 0 0 0 0 0 0 0 0 0 0 0 0 0 39 0 39 0 14 0 128 0 0 0 128 0 14 0 39 0 39 0 0 0 0 0 0 0 0 0 0 0 0 0 0 0 0 0 0 0 0 0 0 0 0 0 0 0 0 0 0 0 119 0 127 0 127 0 124 0 
0 0 0 0 0 0 0 0 0 0 0 0 0 0 39 0 14 0 14 0 39 0 0 0 39 0 14 0 14 0 39 0 0 0 0 0 0 0 0 0 0 0 0 0 0 0 0 0 0 0 0 0 0 0 0 0 0 0 0 0 0 0 122 0 0 0 0 0 0 0 
0 0 0 0 0 0 0 0 0 0 0 0 0 0 0 0 0 0 39 0 39 0 0 0 39 0 39 0 0 0 0 0 0 0 0 0 0 0 0 0 0 0 0 0 0 0 0 0 0 0 0 0 0 0 0 0 0 0 0 0 0 0 123 0 0 0 0 0 0 0 
0 0 0 0 0 0 0 0 0 0 0 0 0 0 0 0 0 0 0 0 0 0 0 0 0 0 0 0 0 0 0 0 0 0 0 0 0 0 0 0 0 0 0 0 0 0 0 0 0 0 0 0 0 0 0 0 0 0 0 0 0 0 124 0 0 0 0 0 0 0 
0 0 0 0 0 0 0 0 0 0 0 0 0 0 0 0 0 0 0 0 0 0 0 0 0 0 0 0 0 0 0 0 0 0 0 0 0 0 0 0 0 0 0 0 0 0 0 0 0 0 0 0 0 0 0 0 0 0 0 0 0 0 0 0 0 0 0 0 0 0 
0 0 0 0 0 0 0 0 0 0 0 0 0 0 0 0 0 0 0 0 0 0 0 0 0 0 0 0 0 0 0 0 0 0 0 0 0 0 0 0 0 0 0 0 0 0 0 0 0 0 0 0 0 0 0 0 0 0 0 0 0 0 0 0 0 0 0 0 0 0 
0 0 0 0 0 0 0 0 0 0 0 0 0 0 0 0 0 0 0 0 0 0 0 0 0 0 0 0 0 0 0 0 0 0 0 0 0 0 0 0 0 0 0 0 0 0 0 0 0 0 0 0 0 0 0 0 0 0 0 0 0 0 0 0 0 0 0 0 0 0 
0 0 0 0 0 0 0 0 0 0 0 0 0 0 0 0 0 0 0 0 0 0 0 0 0 0 0 0 0 0 0 0 0 0 0 0 0 0 0 0 0 0 0 0 0 0 0 0 0 0 0 0 0 0 0 0 0 0 0 0 0 0 0 0 0 0 0 0 0 0 
0 0 0 0 0 0 0 0 0 0 0 0 0 0 0 0 0 0 0 0 0 0 0 0 0 0 0 0 0 0 0 0 0 0 0 0 0 0 0 0 0 0 0 0 0 0 0 0 0 0 0 0 0 0 0 0 0 0 0 0 0 0 0 0 0 0 0 0 0 0 
0 0 0 0 0 0 0 0 0 0 0 0 0 0 0 0 0 0 0 0 0 0 0 0 0 0 0 0 0 0 0 0 0 0 0 0 0 0 0 0 0 0 0 0 0 0 0 0 0 0 0 0 0 0 0 0 0 0 0 0 0 0 0 0 0 0 0 0 0 0 
129 0 0 0 0 0 0 0 129 0 0 0 0 0 0 0 0 0 0 0 0 0 0 0 0 0 0 0 0 0 0 0 0 0 0 0 0 0 0 0 0 0 0 0 0 0 0 0 0 0 0 0 0 0 0 0 0 0 0 0 0 0 0 0 0 0 0 0 0 0 
0 0 0 0 0 0 0 0 0 0 0 0 0 0 0 0 0 0 0 0 0 0 0 0 0 0 0 0 0 0 0 0 0 0 0 0 0 0 0 0 0 0 0 0 0 0 0 0 0 0 0 0 0 0 0 0 0 0 0 0 0 0 0 0 0 0 0 0 0 0 
0 0 0 0 0 0 0 0 0 0 0 0 0 0 0 0 0 0 0 0 0 0 0 0 0 0 0 0 0 0 0 0 0 0 0 0 0 0 0 0 0 0 0 0 0 0 0 0 0 0 0 0 0 0 0 0 0 0 0 0 0 0 0 0 0 0 0 0 0 0 
0 0 0 0 0 0 0 0 0 0 0 0 0 0 0 0 0 0 0 0 0 0 0 0 0 0 0 0 0 0 0 0 0 0 0 0 0 0 0 0 0 0 0 0 0 0 0 0 0 0 0 0 0 0 0 0 0 0 0 0 0 0 0 0 0 0 0 0 0 0 
0 0 0 0 0 0 0 0 0 0 0 0 0 0 0 0 0 0 0 0 0 0 0 0 0 0 0 0 0 0 0 0 0 0 0 0 0 0 0 0 0 0 0 0 0 0 0 0 0 0 0 0 0 0 0 0 0 0 0 0 0 0 0 0 0 0 0 0 0 0 
0 0 0 0 0 0 0 0 0 0 0 0 0 0 0 0 0 0 0 0 0 0 0 0 0 0 0 0 0 0 0 0 0 0 0 0 0 0 0 0 0 0 0 0 0 0 0 0 0 0 0 0 0 0 0 0 0 0 0 0 0 0 0 0 0 0 0 0 0 0 
0 0 0 0 0 0 0 0 0 0 0 0 0 0 0 0 0 0 0 0 0 0 0 0 0 0 0 0 0 0 0 0 0 0 0 0 0 0 0 0 0 0 0 0 0 0 0 0 0 0 0 0 0 0 0 0 0 0 0 0 0 0 0 0 0 0 0 0 0 0 
0 0 0 0 0 0 0 0 0 0 0 0 0 0 0 0 0 0 0 0 0 0 0 0 0 0 0 0 0 0 0 0 0 0 0 0 0 0 0 0 0 0 0 0 0 0 0 0 0 0 0 0 0 0 0 0 0 0 0 0 0 0 0 0 0 0 0 0 0 0 
0 0 0 0 0 0 0 0 0 0 0 0 0 0 0 0 0 0 0 0 0 0 0 0 0 0 0 0 0 0 0 0 0 0 0 0 0 0 0 0 0 0 0 0 0 0 0 0 0 0 0 0 0 0 0 0 0 0 0 0 0 0 0 0 0 0 0 0 0 0 
0 0 0 0 0 0 0 0 0 0 0 0 0 0 0 0 0 0 0 0 0 0 0 0 0 0 0 0 0 0 0 0 0 0 0 0 0 0 0 0 0 0 0 0 0 0 0 0 0 0 0 0 0 0 0 0 0 0 0 0 0 0 0 0 0 0 0 0 0 0 
0 0 0 0 0 0 0 0 0 0 0 0 0 0 0 0 0 0 0 0 0 0 0 0 0 0 0 0 0 0 0 0 0 0 0 0 0 0 0 0 0 0 0 0 0 0 0 0 0 0 0 0 0 0 0 0 0 0 0 0 0 0 0 0 0 0 0 0 0 0 
0 0 0 0 0 0 0 0 0 0 0 0 0 0 0 0 0 0 0 0 0 0 0 0 0 0 0 0 0 0 0 0 0 0 0 0 0 0 0 0 0 0 0 0 0 0 0 0 0 0 0 0 0 0 0 0 0 0 0 0 0 0 0 0 0 0 0 0 0 0 
0 0 0 0 0 0 0 0 0 0 0 0 0 0 0 0 0 0 0 0 0 0 0 0 0 0 0 0 0 0 0 0 0 0 0 0 0 0 0 0 0 0 0 0 0 0 0 0 0 0 0 0 0 0 0 0 0 0 0 0 0 0 0 0 0 0 0 0 0 0 
0 0 0 0 0 0 0 0 0 0 0 0 0 0 0 0 0 0 0 0 0 0 0 0 0 0 0 0 0 0 0 0 0 0 0 0 0 0 0 0 0 0 0 0 0 0 0 0 0 0 0 0 0 0 0 0 0 0 0 0 0 0 0 0 0 0 0 0 0 0 
0 0 0 0 0 0 0 0 0 0 0 0 0 0 0 0 0 0 0 0 0 0 0 0 0 0 0 0 0 0 0 0 0 0 0 0 0 0 0 0 0 0 0 0 0 0 0 0 0 0 0 0 0 0 0 0 0 0 0 0 0 0 0 0 0 0 0 0 0 0 
0 0 0 0 0 0 0 0 0 0 0 0 0 0 0 0 0 0 0 0 0 0 0 0 0 0 0 0 0 0 0 0 0 0 0 0 0 0 0 0 0 0 0 0 0 0 0 0 0 0 0 0 0 0 0 0 0 0 0 0 0 0 0 0 0 0 0 0 0 0 
0 0 0 0 0 0 0 0 0 0 0 0 0 0 0 0 0 0 0 0 0 0 0 0 0 0 0 0 0 0 0 0 0 0 0 0 0 0 0 0 0 0 0 0 0 0 0 0 0 0 0 0 0 0 0 0 0 0 0 0 0 0 0 0 0 0 0 0 0 0 
0 0 0 0 0 0 0 0 0 0 0 0 0 0 0 0 0 0 0 0 0 0 0 0 0 0 0 0 0 0 0 0 0 0 0 0 0 0 0 0 0 0 0 0 0 0 0 0 0 0 0 0 0 0 0 0 0 0 0 0 0 0 0 0 0 0 0 0 0 0 
0 0 0 0 0 0 0 0 0 0 0 0 0 0 0 0 0 0 0 0 0 0 0 0 0 0 0 0 0 0 0 0 0 0 0 0 0 0 0 0 0 0 0 0 0 0 0 0 0 0 0 0 0 0 0 0 0 0 0 0 0 0 0 0 0 0 0 0 0 0 
0 0 0 0 0 0 0 0 0 0 0 0 0 0 0 0 0 0 0 0 0 0 0 0 0 0 0 0 0 0 0 0 0 0 0 0 0 0 0 0 0 0 0 0 0 0 0 0 0 0 0 0 0 0 0 0 0 0 0 0 0 0 0 0 0 0 0 0 0 0 
0 0 0 0 0 0 0 0 129 0 0 0 0 0 0 0 0 0 0 0 0 0 0 0 0 0 0 0 0 0 0 0 0 0 0 0 129 0 0 0 0 0 0 0 0 0 0 0 0 0 0 0 0 0 0 0 0 0 0 0 0 0 0 0 0 0 0 0 0 0 
decorations 14
1319 801 130 0
1360 960 131 0
1361 1040 132 0
520 440 133 0
600 439 133 0
559 438 134 0
440 999 44 0
480 960 44 0
641 961 46 0
680 999 46 0
480 1000 135 0
640 1001 70 0
553 960 112 0
600 961 112 0

} // layers

entities { 
DoorSingleV 1 {
position_in_layer 560 680
layer_index 2
}
DoorSingleV 2 {
open_sound none
close_sound none
position_in_layer 600 680
layer_index 2
}
DoorSingleV 3 {
open_sound none
close_sound none
position_in_layer 520 680
layer_index 2
}
teeth120_N 6 {
position_in_layer 680 1220
layer_index 2
}
teeth120_W 10 {
position_in_layer 800 1100
layer_index 2
}
ortho/spider 12 {
speed_fwd 200
speed_bwd 140
move_distance 320
position_in_layer 577 1739
layer_index 2
}
happyblue 14 {
speed 40 40
angle 45 45
region 81
position_in_layer 382 1088
draw_order 1
layer_index 2
}
ortho/crocodile 22 {
forward false
anim_fwd greenbat
anim_bwd greenbat
speed_fwd 100
speed_bwd 100
move_distance 300
delay_to_fwd 500
delay_to_bwd 500
start_delay 500 500
col_offset 10 5
col_size 40 35
position_in_layer 706 492
layer_index 2
}
hero/Magneto 24 {
position_in_layer 460 760
layer_index 2
}
CrateSpawner 27 {
position_in_layer 560 440
layer_index 2
}
Device/button_S 29 {
operate 168
position_in_layer 440 360
layer_index 2
}
Device/button_S 32 {
operate 168
position_in_layer 680 360
layer_index 2
}
shooter/drop 33 {
shot_delay 4000 4000
shot_delay2 500 500
shot_entity shot/drop_nosound
position_in_layer 567 660
layer_index 2
}
spikes_W 34 {
position_in_layer 520 440
layer_index 2
}
spikes_E 43 {
position_in_layer 560 440
layer_index 2
}
Crate/solid 44 {
position_in_layer 640 1500
layer_index 2
}
Crate/solid 45 {
position_in_layer 700 1460
layer_index 2
}
AcidPool 46 {
size 5 1
position_in_layer 480 1480
layer_index 2
}
shooter/drop 47 {
shot_delay 700 2000
position_in_layer 500 1380
layer_index 2
}
Break/Bridge 48 {
operate 50
position_in_layer 400 1480
layer_index 2
}
Spec/Region 49 {
operate 48
position_in_layer 560 1040
layer_index 2
}
Spec/SignalPlexor 50 {
operate_1 48
invert true
position_in_layer 547 1419
layer_index 2
}
Break/Bridge 51 {
operate 52
position_in_layer 560 880
layer_index 2
}
Break/Bridge 52 {
operate 55
position_in_layer 600 840
layer_index 2
}
Spec/SignalPlexor 53 {
operate_1 51
invert true
position_in_layer 640 907
layer_index 2
}
Spec/Region 54 {
operate 51
position_in_layer 456 743
layer_index 2
}
Break/Bridge 55 {
operate 53
position_in_layer 600 840
layer_index 2
}
Device/Teleport 75 {
flash_in_sound none
flash_out_sound none
looping_sound none
position_in_layer 680 960
layer_index 2
}
DoorV 79 {
position_in_layer 600 1120
layer_index 2
}
DoorV 80 {
open_sound none
close_sound none
position_in_layer 640 1120
layer_index 2
}
Spec/Region 81 {
size 120 160
position_in_layer 360 1080
layer_index 2
}
Spec/SignalCombiner 86 {
threshold 3
operate 170
position_in_layer 338 1264
layer_index 2
}
Spec/SignalPlexor 87 {
operate_1 79
operate_2 80
position_in_layer 427 1297
layer_index 2
}
Device/button_N 88 {
operate 86
position_in_layer 400 1200
layer_index 2
}
Device/Teleport 90 {
position_in_layer 360 920
layer_index 2
}
Device/Teleport 91 {
target 90
looping_sound none
position_in_layer 640 1160
layer_index 2
}
Device/Teleport 92 {
target 90
looping_sound none
position_in_layer 640 1120
layer_index 2
}
Device/Teleport 93 {
target 90
looping_sound none
position_in_layer 600 1160
layer_index 2
}
Device/Teleport 94 {
target 90
position_in_layer 600 1120
layer_index 2
}
FanW 95 {
sprite none
region 96
force_multiplier 300
looping_sound none
position_in_layer 360 880
layer_index 2
}
Spec/Region 96 {
size 200 80
position_in_layer 200 920
layer_index 2
}
Spec/Region 97 {
size 81 760
position_in_layer 159 1000
layer_index 2
}
FanS 98 {
region 97
force_multiplier 200
looping_sound none
position_in_layer 120 1360
layer_index 2
}
Spec/Region 99 {
size 80 760
position_in_layer 240 1000
layer_index 2
}
FanN 100 {
region 99
force_multiplier 300
looping_sound none
sound_radius 600
position_in_layer 280 1360
layer_index 2
}
spikes40_E 101 {
position_in_layer 120 1360
layer_index 2
}
spikes40_W 102 {
position_in_layer 280 1360
layer_index 2
}
steelspikes_N 103 {
position_in_layer 160 1760
layer_index 2
}
steelspikes_N 104 {
position_in_layer 240 1720
layer_index 2
}
Device/Teleport 105 {
target 106
looping_sound none
position_in_layer 320 1000
layer_index 2
}
Device/Teleport 106 {
looping_sound none
position_in_layer 320 1800
layer_index 2
}
Spec/Region 107 {
size 80 360
position_in_layer 320 1800
layer_index 2
}
Spec/Region 108 {
size 160 40
position_in_layer 160 2120
layer_index 2
}
Spec/Region 110 {
size 240 80
position_in_layer 159 2160
layer_index 2
}
Spec/Region 111 {
size 80 440
position_in_layer 400 1800
layer_index 2
}
FanS 112 {
region 107
force_multiplier 300
looping_sound none
position_in_layer 280 2160
layer_index 2
}
FanW 113 {
region 108
force_multiplier 300
looping_sound none
position_in_layer 280 2160
layer_index 2
}
FanN 114 {
region 111
force_multiplier 300
looping_sound none
sound_radius 600
position_in_layer 280 2160
layer_index 2
}
FanE 115 {
region 110
force_multiplier 300
looping_sound none
position_in_layer 280 2160
layer_index 2
}
Device/Teleport 116 {
target 117
looping_sound none
position_in_layer 400 1800
layer_index 2
}
Device/Teleport 117 {
looping_sound none
position_in_layer 680 1880
layer_index 2
}
Device/Teleport 118 {
target 119
looping_sound none
position_in_layer 720 1800
layer_index 2
}
Device/Teleport 119 {
looping_sound none
position_in_layer 800 1000
layer_index 2
}
Spec/Region 121 {
size 80 360
position_in_layer 760 1800
layer_index 2
}
Spec/Region 122 {
size 40 320
position_in_layer 680 1880
layer_index 2
}
Spec/Region 123 {
size 320 40
position_in_layer 680 2200
layer_index 2
}
Spec/Region 124 {
size 160 80
position_in_layer 840 2120
layer_index 2
}
Spec/Region 126 {
size 40 200
position_in_layer 1240 920
layer_index 2
}
Spec/Region 127 {
size 480 40
position_in_layer 760 920
layer_index 2
}
FanE 128 {
region 123
force_multiplier 300
looping_sound none
position_in_layer 840 2160
layer_index 2
}
FanW 129 {
region 124
force_multiplier 300
looping_sound none
position_in_layer 840 2160
layer_index 2
}
FanN 130 {
region 121
force_multiplier 300
looping_sound none
sound_radius 600
position_in_layer 840 2160
layer_index 2
}
FanS 131 {
region 122
force_multiplier 300
looping_sound none
position_in_layer 840 2160
layer_index 2
}
FanN 132 {
region 126
force_multiplier 250
looping_sound none
sound_radius 600
position_in_layer 720 960
layer_index 2
}
FanW 134 {
region 127
force_multiplier 250
looping_sound none
position_in_layer 720 960
layer_index 2
}
FanE 135 {
region 167
force_multiplier 300
looping_sound none
position_in_layer 720 960
layer_index 2
}
DoorSingleV 136 {
position_in_layer 1480 920
layer_index 2
}
Device/Teleport 137 {
target 138
looping_sound none
position_in_layer 440 2320
layer_index 2
}
Device/Teleport 138 {
looping_sound none
position_in_layer 400 680
layer_index 2
}
Device/button_W 139 {
on_switch_on_target 151
on_switch_on_action run
position_in_layer 1520 920
layer_index 2
}
Spec/LevelExit 141 {
closed_sprite none
opened_sprite none
position_in_layer 700 2320
layer_index 2
}
Device/button_E 142 {
operate 86
position_in_layer 360 1140
layer_index 2
}
Device/button_W 143 {
operate 86
position_in_layer 440 1140
layer_index 2
}
shooter/drop 144 {
shot_delay 4000 4000
shot_delay2 500 500
position_in_layer 587 660
layer_index 2
}
Device/button_W 145 {
operate 147
position_in_layer 1320 1080
layer_index 2
}
Spec/SignalCombiner 147 {
threshold 3
operate 136
position_in_layer 1469 1042
layer_index 2
}
Device/button_W 148 {
operate 147
position_in_layer 1320 1000
layer_index 2
}
Device/button_W 149 {
operate 147
position_in_layer 1280 840
layer_index 2
}
Spec/Region 150 {
size 280 200
balloon true
killer true
position_in_layer 440 1560
layer_index 2
}
Spec/Actions/Camera 151 {
a1_target 171
a2_target 171
position_in_layer 821 2426
layer_index 2
}
Device/Teleport 152 {
target 93
looping_sound none
position_in_layer 760 920
layer_index 2
}
steelspikes_E 154 {
position_in_layer 400 2140
layer_index 2
}
steelspikes_W 155 {
position_in_layer 360 2020
layer_index 2
}
spikes40_S 156 {
position_in_layer 280 2160
layer_index 2
}
spikes40_S 158 {
position_in_layer 840 2160
layer_index 2
}
teeth80_E 159 {
position_in_layer 740 2080
layer_index 2
}
DeathRayH 162 {
on_duration 1000
off_duration 3000
size 9
position_in_layer 400 1640
layer_index 2
}
shooter/vapor_E 163 {
shot_delay 200 1000
shot_angle 90 90
position_in_layer 340 235
layer_index 2
}
Spec/Region 164 {
size 360 120
balloon true
killer true
position_in_layer 400 360
layer_index 2
}
Spec/Region 165 {
size 40 160
balloon true
killer true
position_in_layer 560 720
layer_index 2
}
Device/Respawn 166 {
position_in_layer 720 720
layer_index 2
}
Spec/Region 167 {
size 440 120
position_in_layer 800 1000
layer_index 2
}
Spec/SignalCombiner 168 {
threshold 2
operate 169
position_in_layer 720 221
layer_index 2
}
Spec/Actions/Camera 169 {
a1_target 1
a2_target 3
a3_delay 0
a3_target 1
a3_action open
a4_target 2
a4_action open
a5_delay 1000
a5_action camera_back
position_in_layer 910 334
layer_index 2
}
Spec/Actions/Camera 170 {
a1_target 94
a2_target 87
a2_action signal1
position_in_layer 358 1318
layer_index 2
}
DoorV 171 {
position_in_layer 640 2280
layer_index 2
}
SoundComputer 172 {
position_in_layer 539 350
layer_index 2
}
SoundMachine 173 {
position_in_layer 621 1138
layer_index 2
}
} // entities
