sprite_table {
 bluetech_01 1
 bluetech_11 2
 bluetech_13 3
 bluetech_15 4
 bluetech_02 5
 bluetech_05 6
 bluetech_08 7
 bluetech_12 8
 bluetech_06 9
 bluetech_03 10
 bluetech_09 11
 bluetech_16 12
 bluetech_10 13
 blueplate_02 14
 bluetech_14 15
 bluetech_04 16
 bluetech_07 17
 blueplate_bridge 18
 bgr/diode04 19
 bgr/diode05V 20
 bgr/diode05H 21
 bgr/diode03 22
 bgr/diode02 23
 bgr/diode01 24
 wall_tech_20 25
 shadow_fix_01 26
 shadow_fix_02 27
 wall_stoneA_15 28
 redwall_07 29
 comp04a 30
 comp04b 31
 comp01 32
 comp03 33
 comp06 34
 wall_noidea_12 35
 redwall_04 36
 wall_metalA_02 37
 metal_pipeend 38
 redwall_06 39
 metal_quadpipe 40
 wall_stoneA_03 41
 metal_grate 42
 metal_fatpipe_01 43
 brownpipe2 44
 redwall_05 45
 wall_noidea_13 46
 nogumS 47
 redwall_03 48
 redwall_02 49
 wall_metalA_03 50
 comp05 51
 nobubble_field 52
 redwall_01 53
 redwall_00 54
 wall_noidea_10 55
 wall_tech_18 56
 nogumN 57
 metal_ramp_02 58
 metal_ramp_01 59
 comp02 60
 mandi 61
 halfplate_01 62
 sign/nuke 63
 sign/arrow3 64
 sign/arrow4 65
 sign/eye 66
 bigframe_profa 67
 comp_eqalizer 68
 sign/info 69
 sign/lab 70
 comp_arrow4 71
 comp_rake 72
 monitorlineA 73
 sign/exit 74
 sign/stripe1 75
 metal_fatpipe_04 76
 wall_noidea_11 77
 wall_metalA_00 78
} // sprite_table

layers {
clear_screen true
layer // layer 0
name noname
offset 0 0
cells_offset -840 -80
scroll_scale_factor_1 1 1
scroll_scale_factor_2 1 1
cell_size 40 40
width 50
height 23
no_cells
sprite_cells
0 0 0 0 0 0 0 0 0 0 0 0 0 0 0 0 0 0 0 0 1 0 0 0 1 0 0 0 0 0 0 0 0 0 0 0 0 0 0 0 0 0 0 0 0 0 0 0 0 0 0 0 0 0 0 0 0 0 0 0 0 0 0 0 0 0 0 0 0 0 0 0 0 0 0 0 0 0 0 0 0 0 0 0 0 0 0 0 0 0 0 0 0 0 0 0 0 0 0 0 
0 0 0 0 0 0 0 0 0 0 0 0 0 0 0 0 0 0 0 0 0 0 0 0 0 0 0 0 0 0 0 0 0 0 0 0 0 0 0 0 0 0 0 0 0 0 0 0 0 0 0 0 0 0 0 0 0 0 0 0 0 0 0 0 0 0 0 0 0 0 0 0 0 0 0 0 0 0 0 0 0 0 0 0 0 0 0 0 0 0 0 0 0 0 0 0 0 0 0 0 
0 0 0 0 2 0 3 0 2 0 3 0 4 0 1 0 0 0 1 0 0 0 5 0 5 0 0 0 0 0 0 0 0 0 0 0 0 0 0 0 0 0 0 0 0 0 0 0 0 0 0 0 0 0 0 0 0 0 0 0 0 0 0 0 0 0 0 0 0 0 0 0 0 0 0 0 0 0 0 0 0 0 0 0 0 0 0 0 0 0 0 0 0 0 0 0 0 0 0 0 
0 0 0 0 1 0 2 0 6 0 5 0 4 0 0 0 0 0 0 0 0 0 0 0 0 0 0 0 0 0 0 0 0 0 0 0 0 0 0 0 0 0 0 0 0 0 0 0 0 0 0 0 0 0 0 0 0 0 0 0 0 0 0 0 0 0 0 0 0 0 0 0 0 0 0 0 0 0 0 0 0 0 0 0 0 0 0 0 0 0 0 0 0 0 0 0 0 0 0 0 
0 0 0 0 0 0 0 0 7 0 5 0 4 0 5 0 8 0 1 0 0 0 4 0 1 0 0 0 0 0 0 0 0 0 0 0 0 0 0 0 0 0 0 0 0 0 0 0 0 0 0 0 0 0 0 0 0 0 0 0 0 0 0 0 0 0 0 0 0 0 0 0 0 0 0 0 0 0 0 0 0 0 0 0 0 0 0 0 0 0 0 0 0 0 0 0 0 0 0 0 
0 0 0 0 5 0 2 0 9 0 5 0 0 0 5 0 7 0 0 0 0 0 4 0 0 0 0 0 0 0 0 0 0 0 0 0 0 0 0 0 0 0 0 0 0 0 0 0 0 0 0 0 0 0 0 0 0 0 0 0 0 0 0 0 0 0 0 0 0 0 0 0 0 0 0 0 0 0 0 0 0 0 0 0 0 0 0 0 0 0 0 0 0 0 0 0 0 0 0 0 
0 0 0 0 1 0 0 0 1 0 0 0 0 0 5 0 10 0 6 0 5 0 4 0 5 0 0 0 0 0 0 0 0 0 0 0 0 0 0 0 0 0 0 0 0 0 0 0 0 0 0 0 0 0 0 0 0 0 0 0 0 0 0 0 0 0 0 0 0 0 0 0 0 0 0 0 0 0 0 0 0 0 0 0 0 0 0 0 0 0 0 0 0 0 0 0 0 0 0 0 
0 0 0 0 0 0 0 0 0 0 0 0 0 0 5 0 2 0 11 0 3 0 4 0 1 0 0 0 0 0 0 0 0 0 0 0 0 0 0 0 0 0 0 0 0 0 0 0 0 0 0 0 0 0 0 0 0 0 0 0 0 0 0 0 0 0 0 0 0 0 0 0 0 0 0 0 0 0 0 0 0 0 0 0 0 0 0 0 0 0 0 0 0 0 0 0 0 0 0 0 
0 0 0 0 0 0 0 0 12 0 12 0 0 0 1 0 0 0 13 0 5 0 4 0 0 0 0 0 0 0 0 0 0 0 0 0 0 0 0 0 0 0 0 0 0 0 0 0 0 0 0 0 0 0 0 0 0 0 0 0 0 0 0 0 0 0 0 0 0 0 0 0 0 0 0 0 0 0 0 0 0 0 0 0 0 0 0 0 0 0 0 0 0 0 0 0 0 0 0 0 
0 0 0 0 1 0 0 0 1 0 0 0 0 0 0 0 0 0 5 0 5 0 0 0 5 0 0 0 0 0 0 0 0 0 0 0 0 0 0 0 0 0 0 0 0 0 0 0 0 0 0 0 0 0 0 0 0 0 0 0 0 0 0 0 0 0 0 0 0 0 0 0 0 0 0 0 0 0 0 0 0 0 0 0 0 0 0 0 0 0 0 0 0 0 0 0 0 0 0 0 
0 0 0 0 0 0 0 0 0 0 0 0 0 0 0 0 0 0 12 0 0 0 0 0 0 0 0 0 1 0 0 0 0 0 0 0 0 0 0 0 0 0 0 0 0 0 0 0 0 0 0 0 1 0 0 0 5 0 5 0 5 0 7 0 5 0 14 0 1 0 0 0 0 0 0 0 0 0 1 0 0 0 5 0 5 0 7 0 5 0 7 0 1 0 0 0 1 0 0 0 
0 0 0 0 1 0 0 0 5 0 5 0 5 0 7 0 5 0 5 0 5 0 7 0 5 0 5 0 0 0 0 0 5 0 5 0 5 0 5 0 1 0 0 0 5 0 4 0 5 0 7 0 0 0 0 0 1 0 0 0 15 0 7 0 5 0 0 0 0 0 0 0 5 0 4 0 5 0 0 0 0 0 16 0 17 0 9 0 5 0 7 0 0 0 0 0 0 0 0 0 
1 0 0 0 0 0 0 0 2 0 17 0 17 0 11 0 17 0 17 0 17 0 11 0 17 0 17 0 17 0 17 0 6 0 15 0 1 0 0 0 0 0 0 0 5 0 4 0 5 0 7 0 5 0 5 0 0 0 0 0 0 0 7 0 5 0 14 0 5 0 15 0 5 0 4 0 5 0 5 0 2 0 11 0 17 0 17 0 17 0 11 0 17 0 17 0 17 0 17 0 
0 0 0 0 5 0 1 0 0 0 1 0 0 0 10 0 3 0 1 0 0 0 13 0 5 0 5 0 1 0 0 0 7 0 0 0 0 0 0 0 5 0 18 0 5 0 4 0 5 0 7 0 0 0 0 0 16 0 17 0 17 0 9 0 5 0 0 0 5 0 0 0 5 0 0 0 0 0 1 0 0 0 7 0 1 0 0 0 5 0 7 0 5 0 0 0 0 0 0 0 
0 0 0 0 0 0 0 0 0 0 12 0 12 0 12 0 12 0 12 0 12 0 12 0 1 0 0 0 0 0 0 0 7 0 5 0 1 0 18 0 5 0 1 0 0 0 4 0 5 0 7 0 8 0 5 0 7 0 5 0 0 0 5 0 5 0 14 0 5 0 15 0 8 0 4 0 5 0 0 0 0 0 7 0 0 0 0 0 5 0 7 0 5 0 8 0 5 0 5 0 
5 0 5 0 5 0 5 0 5 0 5 0 5 0 5 0 1 0 0 0 5 0 5 0 0 0 0 0 5 0 16 0 9 0 18 0 0 0 0 0 5 0 0 0 0 0 4 0 5 0 10 0 11 0 17 0 11 0 17 0 0 0 0 0 5 0 0 0 5 0 0 0 13 0 4 0 5 0 2 0 17 0 11 0 17 0 17 0 17 0 11 0 17 0 11 0 17 0 17 0 
16 0 17 0 17 0 17 0 17 0 17 0 17 0 3 0 0 0 16 0 17 0 17 0 17 0 17 0 17 0 11 0 17 0 17 0 17 0 17 0 6 0 1 0 0 0 4 0 1 0 0 0 13 0 5 0 7 0 1 0 0 0 5 0 5 0 14 0 5 0 5 0 5 0 4 0 0 0 0 0 1 0 13 0 5 0 5 0 5 0 7 0 5 0 7 0 1 0 0 0 
7 0 8 0 5 0 1 0 0 0 5 0 1 0 0 0 5 0 7 0 5 0 5 0 5 0 5 0 5 0 13 0 5 0 5 0 5 0 5 0 7 0 0 0 0 0 4 0 0 0 0 0 5 0 5 0 13 0 0 0 0 0 5 0 5 0 0 0 5 0 5 0 5 0 4 0 1 0 0 0 0 0 0 0 2 0 17 0 17 0 9 0 5 0 7 0 0 0 0 0 
7 0 13 0 0 0 0 0 0 0 0 0 0 0 0 0 0 0 7 0 0 0 0 0 0 0 0 0 0 0 0 0 0 0 0 0 0 0 0 0 0 0 0 0 0 0 0 0 0 0 0 0 0 0 0 0 0 0 0 0 0 0 0 0 0 0 0 0 0 0 0 0 0 0 0 0 0 0 0 0 0 0 0 0 0 0 0 0 0 0 0 0 0 0 0 0 0 0 0 0 
13 0 5 0 0 0 0 0 0 0 0 0 1 0 0 0 0 0 7 0 0 0 0 0 0 0 0 0 0 0 0 0 0 0 0 0 0 0 0 0 0 0 0 0 0 0 0 0 0 0 0 0 0 0 0 0 0 0 0 0 0 0 0 0 0 0 0 0 0 0 0 0 0 0 0 0 0 0 0 0 0 0 0 0 0 0 0 0 0 0 0 0 0 0 0 0 0 0 0 0 
1 0 0 0 0 0 0 0 0 0 0 0 0 0 0 0 5 0 7 0 1 0 0 0 5 0 5 0 0 0 0 0 0 0 0 0 0 0 0 0 0 0 0 0 0 0 0 0 0 0 0 0 0 0 0 0 0 0 0 0 0 0 0 0 0 0 0 0 0 0 0 0 0 0 0 0 0 0 0 0 0 0 0 0 0 0 0 0 0 0 0 0 0 0 0 0 0 0 0 0 
0 0 0 0 0 0 0 0 0 0 0 0 1 0 0 0 17 0 9 0 0 0 0 0 1 0 0 0 0 0 0 0 0 0 0 0 0 0 0 0 0 0 0 0 0 0 0 0 0 0 0 0 0 0 0 0 0 0 0 0 0 0 0 0 0 0 0 0 0 0 0 0 0 0 0 0 0 0 0 0 0 0 0 0 0 0 0 0 0 0 0 0 0 0 0 0 0 0 0 0 
1 0 0 0 1 0 0 0 5 0 5 0 0 0 0 0 5 0 1 0 0 0 5 0 0 0 0 0 0 0 0 0 0 0 0 0 0 0 0 0 0 0 0 0 0 0 0 0 0 0 0 0 0 0 0 0 0 0 0 0 0 0 0 0 0 0 0 0 0 0 0 0 0 0 0 0 0 0 0 0 0 0 0 0 0 0 0 0 0 0 0 0 0 0 0 0 0 0 0 0 
decorations 61
-137 487 19 0
142 515 19 0
310 339 19 0
272 581 20 0
-55 375 20 0
213 500 21 0
-40 454 21 0
449 487 19 0
424 621 19 0
694 498 19 0
437 464 20 0
753 402 20 0
849 414 21 0
850 338 21 0
453 404 21 0
616 498 22 0
621 498 22 0
810 535 22 0
810 415 22 0
919 387 23 0
695 386 24 0
860 562 24 0
870 562 24 0
882 562 24 0
894 562 24 0
956 459 19 0
943 366 19 0
1022 575 19 0
1007 488 21 0
1006 493 21 0
1005 498 21 0
1050 535 23 0
-338 726 19 0
-503 740 19 0
-803 784 19 0
-788 525 19 0
-676 552 19 0
-592 393 19 0
-501 451 20 0
-619 588 21 0
-788 659 21 0
-471 793 21 0
-651 370 21 0
-550 415 22 0
-543 578 22 0
-417 547 23 0
-612 545 23 0
-540 197 19 0
-644 61 19 0
-363 10 19 0
-501 213 20 0
-665 98 20 0
-743 162 21 0
-545 137 21 0
-394 -44 21 0
-703 57 22 0
-703 137 24 0
-470 215 24 0
-227 617 22 0
-218 617 22 0
-231 575 23 0

layer // layer 1
name noname
offset 15 15
cells_offset -880 -120
scroll_scale_factor_1 1 1
scroll_scale_factor_2 1 1
cell_size 40 40
width 51
height 24
shadow
no_cells
sprite_cells
0 0 0 0 0 0 0 0 0 0 0 0 0 0 0 0 0 0 0 0 25 0 25 0 25 0 25 0 0 0 0 0 0 0 0 0 0 0 0 0 0 0 0 0 0 0 0 0 0 0 0 0 0 0 0 0 0 0 0 0 0 0 0 0 0 0 0 0 0 0 0 0 0 0 0 0 0 0 0 0 0 0 0 0 0 0 0 0 0 0 0 0 0 0 0 0 0 0 0 0 0 0 
0 0 0 0 0 0 0 0 0 0 0 0 0 0 0 0 0 0 0 0 25 0 0 0 0 0 0 0 0 0 0 0 0 0 0 0 0 0 0 0 0 0 0 0 0 0 0 0 0 0 0 0 0 0 0 0 0 0 0 0 0 0 0 0 0 0 0 0 0 0 0 0 0 0 0 0 0 0 0 0 0 0 0 0 0 0 0 0 0 0 0 0 0 0 0 0 0 0 0 0 0 0 
0 0 0 0 25 0 25 0 25 0 25 0 25 0 25 0 25 0 25 0 25 0 0 0 0 0 0 0 0 0 0 0 0 0 0 0 0 0 0 0 0 0 0 0 0 0 0 0 0 0 0 0 0 0 0 0 0 0 0 0 0 0 0 0 0 0 0 0 0 0 0 0 0 0 0 0 0 0 0 0 0 0 0 0 0 0 0 0 0 0 0 0 0 0 0 0 0 0 0 0 0 0 
0 0 0 0 25 0 0 0 0 0 0 0 0 0 0 0 0 0 0 0 0 0 0 0 0 0 0 0 0 0 0 0 0 0 0 0 0 0 0 0 0 0 0 0 0 0 0 0 0 0 0 0 0 0 0 0 0 0 0 0 0 0 0 0 0 0 0 0 0 0 0 0 0 0 0 0 0 0 0 0 0 0 0 0 0 0 0 0 0 0 0 0 0 0 0 0 0 0 0 0 0 0 
0 0 0 0 25 0 0 0 0 0 0 0 0 0 0 0 0 0 0 0 0 0 25 0 25 0 25 0 0 0 0 0 0 0 0 0 0 0 0 0 0 0 0 0 0 0 0 0 0 0 0 0 0 0 0 0 0 0 0 0 0 0 0 0 0 0 0 0 0 0 0 0 0 0 0 0 0 0 0 0 0 0 0 0 0 0 0 0 0 0 0 0 0 0 0 0 0 0 0 0 0 0 
0 0 0 0 25 0 0 0 0 0 0 0 0 0 26 0 0 0 0 0 27 0 25 0 0 0 0 0 0 0 0 0 0 0 0 0 0 0 0 0 0 0 0 0 0 0 0 0 0 0 0 0 0 0 0 0 0 0 0 0 0 0 0 0 0 0 0 0 0 0 0 0 0 0 0 0 0 0 0 0 0 0 0 0 0 0 0 0 0 0 0 0 0 0 0 0 0 0 0 0 0 0 
0 0 0 0 25 0 0 0 0 0 0 0 0 0 25 0 0 0 0 0 0 0 0 0 0 0 0 0 0 0 0 0 0 0 0 0 0 0 0 0 0 0 0 0 0 0 0 0 0 0 0 0 0 0 0 0 0 0 0 0 0 0 0 0 0 0 0 0 0 0 0 0 0 0 0 0 0 0 0 0 0 0 0 0 0 0 0 0 0 0 0 0 0 0 0 0 0 0 0 0 0 0 
0 0 0 0 25 0 0 0 0 0 0 0 0 0 25 0 0 0 0 0 0 0 0 0 0 0 0 0 0 0 0 0 0 0 0 0 0 0 0 0 0 0 0 0 0 0 0 0 0 0 0 0 0 0 0 0 0 0 0 0 0 0 0 0 0 0 0 0 0 0 0 0 0 0 0 0 0 0 0 0 0 0 0 0 0 0 0 0 0 0 0 0 0 0 0 0 0 0 0 0 0 0 
0 0 0 0 25 0 0 0 26 0 0 0 0 0 25 0 0 0 0 0 0 0 0 0 0 0 0 0 0 0 0 0 0 0 0 0 0 0 0 0 0 0 0 0 0 0 0 0 0 0 0 0 0 0 0 0 0 0 0 0 0 0 0 0 0 0 0 0 0 0 0 0 0 0 0 0 0 0 0 0 0 0 0 0 0 0 0 0 0 0 0 0 0 0 0 0 0 0 0 0 0 0 
0 0 0 0 25 0 25 0 25 0 0 0 0 0 25 0 0 0 0 0 0 0 0 0 26 0 0 0 0 0 0 0 0 0 0 0 0 0 0 0 0 0 0 0 0 0 0 0 0 0 0 0 0 0 0 0 0 0 0 0 0 0 0 0 0 0 0 0 0 0 0 0 0 0 0 0 0 0 0 0 0 0 0 0 0 0 0 0 0 0 0 0 0 0 0 0 0 0 0 0 0 0 
0 0 0 0 25 0 0 0 0 0 0 0 0 0 25 0 0 0 26 0 0 0 0 0 25 0 0 0 0 0 0 0 0 0 0 0 0 0 0 0 0 0 0 0 0 0 0 0 0 0 0 0 25 0 25 0 25 0 25 0 25 0 25 0 25 0 25 0 25 0 25 0 25 0 0 0 0 0 25 0 25 0 25 0 25 0 25 0 25 0 25 0 25 0 0 0 0 0 0 0 0 0 
0 0 0 0 25 0 0 0 0 0 0 0 27 0 25 0 25 0 25 0 27 0 25 0 25 0 25 0 25 0 25 0 25 0 25 0 25 0 25 0 25 0 25 0 25 0 25 0 25 0 25 0 25 0 0 0 0 0 0 0 0 0 0 0 0 0 0 0 0 0 0 0 27 0 25 0 25 0 25 0 0 0 0 0 0 0 0 0 0 0 0 0 27 0 25 0 25 0 25 0 25 0 
25 0 25 0 25 0 0 0 26 0 0 0 0 0 0 0 0 0 0 0 0 0 0 0 0 0 0 0 0 0 0 0 0 0 0 0 0 0 0 0 0 0 0 0 0 0 0 0 0 0 0 0 0 0 0 0 0 0 0 0 0 0 0 0 0 0 0 0 0 0 0 0 0 0 0 0 0 0 0 0 0 0 0 0 0 0 0 0 0 0 0 0 0 0 0 0 0 0 0 0 0 0 
25 0 0 0 0 0 27 0 25 0 0 0 0 0 0 0 0 0 0 0 0 0 0 0 0 0 0 0 0 0 0 0 0 0 0 0 0 0 0 0 0 0 0 0 0 0 0 0 0 0 0 0 0 0 0 0 26 0 0 0 0 0 0 0 0 0 0 0 0 0 0 0 0 0 0 0 0 0 26 0 0 0 0 0 0 0 0 0 0 0 0 0 0 0 0 0 0 0 0 0 0 0 
25 0 0 0 0 0 0 0 0 0 26 0 0 0 0 0 0 0 0 0 0 0 0 0 0 0 0 0 0 0 26 0 0 0 0 0 0 0 0 0 0 0 0 0 0 0 0 0 0 0 0 0 27 0 25 0 25 0 0 0 0 0 26 0 0 0 0 0 0 0 0 0 0 0 27 0 25 0 25 0 0 0 0 0 0 0 0 0 0 0 0 0 0 0 27 0 25 0 25 0 25 0 
25 0 25 0 25 0 25 0 25 0 25 0 0 0 0 0 0 0 0 0 0 0 0 0 27 0 25 0 25 0 25 0 0 0 0 0 0 0 0 0 0 0 0 0 0 0 0 0 0 0 0 0 0 0 0 0 0 0 0 0 0 0 25 0 26 0 0 0 0 0 0 0 0 0 0 0 0 0 0 0 0 0 0 0 0 0 0 0 0 0 0 0 0 0 0 0 0 0 0 0 0 0 
25 0 0 0 0 0 28 0 0 0 0 0 0 0 0 0 0 0 0 0 0 0 0 0 0 0 0 0 0 0 0 0 0 0 0 0 0 0 0 0 0 0 0 0 0 0 0 0 0 0 0 0 0 0 0 0 0 0 0 0 27 0 25 0 25 0 0 0 0 0 0 0 0 0 0 0 0 0 0 0 26 0 0 0 0 0 0 0 0 0 0 0 0 0 0 0 0 0 0 0 0 0 
25 0 0 0 0 0 28 0 0 0 0 0 0 0 0 0 0 0 0 0 0 0 0 0 0 0 0 0 0 0 0 0 0 0 0 0 0 0 0 0 0 0 0 0 0 0 0 0 0 0 0 0 0 0 0 0 0 0 0 0 0 0 0 0 0 0 0 0 0 0 0 0 26 0 27 0 25 0 25 0 25 0 0 0 0 0 0 0 0 0 0 0 0 0 0 0 0 0 0 0 0 0 
25 0 0 0 0 0 28 0 0 0 0 0 0 0 0 0 0 0 26 0 0 0 0 0 0 0 0 0 0 0 0 0 0 0 0 0 0 0 0 0 0 0 0 0 0 0 0 0 0 0 0 0 0 0 0 0 0 0 0 0 0 0 0 0 0 0 0 0 25 0 25 0 25 0 0 0 0 0 0 0 0 0 0 0 0 0 0 0 0 0 0 0 0 0 0 0 0 0 0 0 0 0 
25 0 0 0 0 0 0 0 0 0 0 0 25 0 29 0 0 0 25 0 0 0 0 0 0 0 0 0 0 0 0 0 0 0 0 0 0 0 0 0 0 0 0 0 0 0 0 0 0 0 0 0 0 0 0 0 0 0 0 0 0 0 0 0 0 0 0 0 0 0 0 0 0 0 0 0 0 0 0 0 0 0 0 0 0 0 0 0 0 0 0 0 0 0 0 0 0 0 0 0 0 0 
25 0 0 0 0 0 0 0 0 0 0 0 25 0 0 0 25 0 25 0 27 0 29 0 29 0 29 0 29 0 0 0 0 0 0 0 0 0 0 0 0 0 0 0 0 0 0 0 0 0 0 0 0 0 0 0 0 0 0 0 0 0 0 0 0 0 0 0 0 0 0 0 0 0 0 0 0 0 0 0 0 0 0 0 0 0 0 0 0 0 0 0 0 0 0 0 0 0 0 0 0 0 
25 0 0 0 0 0 0 0 0 0 0 0 25 0 0 0 25 0 0 0 0 0 0 0 0 0 0 0 0 0 0 0 0 0 0 0 0 0 0 0 0 0 0 0 0 0 0 0 0 0 0 0 0 0 0 0 0 0 0 0 0 0 0 0 0 0 0 0 0 0 0 0 0 0 0 0 0 0 0 0 0 0 0 0 0 0 0 0 0 0 0 0 0 0 0 0 0 0 0 0 0 0 
25 0 0 0 27 0 25 0 25 0 25 0 25 0 0 0 25 0 0 0 0 0 0 0 0 0 0 0 0 0 0 0 0 0 0 0 0 0 0 0 0 0 0 0 0 0 0 0 0 0 0 0 0 0 0 0 0 0 0 0 0 0 0 0 0 0 0 0 0 0 0 0 0 0 0 0 0 0 0 0 0 0 0 0 0 0 0 0 0 0 0 0 0 0 0 0 0 0 0 0 0 0 
25 0 0 0 0 0 28 0 0 0 0 0 28 0 0 0 25 0 0 0 0 0 0 0 0 0 0 0 0 0 0 0 0 0 0 0 0 0 0 0 0 0 0 0 0 0 0 0 0 0 0 0 0 0 0 0 0 0 0 0 0 0 0 0 0 0 0 0 0 0 0 0 0 0 0 0 0 0 0 0 0 0 0 0 0 0 0 0 0 0 0 0 0 0 0 0 0 0 0 0 0 0 
decorations 0

layer // layer 2
name Main
offset 0 0
cells_offset -880 -160
scroll_scale_factor_1 1 1
scroll_scale_factor_2 1 1
cell_size 40 40
width 52
height 26
cells
0 0 0 0 0 0 0 0 0 0 0 0 0 0 0 0 0 0 0 0 0 0 0 0 0 0 0 0 0 0 0 0 0 0 0 0 0 0 0 0 0 0 0 0 0 0 0 0 0 0 0 0 
0 0 0 0 0 0 0 0 0 0 2 2 2 2 2 0 0 0 0 0 0 0 0 0 0 0 0 0 0 0 0 0 0 0 0 0 0 0 0 0 0 0 0 0 0 0 0 0 0 0 0 0 
0 0 0 0 0 0 0 0 0 0 2 0 0 0 2 0 0 0 0 0 0 0 0 0 0 0 0 0 0 0 0 0 0 0 0 0 0 0 0 0 0 0 0 0 0 0 0 0 0 0 0 0 
0 0 2 2 2 2 2 2 2 2 2 0 0 0 2 0 0 0 0 0 0 0 0 0 0 0 0 0 0 0 0 0 0 0 0 0 0 0 0 0 0 0 0 0 0 0 0 0 0 0 0 0 
0 0 2 0 0 0 0 0 0 0 0 0 0 0 2 0 0 0 0 0 0 0 0 0 0 0 0 0 0 0 0 0 0 0 0 0 0 0 0 0 0 0 0 0 0 0 0 0 0 0 0 0 
0 0 1538 0 0 0 0 0 0 0 0 218 2 2 2 0 0 0 0 0 0 0 0 0 0 0 0 0 0 0 0 0 0 0 0 0 0 0 0 0 0 0 0 0 0 0 0 0 0 0 0 0 
0 0 1538 0 0 0 0 0 0 0 0 14018 0 0 2 0 0 0 0 0 0 0 0 0 0 0 0 0 0 0 0 0 0 0 0 0 0 0 0 0 0 0 0 0 0 0 0 0 0 0 0 0 
0 0 1538 0 0 0 0 2 0 0 0 0 0 0 2 0 0 0 0 0 0 0 0 0 0 0 0 0 0 0 0 0 0 0 0 0 0 0 0 0 0 0 0 0 0 0 0 0 0 0 0 0 
0 0 2 0 0 0 0 1730 0 0 0 0 0 0 2 0 0 0 0 0 0 0 0 0 0 0 0 0 0 0 0 0 0 0 0 0 0 0 0 0 0 0 0 0 0 0 0 0 0 0 0 0 
0 0 2 0 0 0 0 1730 0 0 0 0 0 0 194 2 2 2 2 2 2 0 0 0 0 0 0 0 0 0 0 0 0 0 0 0 0 0 0 0 0 0 0 0 0 0 0 0 0 0 0 0 
0 0 2 12290 2 0 0 1730 0 0 0 0 0 0 2 0 0 0 0 0 2 0 0 0 0 0 0 0 0 0 0 0 0 0 0 0 0 0 0 0 0 0 0 0 0 0 0 0 0 0 0 0 
0 0 1538 0 0 0 0 1730 0 0 0 0 2 0 2 0 0 0 0 0 2 0 0 0 0 0 2 2 2 2 2 2 2 2 2 2 2 2 0 2 2 2 2 2 2 2 2 2 0 0 0 0 
0 0 2 0 0 0 0 2 2 2 0 2 2 2 2 2 0 0 12290 12290 12290 12290 12290 12290 12290 12290 12290 0 0 0 0 0 0 0 0 0 0 2 2 2 0 0 0 0 0 0 0 2 2 2 2 2 
2 2 2 0 0 0 0 0 0 0 0 0 0 0 0 0 0 0 0 0 0 0 0 0 0 0 0 0 0 0 0 0 0 0 0 0 0 0 0 0 0 0 0 0 0 0 0 0 0 0 0 2 
2 0 0 0 1538 0 0 0 0 0 0 0 0 0 0 0 0 0 0 0 0 0 0 0 0 0 0 0 0 0 0 0 0 0 0 0 0 0 0 0 0 0 0 0 0 0 0 0 0 0 0 2 
2 0 0 0 0 0 0 0 0 0 0 0 0 0 0 0 0 0 0 0 0 0 0 0 0 0 0 2 2 0 0 0 0 0 0 0 0 0 2 2 0 0 0 0 0 0 0 0 2 2 2 2 
2 2 2 2 2 2 0 0 0 0 0 0 0 2 2 2 0 0 0 0 0 0 0 0 0 0 0 0 0 0 0 2 0 0 0 0 0 0 0 0 0 0 0 0 0 0 0 0 0 0 0 2 
0 0 0 2 0 0 0 0 0 0 0 0 0 0 0 0 0 0 0 0 0 0 0 0 0 0 0 0 0 0 0 2 2 0 0 0 0 0 0 0 0 0 0 0 0 0 0 0 0 0 0 2 
0 0 0 2 0 0 0 0 0 0 0 0 0 0 0 0 0 0 0 0 0 0 0 0 0 0 0 0 0 0 0 0 0 0 0 0 0 0 2 2 2 0 0 0 0 0 0 0 0 0 0 2 
0 0 0 2 0 0 0 0 0 0 0 0 0 0 0 0 0 0 0 0 0 0 0 0 0 0 0 0 0 0 0 0 0 0 2 2 2 0 0 0 0 0 0 0 0 0 0 0 0 0 0 2 
0 0 0 2 0 0 2 2 2 2 0 2 2 2 2 2 2 2 2 2 2 2 2 2 2 2 2 2 2 2 2 2 2 2 2 2 2 2 2 2 2 2 2 2 2 2 2 2 2 2 2 2 
0 0 0 2 0 0 2 0 2 1538 0 194 2 2 2 2 0 0 0 0 0 0 0 0 0 0 0 0 0 0 0 0 0 0 2 2 2 0 0 0 0 0 0 0 0 0 0 0 0 0 0 0 
0 0 0 2 0 0 2 0 2 0 0 0 0 0 0 2 0 0 0 0 0 0 0 0 0 0 0 0 0 0 0 0 0 0 0 0 0 0 0 0 0 0 0 0 0 0 0 0 0 0 0 0 
0 0 0 2 2 2 2 0 2 0 0 0 0 0 0 2 0 0 0 0 0 0 0 0 0 0 0 0 0 0 0 0 0 0 0 0 0 0 0 0 0 0 0 0 0 0 0 0 0 0 0 0 
0 0 0 0 0 0 0 0 2 0 0 0 0 0 0 2 0 0 0 0 0 0 0 0 0 0 0 0 0 0 0 0 0 0 0 0 0 0 0 0 0 0 0 0 0 0 0 0 0 0 0 0 
0 0 0 0 0 0 0 0 2 2 2 2 2 2 2 2 0 0 0 0 0 0 0 0 0 0 0 0 0 0 0 0 0 0 0 0 0 0 0 0 0 0 0 0 0 0 0 0 0 0 0 0 
sprite_cells
0 0 0 0 0 0 0 0 30 0 0 0 31 0 0 0 0 0 0 0 0 0 0 0 0 0 0 0 0 0 0 0 0 0 0 0 0 0 0 0 0 0 0 0 0 0 0 0 0 0 0 0 0 0 0 0 0 0 0 0 0 0 0 0 0 0 0 0 0 0 0 0 0 0 0 0 0 0 0 0 0 0 0 0 0 0 0 0 0 0 0 0 0 0 0 0 0 0 0 0 0 0 0 0 
0 0 0 0 0 0 0 0 0 0 0 0 0 0 0 0 0 0 0 0 29 0 29 0 29 0 29 0 29 0 0 0 0 0 0 0 0 0 0 0 0 0 0 0 0 0 0 0 0 0 0 0 0 0 0 0 0 0 0 0 0 0 0 0 0 0 0 0 0 0 0 0 0 0 0 0 0 0 0 0 0 0 0 0 0 0 0 0 0 0 0 0 0 0 0 0 0 0 0 0 0 0 0 0 
0 0 32 0 32 0 0 0 33 0 0 0 34 0 33 0 0 0 0 0 29 0 0 0 0 0 0 0 29 0 0 0 0 0 0 0 0 0 0 0 0 0 0 0 0 0 0 0 0 0 0 0 0 0 0 0 0 0 0 0 0 0 0 0 0 0 0 0 0 0 0 0 0 0 0 0 0 0 0 0 0 0 0 0 0 0 0 0 0 0 0 0 0 0 0 0 0 0 0 0 0 0 0 0 
29 0 29 0 29 0 29 0 35 0 29 0 29 0 29 0 35 0 29 0 29 0 0 0 0 0 0 0 29 0 0 0 0 0 0 0 0 0 0 0 0 0 0 0 0 0 0 0 0 0 0 0 0 0 0 0 0 0 0 0 0 0 0 0 0 0 0 0 0 0 0 0 0 0 0 0 0 0 0 0 0 0 0 0 0 0 0 0 0 0 0 0 0 0 0 0 0 0 0 0 0 0 0 0 
29 0 29 0 29 0 0 0 0 0 0 0 0 0 0 0 0 0 0 0 0 0 0 0 0 0 0 0 29 0 0 0 0 0 0 0 0 0 0 0 0 0 0 0 0 0 0 0 0 0 0 0 0 0 0 0 0 0 0 0 0 0 0 0 0 0 0 0 0 0 0 0 0 0 0 0 0 0 0 0 0 0 0 0 0 0 0 0 0 0 0 0 0 0 0 0 0 0 0 0 0 0 0 0 
36 0 36 0 37 0 0 0 0 0 0 0 0 0 0 0 0 0 0 0 0 0 38 0 29 0 29 0 29 0 0 0 0 0 0 0 0 0 0 0 0 0 0 0 0 0 0 0 0 0 0 0 0 0 0 0 0 0 0 0 0 0 0 0 0 0 0 0 0 0 0 0 0 0 0 0 0 0 0 0 0 0 0 0 0 0 0 0 0 0 0 0 0 0 0 0 0 0 0 0 0 0 0 0 
36 0 36 0 37 0 0 0 0 0 0 0 0 0 0 0 0 0 0 0 0 0 37 0 0 0 0 0 29 0 0 0 0 0 0 0 0 0 0 0 0 0 0 0 0 0 0 0 0 0 0 0 0 0 0 0 0 0 0 0 0 0 0 0 0 0 0 0 0 0 0 0 0 0 0 0 0 0 0 0 0 0 0 0 0 0 0 0 0 0 0 0 0 0 0 0 0 0 0 0 0 0 0 0 
29 0 29 0 38 0 0 0 0 0 0 0 0 0 39 0 0 0 0 0 0 0 0 0 0 0 0 0 29 0 0 0 0 0 0 0 0 0 0 0 0 0 0 0 0 0 0 0 0 0 0 0 0 0 0 0 0 0 0 0 0 0 0 0 0 0 0 0 0 0 0 0 0 0 0 0 0 0 0 0 0 0 0 0 0 0 0 0 0 0 0 0 0 0 0 0 0 0 0 0 0 0 0 0 
36 0 36 0 29 0 0 0 0 0 0 0 0 0 37 0 0 0 0 0 0 0 0 0 0 0 0 0 29 0 0 0 0 0 0 0 0 0 0 0 0 0 0 0 0 0 0 0 0 0 0 0 0 0 0 0 0 0 0 0 0 0 0 0 0 0 0 0 0 0 0 0 0 0 0 0 0 0 0 0 0 0 0 0 0 0 0 0 0 0 0 0 0 0 0 0 0 0 0 0 0 0 0 0 
36 0 36 0 29 0 0 0 0 0 0 0 0 0 40 0 0 0 0 0 0 0 0 0 0 0 0 0 41 0 41 0 41 0 41 0 41 0 41 0 41 0 0 0 0 0 0 0 0 0 0 0 0 0 29 0 29 0 29 0 29 0 29 0 29 0 29 0 29 0 29 0 29 0 29 0 25 0 29 0 29 0 29 0 29 0 30 0 0 0 31 0 29 0 29 0 29 0 29 0 29 0 29 0 
29 0 29 0 29 0 37 0 39 0 0 0 0 0 42 0 0 0 0 0 0 0 0 0 0 0 0 0 41 0 0 0 0 0 0 0 0 0 0 0 41 0 0 0 0 0 0 0 0 0 0 0 0 0 29 0 43 0 44 0 44 0 44 0 38 0 44 0 44 0 44 0 44 0 43 0 25 0 29 0 29 0 33 0 0 0 0 0 0 0 0 0 29 0 29 0 29 0 39 0 39 0 29 0 
36 0 36 0 42 0 0 0 0 0 0 0 0 0 37 0 0 0 0 0 0 0 0 0 41 0 0 0 45 0 0 0 0 0 0 0 0 0 0 0 41 0 0 0 0 0 0 0 0 0 0 0 41 0 46 0 46 0 46 0 46 0 46 0 46 0 46 0 47 0 35 0 46 0 48 0 25 0 49 0 46 0 46 0 46 0 46 0 46 0 46 0 46 0 48 0 29 0 29 0 29 0 29 0 
36 0 36 0 29 0 0 0 0 0 0 0 0 0 41 0 41 0 41 0 0 0 29 0 29 0 41 0 45 0 41 0 0 0 0 0 37 0 42 0 37 0 50 0 0 0 38 0 51 0 42 0 37 0 0 0 0 0 0 0 0 0 0 0 0 0 0 0 52 0 0 0 0 0 53 0 46 0 54 0 0 0 0 0 0 0 0 0 0 0 0 0 0 0 53 0 46 0 46 0 46 0 48 0 
29 0 29 0 29 0 0 0 0 0 0 0 0 0 0 0 0 0 0 0 0 0 0 0 0 0 0 0 0 0 0 0 0 0 0 0 0 0 0 0 0 0 0 0 0 0 0 0 0 0 0 0 0 0 0 0 0 0 0 0 0 0 0 0 0 0 0 0 52 0 0 0 0 0 0 0 0 0 0 0 0 0 0 0 0 0 0 0 0 0 0 0 0 0 0 0 0 0 0 0 0 0 55 0 
29 0 0 0 0 0 0 0 39 0 0 0 0 0 0 0 0 0 0 0 0 0 0 0 0 0 0 0 0 0 0 0 0 0 0 0 0 0 0 0 0 0 0 0 0 0 0 0 0 0 0 0 0 0 0 0 0 0 0 0 0 0 0 0 0 0 0 0 52 0 0 0 0 0 0 0 0 0 0 0 0 0 0 0 0 0 0 0 0 0 0 0 0 0 0 0 0 0 0 0 0 0 55 0 
29 0 0 0 0 0 0 0 0 0 0 0 0 0 0 0 0 0 0 0 0 0 0 0 0 0 0 0 0 0 0 0 0 0 0 0 0 0 0 0 0 0 0 0 0 0 0 0 0 0 0 0 0 0 56 0 56 0 0 0 0 0 0 0 0 0 0 0 52 0 0 0 0 0 0 0 36 0 36 0 0 0 0 0 0 0 0 0 0 0 0 0 0 0 0 0 56 0 56 0 56 0 55 0 
29 0 35 0 46 0 46 0 46 0 39 0 0 0 0 0 0 0 0 0 0 0 0 0 0 0 39 0 39 0 39 0 0 0 0 0 0 0 0 0 0 0 0 0 0 0 0 0 0 0 0 0 0 0 0 0 0 0 0 0 0 0 36 0 0 0 0 0 52 0 0 0 0 0 0 0 0 0 0 0 0 0 0 0 0 0 0 0 0 0 0 0 0 0 0 0 0 0 0 0 0 0 55 0 
29 0 0 0 0 0 28 0 0 0 0 0 0 0 0 0 0 0 0 0 0 0 0 0 0 0 0 0 0 0 0 0 0 0 0 0 0 0 0 0 0 0 0 0 0 0 0 0 0 0 0 0 0 0 0 0 0 0 0 0 0 0 36 0 36 0 0 0 52 0 0 0 0 0 0 0 0 0 0 0 0 0 0 0 0 0 0 0 0 0 0 0 0 0 0 0 0 0 0 0 0 0 55 0 
29 0 0 0 0 0 28 0 0 0 0 0 0 0 0 0 0 0 0 0 0 0 0 0 0 0 0 0 0 0 0 0 0 0 0 0 0 0 0 0 0 0 0 0 0 0 0 0 0 0 0 0 0 0 0 0 0 0 0 0 0 0 0 0 0 0 0 0 52 0 0 0 0 0 0 0 36 0 36 0 36 0 0 0 0 0 0 0 0 0 0 0 0 0 0 0 0 0 0 0 0 0 55 0 
29 0 0 0 0 0 28 0 0 0 0 0 0 0 0 0 0 0 0 0 0 0 0 0 0 0 0 0 0 0 0 0 0 0 0 0 0 0 0 0 0 0 0 0 0 0 0 0 0 0 0 0 0 0 0 0 0 0 0 0 0 0 0 0 0 0 0 0 57 0 58 0 59 0 0 0 0 0 0 0 0 0 0 0 0 0 0 0 0 0 0 0 0 0 0 0 0 0 0 0 0 0 55 0 
29 0 0 0 0 0 41 0 0 0 0 0 41 0 29 0 29 0 29 0 0 0 29 0 35 0 46 0 46 0 29 0 35 0 46 0 46 0 46 0 46 0 46 0 46 0 46 0 46 0 46 0 46 0 46 0 46 0 46 0 46 0 46 0 46 0 39 0 49 0 46 0 48 0 39 0 46 0 46 0 46 0 46 0 46 0 46 0 46 0 46 0 46 0 46 0 46 0 46 0 46 0 54 0 
29 0 0 0 0 0 41 0 0 0 0 0 41 0 0 0 29 0 37 0 0 0 37 0 35 0 46 0 46 0 29 0 33 0 0 0 29 0 33 0 60 0 29 0 60 0 32 0 29 0 51 0 34 0 29 0 33 0 0 0 29 0 34 0 60 0 29 0 55 0 25 0 55 0 29 0 29 0 29 0 29 0 29 0 29 0 29 0 29 0 29 0 29 0 29 0 29 0 29 0 29 0 29 0 
29 0 0 0 0 0 41 0 0 0 0 0 41 0 0 0 29 0 0 0 0 0 0 0 0 0 0 0 0 0 29 0 29 0 29 0 29 0 29 0 29 0 29 0 29 0 29 0 29 0 29 0 29 0 29 0 29 0 29 0 29 0 29 0 29 0 29 0 53 0 46 0 54 0 29 0 29 0 29 0 29 0 29 0 29 0 29 0 29 0 29 0 29 0 29 0 29 0 29 0 29 0 29 0 
29 0 0 0 0 0 41 0 41 0 41 0 41 0 0 0 29 0 0 0 0 0 0 0 0 0 0 0 0 0 29 0 0 0 0 0 0 0 0 0 0 0 0 0 0 0 0 0 0 0 0 0 0 0 0 0 0 0 0 0 0 0 0 0 0 0 0 0 0 0 0 0 0 0 0 0 0 0 0 0 0 0 0 0 0 0 0 0 0 0 0 0 0 0 0 0 0 0 0 0 0 0 0 0 
29 0 0 0 0 0 28 0 0 0 0 0 28 0 0 0 29 0 0 0 0 0 0 0 0 0 61 0 0 0 29 0 0 0 0 0 0 0 0 0 0 0 0 0 0 0 0 0 0 0 0 0 0 0 0 0 0 0 0 0 0 0 0 0 0 0 0 0 0 0 0 0 0 0 0 0 0 0 0 0 0 0 0 0 0 0 0 0 0 0 0 0 0 0 0 0 0 0 0 0 0 0 0 0 
29 0 29 0 29 0 29 0 29 0 29 0 29 0 29 0 29 0 29 0 29 0 29 0 29 0 29 0 29 0 29 0 0 0 0 0 0 0 0 0 0 0 0 0 0 0 0 0 0 0 0 0 0 0 0 0 0 0 0 0 0 0 0 0 0 0 0 0 0 0 0 0 0 0 0 0 0 0 0 0 0 0 0 0 0 0 0 0 0 0 0 0 0 0 0 0 0 0 0 0 0 0 0 0 
decorations 19
-720 401 62 0
-802 78 63 0
-441 80 64 0
-762 239 65 0
-639 -39 66 0
865 241 67 0
861 224 68 0
1042 639 69 0
639 320 70 0
133 686 68 0
89 330 71 0
160 320 66 0
-703 -133 72 0
-707 -141 73 0
-359 835 74 0
-491 680 75 0
-440 679 75 0
-440 639 75 0
-491 640 75 0

layer // layer 3
name noname
offset 0 0
cells_offset -760 200
scroll_scale_factor_1 1 1
scroll_scale_factor_2 1 1
cell_size 40 40
width 24
height 15
no_cells
sprite_cells
0 0 0 0 0 0 0 0 0 0 0 0 0 0 0 0 0 0 0 0 0 0 37 0 49 0 46 0 46 0 46 0 46 0 29 0 35 0 46 0 46 0 46 0 48 0 29 0 
0 0 0 0 0 0 0 0 0 0 0 0 0 0 0 0 0 0 0 0 0 0 29 0 39 0 35 0 46 0 46 0 46 0 39 0 35 0 46 0 46 0 46 0 29 0 39 0 
0 0 0 0 0 0 0 0 0 0 0 0 0 0 0 0 0 0 39 0 0 0 29 0 53 0 46 0 46 0 46 0 46 0 29 0 35 0 46 0 46 0 46 0 54 0 29 0 
0 0 0 0 0 0 0 0 29 0 39 0 29 0 0 0 29 0 0 0 39 0 29 0 29 0 76 0 76 0 37 0 0 0 37 0 0 0 0 0 0 0 0 0 0 0 0 0 
0 0 0 0 0 0 0 0 0 0 0 0 0 0 0 0 0 0 0 0 0 0 0 0 0 0 0 0 0 0 0 0 0 0 0 0 0 0 0 0 0 0 0 0 0 0 0 0 
0 0 0 0 0 0 0 0 0 0 0 0 0 0 0 0 0 0 0 0 0 0 0 0 0 0 0 0 0 0 0 0 0 0 0 0 0 0 0 0 0 0 0 0 0 0 0 0 
0 0 0 0 0 0 0 0 0 0 0 0 0 0 0 0 0 0 0 0 0 0 0 0 0 0 0 0 0 0 0 0 0 0 0 0 0 0 0 0 0 0 0 0 0 0 0 0 
0 0 0 0 0 0 0 0 0 0 0 0 0 0 0 0 0 0 0 0 0 0 0 0 0 0 0 0 0 0 0 0 0 0 0 0 0 0 0 0 0 0 0 0 0 0 0 0 
0 0 0 0 0 0 0 0 0 0 0 0 0 0 0 0 0 0 0 0 0 0 0 0 0 0 0 0 0 0 0 0 0 0 0 0 0 0 0 0 0 0 0 0 0 0 0 0 
0 0 0 0 0 0 0 0 0 0 0 0 0 0 0 0 0 0 0 0 0 0 0 0 0 0 0 0 0 0 0 0 0 0 0 0 0 0 0 0 0 0 0 0 0 0 0 0 
0 0 0 0 0 0 0 0 0 0 0 0 0 0 0 0 0 0 0 0 0 0 0 0 0 0 0 0 0 0 0 0 0 0 0 0 0 0 0 0 0 0 0 0 0 0 0 0 
39 0 76 0 76 0 39 0 0 0 0 0 0 0 0 0 0 0 0 0 0 0 0 0 0 0 0 0 0 0 0 0 0 0 0 0 0 0 0 0 0 0 0 0 0 0 0 0 
77 0 78 0 0 0 77 0 0 0 0 0 0 0 0 0 0 0 0 0 0 0 0 0 0 0 0 0 0 0 0 0 0 0 0 0 0 0 0 0 0 0 0 0 0 0 0 0 
55 0 0 0 0 0 55 0 0 0 0 0 0 0 0 0 0 0 0 0 0 0 0 0 0 0 0 0 0 0 0 0 0 0 0 0 0 0 0 0 0 0 0 0 0 0 0 0 
39 0 35 0 46 0 39 0 0 0 0 0 0 0 0 0 0 0 0 0 0 0 0 0 0 0 0 0 0 0 0 0 0 0 0 0 0 0 0 0 0 0 0 0 0 0 0 0 
decorations 0

} // layers

entities { 
hero/Magneto 1 {
gravity 140
unstick_horizontal_speed 250
max_falling_height 999
position_in_layer 920 600
layer_index 2
}
Spec/Note 10 {
text "low grawity"
position_in_layer 565 504
layer_index 2
}
teeth120_N 18 {
position_in_layer 0 620
layer_index 2
}
teeth120_N 19 {
position_in_layer -120 620
layer_index 2
}
Break/Bridge 20 {
operate 21
position_in_layer 0 440
layer_index 2
}
Break/Bridge 21 {
operate 22
position_in_layer -80 480
layer_index 2
}
Break/Bridge 22 {
operate 26
position_in_layer -160 520
layer_index 2
}
Spec/Region 23 {
trigger_once true
operate 20
off_signal_enabled false
position_in_layer 196 409
layer_index 2
}
Spec/SignalPlexor 26 {
operate_1 20
invert true
position_in_layer -26 562
layer_index 2
}
teeth120_N 27 {
position_in_layer -240 620
layer_index 2
}
teeth120_N 30 {
position_in_layer -360 620
layer_index 2
}
steelspikes_S 31 {
position_in_layer -100 360
layer_index 2
}
steelspikes_S 32 {
position_in_layer -60 360
layer_index 2
}
shooter/drop 34 {
shot_delay 1000 1000
shot_entity walk/indy/delay2
position_in_layer -135 270
layer_index 2
}
Device/Respawn 36 {
position_in_layer 220 400
layer_index 2
}
Spec/Region 39 {
size 40 280
balloon true
magneto false
killer true
position_in_layer 480 320
layer_index 2
}
teeth120_N 40 {
position_in_layer 120 620
layer_index 2
}
teeth120_N 41 {
position_in_layer 240 620
layer_index 2
}
teeth120_N 43 {
position_in_layer 360 620
layer_index 2
}
Crate/solid 44 {
position_in_layer 300 620
layer_index 2
}
steelspikes_N 46 {
position_in_layer -760 200
layer_index 2
}
steelspikes_N 47 {
position_in_layer -720 200
layer_index 2
}
steelspikes_N 48 {
position_in_layer -720 360
layer_index 2
}
teeth40_N 49 {
position_in_layer -600 100
layer_index 2
}
thorns/medium_S 51 {
position_in_layer -441 118
layer_index 2
}
thorns/medium_E 52 {
position_in_layer -403 76
layer_index 2
}
steelspikes_N 53 {
position_in_layer -360 300
layer_index 2
}
steelspikes_N 54 {
position_in_layer -560 300
layer_index 2
}
steelspikes_N 58 {
position_in_layer -400 260
layer_index 2
}
teeth80_N 60 {
position_in_layer -440 620
layer_index 2
}
Device/Respawn 63 {
position_in_layer -400 0
layer_index 2
}
Spec/LevelExit 64 {
closed_sprite none
opened_sprite none
position_in_layer -360 800
layer_index 2
}
Device/Respawn 65 {
position_in_layer -820 440
layer_index 2
}
teeth80_N 66 {
position_in_layer -640 620
layer_index 2
}
teeth80_N 67 {
position_in_layer -560 620
layer_index 2
}
Device/Terminal 68 {
show_doc "low_gravity"
position_in_layer 1040 600
layer_index 2
}
SoundComputer 69 {
position_in_layer -676 -128
layer_index 2
}
SoundComputer 70 {
position_in_layer 824 198
layer_index 2
}
} // entities
