sprite_table {
 bgr/plate_01 1
 bgr/plate_08 2
 bgr/plate_02 3
 bgr/plate_wire_2 4
 bgr/plate_13 5
 bgr/plate_05 6
 bgr/hugepipe01 7
 bgr/hugepipe02 8
 bgr/hugepipe04 9
 bgr/hugepipe03 10
 bgr/plate_10 11
 bgr/plate_04 12
 bgr/plate_07 13
 bgr/eyes_big 14
 shadow_fix_02 15
 metal_pipe_08 16
 wall_brick03 17
 shadow_fix_01 18
 wall_brick01 19
 metal_ramp_02 20
 metal_ramp_01 21
 metal_ramp_03 22
 mandi 23
 wall_tech_41 24
 wall_tech_40 25
 wall_tech_45 26
 wall_tech_39 27
 wall_tech_42 28
 wall_tech_47 29
 tech_light 30
 wall_tech_46 31
 wall_tech_43 32
 wall_metalA_03 33
 wall_brick02 34
 wall_metalA_02 35
 wall_metalA_00 36
 wall_brick04 37
 wall_stoneA_05 38
 wall_metalA_01 39
 wall_stoneA_01 40
 wall_stoneA_15 41
 teleOUT_up 42
 crane_platform 43
 bigcogwheel 44
 teleIN_up 45
 cogwheelA 46
 metal_fatpipe_04 47
 metal_fatpipe_09 48
 metal_fatpipe_01 49
 metal_fatpipe_02 50
 brownpipe1 51
 metal_pipeend 52
 metal_fatpipe_08 53
 metal_grate 54
 pistyV 55
 metal_pipejoint_01 56
 metal_pipe_09 57
 crane09 58
 metal_fatpipe_10 59
 metal_pipejoint_04 60
 metal_pipe_05 61
 metal_pipe_04 62
 pipeend_4 63
 sign/arrow4 64
 sign/stripe1 65
 sign/stripe2 66
 sign/gaugeA 67
 sign/gaugeB 68
 sign/electricity 69
 sign/number1 70
 sign/exit 71
 sign/number2 72
 sign/acid1 73
 wire_1W 74
 wire_2H 75
 wire_2S 76
 wire_2V 77
 wire_2N 78
 metal_fatpipe_07 79
 wire_2E 80
 wire_1E 81
} // sprite_table

layers {
clear_screen true
layer // layer 0
name noname
offset 0 0
cells_offset 320 -440
scroll_scale_factor_1 1 1
scroll_scale_factor_2 1 1
cell_size 40 40
width 8
height 31
no_cells
sprite_cells
0 0 1 0 2 0 1 0 1 0 1 0 1 0 0 0 
0 0 1 0 3 0 3 0 1 0 1 0 1 0 0 0 
4 0 0 0 4 0 0 0 0 0 0 0 0 0 0 0 
0 0 5 0 0 0 5 0 0 0 5 0 0 0 5 0 
0 0 0 0 0 0 0 0 0 0 0 0 0 0 0 0 
0 0 5 0 0 0 5 0 0 0 5 0 0 0 5 0 
0 0 0 0 0 0 0 0 0 0 0 0 0 0 0 0 
4 0 0 0 4 0 0 0 0 0 4 0 0 0 4 0 
0 0 1 0 3 0 1 0 0 0 0 0 0 0 0 0 
0 0 1 0 1 0 1 0 1 0 6 0 1 0 0 0 
0 0 1 0 0 0 0 0 0 0 0 0 1 0 0 0 
0 0 3 0 1 0 1 0 1 0 6 0 1 0 0 0 
0 0 1 0 1 0 0 0 3 0 0 0 0 0 0 0 
0 0 1 0 0 0 1 0 2 0 0 0 1 0 0 0 
0 0 1 0 1 0 1 0 1 0 1 0 3 0 0 0 
0 0 1 0 1 0 0 0 0 0 0 0 1 0 0 0 
0 0 0 0 4 0 0 0 4 0 0 0 4 0 0 0 
0 0 0 0 1 0 1 0 1 0 3 0 1 0 0 0 
0 0 1 0 1 0 1 0 1 0 1 0 0 0 0 0 
0 0 1 0 3 0 0 0 1 0 1 0 1 0 0 0 
0 0 3 0 3 0 0 0 7 0 0 0 8 0 0 0 
0 0 1 0 1 0 0 0 9 0 0 0 0 0 0 0 
0 0 2 0 1 0 6 0 0 0 10 0 0 0 0 0 
0 0 0 0 1 0 0 0 11 0 1 0 1 0 1 0 
0 0 12 0 12 0 6 0 12 0 12 0 12 0 0 0 
0 0 0 0 0 0 0 0 0 0 0 0 0 0 0 0 
0 0 13 0 1 0 6 0 1 0 1 0 1 0 0 0 
0 0 12 0 12 0 0 0 12 0 12 0 0 0 0 0 
0 0 0 0 0 0 6 0 0 0 0 0 0 0 0 0 
0 0 12 0 12 0 0 0 12 0 12 0 0 0 0 0 
0 0 0 0 0 0 6 0 0 0 0 0 0 0 0 0 
decorations 1
530 417 14 0

layer // layer 1
name noname
offset 15 15
cells_offset 320 -480
scroll_scale_factor_1 1 1
scroll_scale_factor_2 1 1
cell_size 40 40
width 9
height 32
shadow
no_cells
sprite_cells
1 0 1 0 1 0 1 0 1 0 1 0 1 0 0 0 0 0 
1 0 0 0 0 0 0 0 0 0 0 0 0 0 0 0 0 0 
1 0 0 0 0 0 0 0 0 0 0 0 0 0 0 0 0 0 
1 0 0 0 0 0 0 0 0 0 1 0 1 0 0 0 0 0 
1 0 0 0 0 0 15 0 1 0 1 0 16 0 17 0 0 0 
1 0 0 0 0 0 0 0 18 0 0 0 0 0 15 0 17 0 
1 0 0 0 15 0 1 0 1 0 0 0 0 0 0 0 0 0 
1 0 0 0 0 0 0 0 0 0 0 0 0 0 0 0 0 0 
1 0 0 0 0 0 0 0 1 0 1 0 1 0 1 0 0 0 
1 0 0 0 0 0 15 0 1 0 1 0 1 0 0 0 0 0 
1 0 0 0 0 0 0 0 18 0 0 0 0 0 0 0 0 0 
1 0 15 0 1 0 1 0 1 0 0 0 0 0 0 0 0 0 
1 0 0 0 0 0 18 0 0 0 0 0 0 0 0 0 0 0 
1 0 0 0 15 0 1 0 0 0 15 0 1 0 0 0 0 0 
1 0 15 0 1 0 0 0 15 0 1 0 0 0 0 0 0 0 
1 0 0 0 0 0 0 0 0 0 18 0 0 0 0 0 0 0 
1 0 18 0 15 0 1 0 1 0 1 0 0 0 0 0 0 0 
0 0 1 0 0 0 0 0 0 0 0 0 0 0 0 0 0 0 
1 0 1 0 0 0 0 0 0 0 0 0 0 0 0 0 0 0 
1 0 0 0 0 0 18 0 0 0 15 0 1 0 0 0 0 0 
1 0 0 0 0 0 1 0 0 0 0 0 0 0 0 0 0 0 
1 0 0 0 0 0 1 0 0 0 0 0 0 0 0 0 0 0 
1 0 0 0 15 0 1 0 0 0 0 0 0 0 0 0 0 0 
1 0 18 0 0 0 0 0 0 0 0 0 0 0 0 0 0 0 
0 0 1 0 0 0 0 0 0 0 15 0 1 0 0 0 0 0 
1 0 1 0 0 0 0 0 0 0 0 0 0 0 0 0 0 0 
1 0 0 0 0 0 0 0 0 0 0 0 0 0 0 0 0 0 
1 0 0 0 0 0 0 0 0 0 0 0 0 0 0 0 0 0 
1 0 0 0 0 0 0 0 0 0 0 0 0 0 0 0 0 0 
1 0 0 0 0 0 0 0 0 0 0 0 0 0 0 0 0 0 
19 0 20 0 20 0 21 0 20 0 20 0 0 0 0 0 0 0 
19 0 0 0 0 0 22 0 0 0 0 0 0 0 0 0 0 0 
decorations 2
402 40 18 0
521 40 18 0

layer // layer 2
name Main
offset 0 0
cells_offset 320 -480
scroll_scale_factor_1 1 1
scroll_scale_factor_2 1 1
cell_size 40 40
width 10
height 32
cells
2 2 2 2 2 2 2 2 0 0 
1538 0 0 0 0 0 0 2 0 0 
1538 0 0 0 0 0 0 2 0 0 
1538 0 0 0 218 2 2 2 0 0 
1538 0 0 0 2 2 12290 2 2 0 
2 0 0 0 0 0 0 0 2 2 
2 0 0 2 2 0 0 0 0 2 
2 0 0 0 0 0 0 0 2 2 
2 0 0 0 2 2 2 2 2 0 
2 0 0 0 2 12290 2 2 0 0 
2 0 0 0 0 0 0 2 0 0 
2 0 2 2 2 0 0 2 0 0 
2 0 0 0 0 0 0 2 0 0 
1538 0 0 2 0 0 2 2 0 0 
1538 0 2 0 0 2 0 2 0 0 
1538 0 0 0 0 0 0 2 0 0 
1538 0 0 2 12314 13850 0 2 0 0 
2 2 0 0 0 0 0 2 0 0 
2 13826 0 0 0 0 0 2 0 0 
2 0 0 0 0 0 2 2 0 0 
2 0 0 2 0 0 0 194 0 0 
2 0 0 2 0 0 0 194 0 0 
2 0 0 14018 0 0 0 194 0 0 
2 0 0 0 0 0 0 194 0 0 
2 2 0 0 0 0 12506 2 0 0 
2 13826 0 0 0 0 0 2 0 0 
2 0 0 0 0 0 0 2 0 0 
2 0 0 0 0 0 0 2 0 0 
2 0 0 0 0 0 218 2 0 0 
2 0 0 0 0 0 2 0 0 0 
2 2 2 2 2 2 2 0 0 0 
0 0 0 0 0 0 0 0 0 0 
sprite_cells
0 0 0 0 0 0 0 0 0 0 0 0 0 0 0 0 0 0 0 0 
0 0 0 0 0 0 0 0 0 0 0 0 0 0 0 0 0 0 0 0 
0 0 0 0 0 0 0 0 0 0 23 0 0 0 0 0 0 0 0 0 
0 0 0 0 0 0 0 0 0 0 0 0 0 0 0 0 0 0 0 0 
0 0 0 0 0 0 0 0 0 0 0 0 0 0 0 0 0 0 0 0 
0 0 0 0 0 0 0 0 0 0 0 0 0 0 0 0 0 0 0 0 
0 0 0 0 0 0 0 0 0 0 0 0 0 0 0 0 0 0 0 0 
0 0 0 0 0 0 0 0 0 0 0 0 0 0 0 0 0 0 0 0 
0 0 0 0 0 0 0 0 0 0 0 0 0 0 0 0 0 0 0 0 
0 0 0 0 0 0 0 0 0 0 0 0 0 0 0 0 0 0 0 0 
0 0 0 0 0 0 0 0 0 0 0 0 0 0 0 0 0 0 0 0 
0 0 0 0 0 0 0 0 0 0 0 0 0 0 0 0 0 0 0 0 
0 0 0 0 0 0 0 0 0 0 0 0 0 0 0 0 0 0 0 0 
0 0 0 0 0 0 0 0 0 0 0 0 0 0 0 0 0 0 0 0 
0 0 0 0 0 0 0 0 0 0 0 0 0 0 0 0 0 0 0 0 
0 0 0 0 0 0 0 0 0 0 0 0 0 0 0 0 0 0 0 0 
0 0 0 0 0 0 0 0 0 0 0 0 0 0 0 0 0 0 0 0 
0 0 0 0 0 0 0 0 0 0 0 0 0 0 0 0 0 0 0 0 
0 0 0 0 0 0 0 0 0 0 0 0 0 0 0 0 0 0 0 0 
0 0 0 0 0 0 0 0 0 0 0 0 0 0 0 0 0 0 0 0 
0 0 0 0 0 0 0 0 0 0 0 0 0 0 0 0 0 0 0 0 
0 0 0 0 0 0 0 0 0 0 0 0 0 0 0 0 0 0 0 0 
0 0 0 0 0 0 0 0 0 0 0 0 0 0 0 0 0 0 0 0 
0 0 0 0 0 0 0 0 0 0 0 0 0 0 0 0 0 0 0 0 
0 0 0 0 0 0 0 0 0 0 0 0 0 0 0 0 0 0 0 0 
0 0 0 0 0 0 0 0 0 0 0 0 0 0 0 0 0 0 0 0 
0 0 0 0 0 0 0 0 0 0 0 0 0 0 0 0 0 0 0 0 
0 0 0 0 0 0 0 0 0 0 0 0 0 0 0 0 0 0 0 0 
0 0 0 0 0 0 0 0 0 0 0 0 0 0 0 0 0 0 0 0 
0 0 0 0 0 0 0 0 0 0 0 0 0 0 0 0 0 0 0 0 
0 0 20 0 20 0 21 0 20 0 20 0 0 0 0 0 0 0 0 0 
0 0 0 0 0 0 22 0 0 0 0 0 0 0 0 0 0 0 0 0 
decorations 0

layer // layer 3
name Main2
offset 0 0
cells_offset 200 -640
scroll_scale_factor_1 1 1
scroll_scale_factor_2 1 1
cell_size 40 40
width 14
height 39
no_cells
sprite_cells
0 0 0 0 0 0 0 0 0 0 0 0 24 0 24 0 0 0 0 0 0 0 0 0 0 0 0 0 
0 0 0 0 0 0 0 0 25 0 26 0 27 0 27 0 26 0 28 0 0 0 0 0 0 0 0 0 
0 0 0 0 29 0 0 0 30 0 30 0 31 0 31 0 30 0 30 0 29 0 0 0 0 0 0 0 
0 0 0 0 0 0 0 0 30 0 30 0 32 0 32 0 30 0 30 0 0 0 0 0 0 0 0 0 
0 0 33 0 0 0 19 0 34 0 34 0 34 0 34 0 34 0 34 0 34 0 34 0 34 0 17 0 
0 0 35 0 36 0 0 0 0 0 0 0 0 0 0 0 0 0 0 0 37 0 38 0 0 0 37 0 
0 0 39 0 0 0 0 0 0 0 0 0 0 0 0 0 0 0 0 0 37 0 40 0 0 0 37 0 
0 0 0 0 36 0 0 0 0 0 0 0 0 0 35 0 19 0 34 0 37 0 0 0 0 0 37 0 
0 0 35 0 0 0 0 0 0 0 0 0 0 0 19 0 17 0 16 0 19 0 34 0 34 0 17 0 
0 0 41 0 0 0 37 0 0 0 0 0 0 0 0 0 0 0 0 0 0 0 19 0 34 0 17 0 
0 0 41 0 0 0 37 0 0 0 0 0 19 0 17 0 0 0 0 0 0 0 0 0 19 0 17 0 
0 0 41 0 0 0 37 0 0 0 0 0 0 0 0 0 0 0 0 0 0 0 0 0 19 0 17 0 
0 0 41 0 0 0 37 0 0 0 0 0 0 0 42 0 43 0 43 0 43 0 37 0 33 0 0 0 
0 0 41 0 0 0 37 0 0 0 0 0 0 0 37 0 35 0 19 0 17 0 44 0 0 0 35 0 
0 0 41 0 0 0 37 0 0 0 0 0 0 0 0 0 0 0 0 0 37 0 0 0 0 0 39 0 
0 0 41 0 0 0 37 0 0 0 37 0 45 0 37 0 0 0 0 0 37 0 35 0 39 0 0 0 
0 0 41 0 0 0 37 0 0 0 0 0 0 0 0 0 0 0 0 0 37 0 46 0 0 0 21 0 
0 0 39 0 36 0 0 0 0 0 0 0 37 0 0 0 0 0 37 0 37 0 33 0 0 0 22 0 
0 0 0 0 0 0 0 0 0 0 37 0 0 0 0 0 37 0 0 0 19 0 17 0 47 0 22 0 
0 0 39 0 36 0 0 0 0 0 0 0 0 0 0 0 0 0 0 0 37 0 1 0 48 0 22 0 
0 0 0 0 0 0 0 0 0 0 0 0 37 0 49 0 35 0 0 0 37 0 47 0 0 0 22 0 
0 0 50 0 50 0 19 0 17 0 0 0 0 0 0 0 0 0 0 0 37 0 50 0 0 0 22 0 
0 0 51 0 51 0 37 0 52 0 0 0 0 0 0 0 0 0 0 0 37 0 47 0 0 0 22 0 
0 0 51 0 51 0 37 0 0 0 0 0 0 0 0 0 0 0 19 0 17 0 1 0 53 0 22 0 
0 0 50 0 50 0 37 0 0 0 0 0 37 0 0 0 0 0 0 0 0 0 0 0 47 0 22 0 
33 0 0 0 39 0 37 0 0 0 0 0 37 0 0 0 0 0 0 0 0 0 0 0 50 0 22 0 
54 0 55 0 0 0 37 0 0 0 0 0 35 0 0 0 0 0 0 0 0 0 0 0 47 0 22 0 
54 0 0 0 52 0 37 0 0 0 0 0 0 0 0 0 0 0 0 0 0 0 0 0 33 0 0 0 
33 0 0 0 39 0 19 0 17 0 0 0 0 0 0 0 0 0 56 0 57 0 33 0 0 0 58 0 
54 0 55 0 0 0 37 0 35 0 0 0 0 0 0 0 0 0 0 0 37 0 55 0 54 0 0 0 
54 0 0 0 35 0 37 0 0 0 0 0 0 0 0 0 0 0 0 0 37 0 0 0 54 0 0 0 
33 0 0 0 39 0 37 0 0 0 0 0 0 0 0 0 0 0 0 0 37 0 33 0 0 0 0 0 
54 0 55 0 0 0 37 0 0 0 0 0 0 0 0 0 0 0 35 0 37 0 55 0 54 0 0 0 
54 0 0 0 39 0 37 0 0 0 0 0 0 0 0 0 0 0 37 0 39 0 0 0 54 0 0 0 
33 0 0 0 0 0 37 0 0 0 0 0 0 0 0 0 0 0 37 0 0 0 33 0 0 0 0 0 
50 0 39 0 57 0 37 0 0 0 0 0 0 0 0 0 0 0 19 0 17 0 39 0 50 0 0 0 
59 0 0 0 57 0 19 0 17 0 60 0 37 0 60 0 19 0 34 0 17 0 0 0 48 0 0 0 
0 0 61 0 0 0 19 0 17 0 50 0 37 0 50 0 19 0 34 0 17 0 50 0 0 0 0 0 
0 0 62 0 16 0 16 0 16 0 54 0 57 0 54 0 16 0 16 0 16 0 52 0 63 0 0 0 
decorations 18
360 479 64 0
400 80 65 0
440 40 66 0
520 80 65 0
641 40 67 0
674 40 67 0
644 479 68 0
521 160 68 0
295 58 69 0
298 140 70 0
400 -40 65 0
480 -40 66 0
519 -369 71 0
296 -421 69 0
297 -343 72 0
279 558 67 0
639 725 67 0
439 800 73 0

layer // layer 4
name noname
offset 0 0
cells_offset 280 -120
scroll_scale_factor_1 1 1
scroll_scale_factor_2 1 1
cell_size 40 40
width 10
height 24
no_cells
sprite_cells
0 0 0 0 0 0 0 0 0 0 74 0 75 0 75 0 76 0 0 0 
0 0 0 0 0 0 0 0 0 0 0 0 0 0 0 0 77 0 0 0 
0 0 0 0 0 0 0 0 0 0 0 0 0 0 0 0 77 0 0 0 
0 0 0 0 0 0 0 0 0 0 0 0 0 0 0 0 78 0 0 0 
0 0 0 0 0 0 0 0 0 0 0 0 0 0 0 0 0 0 0 0 
0 0 0 0 0 0 0 0 0 0 0 0 0 0 0 0 0 0 0 0 
0 0 0 0 0 0 0 0 0 0 0 0 0 0 0 0 0 0 79 0 
0 0 0 0 0 0 0 0 0 0 0 0 0 0 0 0 0 0 0 0 
0 0 80 0 81 0 0 0 0 0 0 0 0 0 0 0 0 0 0 0 
0 0 77 0 0 0 0 0 0 0 0 0 0 0 0 0 0 0 0 0 
0 0 77 0 0 0 0 0 0 0 0 0 0 0 0 0 0 0 59 0 
0 0 77 0 0 0 0 0 0 0 0 0 0 0 0 0 36 0 0 0 
0 0 77 0 0 0 0 0 0 0 0 0 0 0 0 0 0 0 0 0 
0 0 77 0 0 0 0 0 0 0 0 0 0 0 0 0 36 0 0 0 
0 0 77 0 0 0 0 0 0 0 0 0 0 0 0 0 0 0 0 0 
0 0 77 0 0 0 0 0 0 0 0 0 0 0 0 0 0 0 0 0 
0 0 77 0 0 0 0 0 0 0 0 0 0 0 0 0 0 0 0 0 
0 0 77 0 0 0 0 0 0 0 0 0 0 0 0 0 0 0 0 0 
0 0 77 0 0 0 0 0 0 0 0 0 0 0 0 0 0 0 0 0 
0 0 77 0 0 0 0 0 0 0 0 0 0 0 0 0 0 0 0 0 
0 0 77 0 0 0 0 0 0 0 0 0 0 0 0 0 0 0 0 0 
0 0 77 0 0 0 0 0 0 0 0 0 0 0 0 0 0 0 0 0 
49 0 77 0 0 0 0 0 0 0 0 0 0 0 0 0 0 0 0 0 
49 0 78 0 81 0 0 0 0 0 0 0 0 0 0 0 0 0 0 0 
decorations 0

} // layers

entities { 
hero/Magneto 1 {
position_in_layer 440 680
layer_index 2
}
spikes40_W 2 {
delay_to_fwd 1000
position_in_layer 600 400
layer_index 2
}
spikes40_W 3 {
delay_to_fwd 1000
position_in_layer 600 360
layer_index 2
}
Device/Teleport 5 {
target 6
position_in_layer 440 -80
layer_index 2
}
Device/Teleport 6 {
position_in_layer 480 -200
layer_index 2
}
ortho/threewheel 8 {
speed_fwd 40
speed_bwd 40
move_distance 120
position_in_layer 475 -195
layer_index 2
}
Device/FloorPermanent 9 {
operate 10
position_in_layer 640 -200
layer_index 2
}
Break/Bridge 10 {
position_in_layer 520 -240
layer_index 2
}
Spec/LevelExit 11 {
closed_sprite none
opened_sprite none
position_in_layer 520 -400
layer_index 2
}
AcidPool 12 {
size 8 30
start_empty true
position_in_layer 360 -360
layer_index 2
}
Device/Lever_E 13 {
on_switch_on_target 14
on_switch_on_action run
position_in_layer 360 600
layer_index 2
}
Spec/Actions 14 {
a1_target 12
a1_action fill
position_in_layer 266 550
layer_index 2
}
SoundMachine 15 {
size 40 240
position_in_layer 239 434
layer_index 2
}
SoundMachine 16 {
size 40 120
position_in_layer 645 564
layer_index 2
}
SoundMachine 17 {
position_in_layer 661 -98
layer_index 2
}
} // entities
