sprite_table {
 bgr/plate_04 1
 bgr/plate_01 2
 bgr/hugepipe01 3
 bgr/hugepipe02 4
 bgr/plate_02 5
 bgr/hugepipe04 6
 bgr/hugepipe03 7
 bgr/rock_07 8
 bgr/rock_01 9
 bgr/rock_02 10
 bgr/plate_08 11
 bgr/plate_wire_2 12
 bgr/plate_10 13
 bgr/plate_06 14
 bgr/plate_13 15
 bgr/bulkhead 16
 bgr/plate_05 17
 bgr/plate_wire_1 18
 bgr/eyes_big 19
 bgr/mix_futro04 20
 bgr/mix_futro02 21
 bgr/eyes 22
 bgr/mix_futro03 23
 wall_stoneA_02 24
 wall_stoneA_05 25
 crane05 26
 shadow_fix_01 27
 crane06 28
 crane09 29
 crane07 30
 crane08 31
 comp05 32
 metal_pipe_03 33
 wall_stoneA_04 34
 shadow_fix_02 35
 wall_tech_20 36
 tractor3 37
 tractor4 38
 metal_ramp_01 39
 wall_arc_01 40
 wall_arc_02 41
 wall_arc_03 42
 wall_stoneA_10 43
 wall_tech_28 44
 wall_tech_25 45
 wall_tech_38 46
 metal_pipe_10 47
 columnA_top 48
 columnA_middle 49
 columnA_bottom 50
 wall_tech_18 51
 wall_tech_47 52
 wall_tech_40 53
 wall_tech_45 54
 wall_tech_42 55
 wall_tech_44 56
 wall_tech_08 57
 wall_metalA_02 58
 wall_tech_34 59
 wall_tech_36 60
 wall_tech_32 61
 wall_stoneA_03 62
 wall_metalA_01 63
 wall_metalA_03 64
 wall_tech_21 65
 wall_tech_26 66
 wall_tech_22 67
 cogwheelB 68
 metal_grate 69
 wall_tech_23 70
 wall_stoneA_00 71
 wall_tech_11 72
 wall_tech_07 73
 wall_tech_12 74
 wall_stoneA_06 75
 wall_stoneA_08 76
 wall_brick01 77
 wall_brick03 78
 wall_tech_04 79
 wall_brick04 80
 tractor1 81
 tractor2 82
 wall_stoneA_01 83
 metal_ramp_02 84
 wall_tech_14 85
 wall_tech_03 86
 wall_tech_10 87
 wall_tech_05 88
 wall_tech_09 89
 zabradli 90
 wall_stoneA_11 91
 wall_stoneA_12 92
 wall_stoneA_13 93
 sign/exit 94
 sign/eye 95
 sign/number1 96
 sign/number2 97
 metal_pipe_08 98
 wire_2E 99
 sign/stripe3 100
 sign/arrow3 101
 sign/nuke 102
 comp_arrow2 103
} // sprite_table

layers {
clear_screen true
layer // layer 0
name noname
offset 0 0
cells_offset -120 -120
scroll_scale_factor_1 1 1
scroll_scale_factor_2 1 1
cell_size 40 40
width 28
height 17
no_cells
sprite_cells
0 0 0 0 0 0 1 0 0 0 0 0 0 0 0 0 0 0 0 0 0 0 0 0 0 0 0 0 0 0 0 0 0 0 0 0 0 0 0 0 0 0 0 0 0 0 0 0 0 0 0 0 0 0 0 0 
0 0 0 0 1 0 0 0 1 0 2 0 1 0 2 0 1 0 0 0 0 0 0 0 0 0 0 0 0 0 0 0 0 0 0 0 0 0 0 0 0 0 0 0 0 0 0 0 0 0 0 0 0 0 0 0 
0 0 0 0 0 0 1 0 0 0 1 0 0 0 1 0 0 0 0 0 0 0 0 0 0 0 0 0 0 0 0 0 0 0 0 0 0 0 0 0 0 0 0 0 0 0 0 0 0 0 0 0 0 0 0 0 
0 0 0 0 1 0 0 0 1 0 0 0 2 0 0 0 2 0 0 0 0 0 0 0 0 0 0 0 0 0 0 0 0 0 0 0 0 0 0 0 0 0 0 0 0 0 0 0 0 0 0 0 0 0 0 0 
0 0 0 0 0 0 1 0 0 0 0 0 0 0 0 0 0 0 0 0 0 0 0 0 0 0 0 0 0 0 0 0 0 0 0 0 0 0 0 0 0 0 0 0 0 0 0 0 0 0 0 0 0 0 0 0 
0 0 0 0 0 0 0 0 2 0 0 0 0 0 0 0 0 0 0 0 0 0 0 0 0 0 0 0 0 0 0 0 0 0 0 0 0 0 0 0 0 0 0 0 0 0 0 0 0 0 0 0 0 0 0 0 
0 0 2 0 3 0 0 0 4 0 0 0 0 0 0 0 0 0 0 0 0 0 0 0 0 0 0 0 0 0 0 0 0 0 0 0 0 0 0 0 0 0 0 0 0 0 0 0 0 0 0 0 0 0 0 0 
0 0 5 0 6 0 0 0 0 0 0 0 0 0 0 0 0 0 0 0 0 0 0 0 0 0 0 0 0 0 0 0 0 0 0 0 0 0 0 0 0 0 0 0 0 0 0 0 0 0 0 0 0 0 0 0 
0 0 2 0 0 0 7 0 0 0 0 0 0 0 8 0 0 0 8 0 0 0 8 0 0 0 8 0 0 0 8 0 0 0 8 0 0 0 8 0 0 0 8 0 0 0 0 0 0 0 0 0 0 0 0 0 
0 0 2 0 2 0 0 0 0 0 0 0 0 0 9 0 0 0 9 0 0 0 0 0 9 0 0 0 9 0 0 0 9 0 9 0 0 0 9 0 0 0 10 0 0 0 1 0 1 0 0 0 0 0 0 0 
0 0 2 0 2 0 2 0 2 0 2 0 2 0 0 0 0 0 0 0 0 0 0 0 0 0 0 0 0 0 0 0 0 0 0 0 0 0 0 0 0 0 0 0 0 0 0 0 0 0 11 0 0 0 0 0 
0 0 0 0 0 0 2 0 2 0 2 0 0 0 12 0 0 0 0 0 0 0 0 0 0 0 0 0 0 0 0 0 0 0 0 0 0 0 0 0 0 0 0 0 0 0 2 0 0 0 2 0 0 0 0 0 
0 0 0 0 0 0 2 0 5 0 2 0 1 0 1 0 2 0 1 0 0 0 0 0 0 0 13 0 0 0 0 0 0 0 0 0 0 0 5 0 0 0 0 0 0 0 0 0 0 0 2 0 0 0 0 0 
0 0 0 0 14 0 0 0 0 0 0 0 0 0 0 0 2 0 0 0 2 0 5 0 2 0 2 0 2 0 2 0 2 0 2 0 2 0 2 0 2 0 2 0 2 0 2 0 11 0 2 0 2 0 13 0 
2 0 15 0 0 0 11 0 0 0 0 0 5 0 5 0 0 0 0 0 5 0 0 0 0 0 0 0 0 0 0 0 5 0 0 0 0 0 0 0 0 0 0 0 5 0 0 0 0 0 0 0 0 0 0 0 
2 0 0 0 0 0 2 0 15 0 0 0 1 0 1 0 16 0 16 0 2 0 0 0 0 0 0 0 0 0 0 0 5 0 0 0 0 0 0 0 0 0 0 0 5 0 0 0 0 0 0 0 0 0 0 0 
2 0 2 0 13 0 2 0 0 0 0 0 0 0 0 0 0 0 0 0 2 0 2 0 17 0 2 0 5 0 2 0 2 0 2 0 11 0 2 0 17 0 2 0 2 0 2 0 2 0 18 0 18 0 2 0 
decorations 12
752 266 19 0
-80 256 20 0
-40 256 20 0
43 480 21 0
43 520 21 0
107 479 21 0
107 519 21 0
6 166 22 0
0 80 23 0
0 110 23 0
0 95 23 0
150 280 21 0

layer // layer 1
name noname
offset 15 15
cells_offset -160 -160
scroll_scale_factor_1 1 1
scroll_scale_factor_2 1 1
cell_size 40 40
width 29
height 18
shadow
no_cells
sprite_cells
0 0 0 0 24 0 0 0 0 0 0 0 0 0 0 0 0 0 0 0 0 0 0 0 0 0 0 0 0 0 0 0 0 0 0 0 0 0 0 0 0 0 0 0 0 0 0 0 0 0 0 0 0 0 0 0 0 0 
0 0 0 0 0 0 25 0 0 0 25 0 0 0 25 0 0 0 25 0 0 0 0 0 0 0 0 0 0 0 0 0 0 0 0 0 0 0 0 0 0 0 0 0 0 0 0 0 0 0 0 0 0 0 0 0 0 0 
0 0 0 0 24 0 26 0 27 0 0 0 0 0 0 0 0 0 0 0 0 0 0 0 0 0 0 0 0 0 0 0 0 0 0 0 0 0 0 0 0 0 0 0 0 0 0 0 0 0 0 0 0 0 0 0 0 0 
0 0 0 0 0 0 28 0 29 0 0 0 0 0 0 0 0 0 0 0 0 0 0 0 0 0 0 0 0 0 0 0 0 0 0 0 0 0 0 0 0 0 0 0 0 0 0 0 0 0 0 0 0 0 0 0 0 0 
0 0 0 0 24 0 30 0 0 0 0 0 0 0 0 0 0 0 0 0 0 0 0 0 0 0 0 0 0 0 0 0 0 0 0 0 0 0 0 0 0 0 0 0 0 0 0 0 0 0 0 0 0 0 0 0 0 0 
0 0 0 0 0 0 31 0 0 0 0 0 0 0 0 0 0 0 0 0 0 0 0 0 0 0 0 0 0 0 0 0 0 0 0 0 0 0 0 0 0 0 0 0 0 0 0 0 0 0 0 0 0 0 0 0 0 0 
0 0 24 0 25 0 0 0 0 0 0 0 0 0 0 0 0 0 0 0 0 0 0 0 0 0 0 0 0 0 0 0 0 0 0 0 0 0 0 0 0 0 0 0 0 0 0 0 0 0 0 0 0 0 0 0 0 0 
0 0 0 0 32 0 33 0 0 0 0 0 0 0 0 0 0 0 0 0 0 0 0 0 0 0 0 0 0 0 0 0 0 0 0 0 0 0 0 0 0 0 0 0 0 0 0 0 0 0 0 0 0 0 0 0 0 0 
0 0 24 0 0 0 0 0 0 0 0 0 0 0 0 0 0 0 0 0 0 0 0 0 0 0 0 0 0 0 0 0 0 0 0 0 0 0 0 0 0 0 0 0 0 0 0 0 0 0 0 0 0 0 0 0 0 0 
0 0 0 0 0 0 0 0 0 0 0 0 0 0 34 0 0 0 0 0 0 0 0 0 0 0 0 0 0 0 0 0 0 0 0 0 0 0 0 0 0 0 0 0 0 0 35 0 25 0 0 0 36 0 0 0 0 0 
0 0 24 0 0 0 35 0 25 0 0 0 25 0 0 0 0 0 0 0 0 0 0 0 0 0 37 0 0 0 0 0 0 0 0 0 0 0 37 0 0 0 0 0 0 0 0 0 0 0 35 0 36 0 0 0 0 0 
0 0 0 0 0 0 0 0 0 0 0 0 0 0 27 0 0 0 0 0 0 0 0 0 0 0 38 0 0 0 0 0 39 0 0 0 0 0 38 0 0 0 0 0 39 0 27 0 0 0 27 0 0 0 0 0 0 0 
0 0 0 0 0 0 34 0 40 0 41 0 42 0 34 0 0 0 0 0 0 0 0 0 0 0 25 0 0 0 0 0 0 0 0 0 0 0 25 0 0 0 0 0 0 0 43 0 0 0 43 0 0 0 0 0 0 0 
0 0 0 0 0 0 24 0 0 0 0 0 27 0 0 0 0 0 0 0 44 0 25 0 0 0 36 0 35 0 36 0 25 0 0 0 25 0 0 0 35 0 45 0 25 0 0 0 25 0 0 0 35 0 25 0 0 0 
24 0 25 0 0 0 0 0 0 0 46 0 0 0 0 0 0 0 0 0 47 0 0 0 0 0 0 0 0 0 0 0 27 0 0 0 0 0 0 0 0 0 0 0 27 0 0 0 0 0 0 0 0 0 0 0 0 0 
0 0 48 0 0 0 0 0 35 0 0 0 0 0 0 0 35 0 25 0 0 0 0 0 0 0 0 0 0 0 0 0 24 0 0 0 0 0 0 0 0 0 0 0 24 0 0 0 0 0 0 0 0 0 0 0 0 0 
24 0 49 0 0 0 0 0 0 0 0 0 0 0 0 0 0 0 0 0 0 0 35 0 25 0 0 0 25 0 0 0 0 0 35 0 25 0 0 0 25 0 0 0 0 0 35 0 25 0 0 0 25 0 0 0 25 0 
0 0 50 0 0 0 0 0 0 0 0 0 0 0 0 0 0 0 0 0 0 0 0 0 0 0 0 0 0 0 0 0 0 0 35 0 0 0 0 0 0 0 0 0 0 0 0 0 0 0 0 0 0 0 0 0 0 0 
decorations 0

layer // layer 2
name Main
offset 0 0
cells_offset -160 -160
scroll_scale_factor_1 1 1
scroll_scale_factor_2 1 1
cell_size 40 40
width 30
height 19
cells
0 0 0 0 0 2 2 2 2 0 0 0 0 0 0 0 0 0 0 0 0 0 0 0 0 0 0 0 0 0 
0 0 0 2 2 2 2 2 2 2 2 0 0 0 0 0 0 0 0 0 0 0 0 0 0 0 0 0 0 0 
0 0 0 2 0 0 0 0 0 0 2 0 0 0 0 0 0 0 0 0 0 0 0 0 0 0 0 0 0 0 
0 0 0 2 2 0 0 0 0 0 2 0 0 0 0 0 0 0 0 0 0 0 0 0 0 0 0 0 0 0 
0 0 0 2 0 0 0 0 0 0 2 0 0 0 0 0 0 0 0 0 0 0 0 0 0 0 0 0 0 0 
0 0 0 2 0 0 218 2 2 2 2 0 0 0 0 0 0 0 0 0 0 0 0 0 0 0 0 0 0 0 
0 2 2 2 0 0 194 0 0 0 0 0 0 0 0 0 0 0 0 0 0 0 0 0 0 0 0 0 0 0 
0 2 12290 13826 0 0 194 0 0 0 0 0 2 2 2 2 0 2 2 2 2 2 0 2 2 0 0 0 0 0 
0 2 0 0 0 0 2 2 2 2 2 2 2 2 2 2 12290 2 2 2 2 2 12290 2 2 0 0 0 0 2 
0 2 0 0 0 0 2 2 0 0 0 0 0 0 0 0 0 0 0 0 0 0 0 0 2 2 2 0 0 0 
0 2 0 0 2 2 2 2 0 0 0 0 218 26 1562 0 0 0 218 26 1562 0 0 0 0 0 2 2 2 2 
0 2 0 0 0 0 0 0 0 0 0 0 194 0 1538 0 2 0 194 0 1538 0 2 0 0 0 0 2 2 2 
0 2 2 2 2 2 2 12290 0 0 218 2 2 2 2 2 2 2 2 2 2 2 2 2 2 2 0 2 2 2 
0 2 2 2 0 0 0 0 0 0 194 2 2 2 0 2 2 2 2 2 0 2 2 2 2 2 0 2 2 2 
0 2 2 2 0 2 2 0 0 0 1730 0 0 0 0 0 0 0 0 0 0 0 0 0 0 0 0 0 0 2 
0 2 0 0 0 2 2 0 0 2 2 0 2 2 2 2 2 0 2 2 2 2 2 0 2 2 2 2 2 2 
0 2 0 0 0 0 0 0 0 0 0 0 2 2 2 2 2 0 2 2 2 2 2 0 2 2 2 2 2 2 
0 2 0 0 0 0 0 0 0 0 0 0 0 0 0 0 0 0 0 0 0 0 0 0 0 0 0 0 0 2 
0 2 2 2 2 2 2 2 2 2 2 2 2 2 2 2 2 2 2 2 2 2 2 2 2 2 2 2 2 2 
sprite_cells
0 0 51 0 51 0 52 0 0 0 53 0 54 0 54 0 55 0 52 0 0 0 56 0 0 0 0 0 0 0 0 0 0 0 0 0 0 0 0 0 0 0 0 0 0 0 0 0 0 0 0 0 0 0 0 0 0 0 0 0 
0 0 52 0 0 0 0 0 0 0 53 0 54 0 54 0 55 0 0 0 0 0 56 0 0 0 0 0 0 0 0 0 0 0 0 0 0 0 0 0 0 0 0 0 0 0 0 0 0 0 0 0 0 0 0 0 0 0 0 0 
0 0 0 0 0 0 26 0 0 0 0 0 0 0 0 0 0 0 0 0 57 0 56 0 0 0 0 0 0 0 0 0 0 0 0 0 0 0 0 0 0 0 0 0 0 0 0 0 0 0 0 0 0 0 0 0 0 0 0 0 
0 0 25 0 0 0 28 0 29 0 0 0 0 0 0 0 0 0 0 0 57 0 56 0 0 0 0 0 0 0 0 0 0 0 0 0 0 0 0 0 0 0 0 0 0 0 0 0 0 0 0 0 0 0 0 0 0 0 0 0 
0 0 52 0 0 0 30 0 0 0 0 0 0 0 0 0 0 0 0 0 57 0 56 0 0 0 0 0 0 0 0 0 0 0 0 0 0 0 0 0 0 0 0 0 0 0 0 0 0 0 0 0 0 0 0 0 0 0 0 0 
0 0 0 0 0 0 31 0 0 0 0 0 58 0 59 0 60 0 60 0 61 0 56 0 0 0 0 0 0 0 0 0 0 0 0 0 0 0 0 0 0 0 0 0 0 0 0 0 0 0 0 0 0 0 0 0 0 0 0 0 
0 0 62 0 25 0 0 0 0 0 0 0 63 0 64 0 0 0 65 0 66 0 67 0 0 0 0 0 0 0 0 0 0 0 0 0 0 0 0 0 0 0 0 0 0 0 0 0 0 0 0 0 0 0 0 0 0 0 0 0 
0 0 34 0 32 0 33 0 0 0 0 0 0 0 68 0 69 0 45 0 44 0 70 0 62 0 25 0 0 0 62 0 0 0 34 0 62 0 25 0 0 0 34 0 0 0 25 0 0 0 24 0 71 0 0 0 25 0 0 0 
0 0 24 0 0 0 0 0 0 0 0 0 62 0 72 0 73 0 73 0 73 0 74 0 40 0 41 0 42 0 34 0 0 0 34 0 40 0 41 0 42 0 62 0 0 0 73 0 74 0 0 0 0 0 0 0 75 0 76 0 
0 0 0 0 0 0 0 0 0 0 0 0 77 0 78 0 0 0 0 0 0 0 0 0 0 0 0 0 0 0 0 0 0 0 0 0 0 0 0 0 0 0 0 0 0 0 0 0 79 0 73 0 74 0 25 0 0 0 34 0 
0 0 62 0 0 0 0 0 62 0 62 0 80 0 34 0 0 0 0 0 0 0 0 0 81 0 37 0 0 0 0 0 0 0 0 0 81 0 37 0 0 0 0 0 0 0 0 0 0 0 0 0 79 0 74 0 62 0 34 0 
0 0 34 0 0 0 0 0 0 0 0 0 0 0 0 0 0 0 0 0 0 0 0 0 82 0 38 0 0 0 0 0 39 0 0 0 82 0 38 0 0 0 0 0 39 0 0 0 0 0 0 0 0 0 57 0 83 0 0 0 
0 0 62 0 25 0 0 0 40 0 41 0 42 0 84 0 0 0 0 0 69 0 65 0 66 0 67 0 85 0 65 0 66 0 66 0 66 0 67 0 85 0 65 0 66 0 67 0 0 0 62 0 0 0 57 0 0 0 0 0 
24 0 25 0 0 0 72 0 0 0 0 0 0 0 0 0 0 0 0 0 47 0 45 0 44 0 70 0 0 0 45 0 36 0 36 0 36 0 70 0 0 0 45 0 36 0 70 0 25 0 0 0 0 0 79 0 73 0 62 0 
0 0 62 0 72 0 86 0 0 0 46 0 0 0 0 0 0 0 0 0 47 0 0 0 0 0 0 0 0 0 0 0 0 0 0 0 0 0 0 0 0 0 0 0 0 0 0 0 0 0 0 0 0 0 0 0 0 0 24 0 
62 0 48 0 0 0 0 0 0 0 0 0 0 0 0 0 0 0 59 0 61 0 0 0 72 0 73 0 73 0 73 0 74 0 0 0 72 0 73 0 73 0 73 0 74 0 0 0 72 0 73 0 73 0 73 0 74 0 0 0 
34 0 49 0 0 0 0 0 0 0 0 0 0 0 0 0 0 0 0 0 0 0 0 0 87 0 88 0 88 0 88 0 89 0 0 0 87 0 88 0 88 0 88 0 89 0 0 0 87 0 88 0 88 0 88 0 89 0 43 0 
24 0 50 0 0 0 0 0 0 0 0 0 0 0 90 0 90 0 90 0 90 0 90 0 0 0 0 0 0 0 0 0 0 0 0 0 0 0 0 0 0 0 0 0 0 0 0 0 0 0 0 0 0 0 0 0 0 0 24 0 
0 0 25 0 0 0 62 0 25 0 0 0 62 0 91 0 92 0 92 0 92 0 93 0 59 0 60 0 60 0 60 0 61 0 41 0 59 0 60 0 60 0 60 0 61 0 41 0 59 0 60 0 60 0 60 0 61 0 0 0 
decorations 8
799 360 94 0
0 240 94 0
-122 240 94 0
38 316 95 0
361 146 96 0
599 148 97 0
439 161 95 0
520 161 95 1925

layer // layer 3
name noname
offset 0 0
cells_offset -80 120
scroll_scale_factor_1 1 1
scroll_scale_factor_2 1 1
cell_size 40 40
width 21
height 12
no_cells
sprite_cells
0 0 0 0 0 0 0 0 0 0 0 0 0 0 0 0 0 0 0 0 0 0 0 0 0 0 0 0 63 0 0 0 0 0 0 0 0 0 0 0 63 0 
0 0 0 0 0 0 0 0 0 0 0 0 0 0 0 0 0 0 0 0 0 0 0 0 0 0 0 0 0 0 0 0 0 0 0 0 0 0 0 0 0 0 
0 0 0 0 0 0 0 0 0 0 0 0 0 0 0 0 0 0 0 0 0 0 0 0 0 0 0 0 0 0 0 0 0 0 0 0 0 0 0 0 0 0 
0 0 0 0 0 0 0 0 0 0 0 0 0 0 0 0 0 0 0 0 0 0 0 0 0 0 0 0 0 0 0 0 0 0 0 0 0 0 0 0 0 0 
0 0 0 0 0 0 0 0 0 0 0 0 0 0 0 0 0 0 0 0 0 0 0 0 0 0 0 0 0 0 0 0 0 0 0 0 0 0 0 0 0 0 
0 0 0 0 0 0 0 0 0 0 98 0 0 0 0 0 0 0 0 0 0 0 0 0 0 0 0 0 0 0 0 0 0 0 0 0 0 0 0 0 0 0 
0 0 0 0 0 0 0 0 0 0 0 0 0 0 0 0 0 0 0 0 0 0 0 0 0 0 0 0 0 0 0 0 0 0 0 0 0 0 0 0 0 0 
0 0 0 0 0 0 0 0 0 0 0 0 0 0 0 0 0 0 0 0 0 0 0 0 0 0 0 0 0 0 0 0 0 0 0 0 0 0 0 0 0 0 
0 0 0 0 0 0 0 0 99 0 0 0 0 0 0 0 0 0 0 0 0 0 0 0 0 0 0 0 0 0 0 0 0 0 0 0 0 0 0 0 0 0 
0 0 0 0 0 0 0 0 0 0 0 0 0 0 0 0 0 0 0 0 0 0 0 0 0 0 0 0 0 0 0 0 0 0 0 0 0 0 0 0 0 0 
0 0 0 0 0 0 0 0 0 0 0 0 0 0 0 0 0 0 0 0 0 0 0 0 0 0 0 0 0 0 0 0 0 0 0 0 0 0 0 0 0 0 
100 0 100 0 100 0 100 0 0 0 0 0 0 0 0 0 0 0 0 0 0 0 0 0 0 0 0 0 0 0 0 0 0 0 0 0 0 0 0 0 0 0 
decorations 4
479 158 101 0
719 160 101 0
119 78 102 0
-70 130 103 0

} // layers

entities { 
hero/Magneto 1 {
position_in_layer -40 520
layer_index 2
}
shooter/cannon 2 {
shot_delay 2525 2525
position_in_layer 960 400
layer_index 2
}
DoorV 4 {
position_in_layer 80 480
layer_index 2
}
DoorH 8 {
position_in_layer 160 320
layer_index 2
}
Spec/LevelExit 12 {
position_in_layer 160 0
layer_index 2
}
Device/Lever_E 17 {
operate 8
position_in_layer 160 220
layer_index 2
}
DoorSingleH 18 {
position_in_layer 520 480
layer_index 2
}
DoorSingleH 20 {
position_in_layer 760 480
layer_index 2
}
Spec/Region 21 {
bubble true
balloon true
magneto false
trigger_once true
on_activate_target 18
on_activate_action open
position_in_layer 521 444
layer_index 2
}
Spec/Region 22 {
bubble true
balloon true
magneto false
trigger_once true
on_activate_target 20
on_activate_action open
position_in_layer 759 442
layer_index 2
}
DoorH 25 {
position_in_layer -80 240
layer_index 2
}
Device/FloorPermanent 26 {
on_switch_on_target 27
on_switch_on_action run
position_in_layer 800 320
layer_index 2
}
Spec/Actions/Camera 27 {
a1_target 25
a2_target 25
a3_target 25
position_in_layer 460 62
layer_index 2
}
Device/button_E 28 {
operate 4
position_in_layer 120 440
layer_index 2
}
Spec/LevelBoundary 29 {
position_in_layer 960 520
layer_index 2
}
Spec/LevelBoundary 30 {
position_in_layer -40 40
layer_index 2
}
spikes_S 31 {
delay_to_fwd 500
position_in_layer 480 120
layer_index 2
}
spikes_S 32 {
delay_to_fwd 500
start_delay 600 600
position_in_layer 720 120
layer_index 2
}
Device/Respawn 33 {
position_in_layer 260 280
layer_index 2
}
} // entities
