sprite_table {
 bgr/plate_01 1
 bgr/plate_04 2
 bgr/plate_08 3
 bgr/plate_06 4
 bgr/bulkhead 5
 bgr/plate_wire_2 6
 bgr/plate_07 7
 bgr/plate3 8
 bgr/plate_02 9
 bgr/plate_05 10
 bgr/plate_03 11
 bgr/plate_wire_1 12
 bgr/plate_09 13
 bgr/plate_13 14
 bgr/eyes 15
 bgr/hugegrate 16
 metal_fatpipe_02 17
 wall_stoneA_04 18
 wall_arc_01 19
 wall_arc_02 20
 wall_arc_03 21
 metal_pipejoint_01 22
 metal_pipe_09 23
 metal_fatpipe_09 24
 wall_stoneA_02 25
 wall_stoneA_05 26
 metal_fatpipe_01 27
 wall_tech_37 28
 shadow_fix_01 29
 crane10 30
 shadow_fix_02 31
 metal_pipejoint_03 32
 metal_pipeend 33
 wall_tech_32 34
 wall_tech_34 35
 wall_stoneA_06 36
 wall_stoneA_08 37
 wall_stoneA_03 38
 wall_stoneA_10 39
 wall_stoneA_09 40
 wall_stoneA_11 41
 wall_stoneA_12 42
 wall_stoneA_13 43
 wall_tech_19 44
 wall_green_24a 45
 wall_green_24b 46
 sign/exit 47
 columnA_top 48
 wall_metalA_00 49
 wall_metalA_01 50
 wall_metalA_03 51
 columnA_middle 52
 pistyH 53
 columnA_bottom 54
 wall_tech_01 55
 wall_tech_05 56
 wall_tech_02 57
 wall_tech_08 58
 wall_tech_06 59
 metal_pipejoint_02 60
 wall_tech_04 61
 wall_tech_07 62
 wall_tech_03 63
 wall_tech_11 64
 metal_fatpipe_07 65
 wall_stoneA_00 66
 wall_tech_10 67
 wall_tech_36 68
 wall_tech_21 69
 wall_tech_26 70
 wall_tech_22 71
 wall_tech_44 72
 wall_tech_13 73
 wall_tech_29 74
 wall_tech_27 75
 tech_light 76
 wall_tech_38 77
 metal_quadpipe 78
 wall_tech_25 79
 wall_tech_28 80
 wall_tech_23 81
 wall_tech_41 82
 wall_tech_45 83
 metal_fatpipe_04 84
 wall_tech_46 85
 wall_tech_43 86
 wall_tech_12 87
 wall_tech_20 88
 wall_stoneA_01 89
 metal_fatpipe_10 90
 metal_fatpipe_03 91
 metal_grate 92
 wall_metalA_02 93
 cogwheelA 94
 sign/gaugeB 95
 sign/grate_round 96
 sign/gaugeA 97
 sign/electricity 98
} // sprite_table

layers {
clear_screen true
layer // layer 0
name noname
offset 0 0
cells_offset 320 -240
scroll_scale_factor_1 1 1
scroll_scale_factor_2 1 1
cell_size 40 40
width 17
height 21
no_cells
sprite_cells
0 0 0 0 0 0 0 0 0 0 0 0 0 0 0 0 0 0 0 0 0 0 0 0 0 0 0 0 1 0 1 0 1 0 
0 0 0 0 0 0 0 0 0 0 0 0 0 0 0 0 0 0 0 0 0 0 0 0 1 0 2 0 2 0 2 0 2 0 
0 0 0 0 0 0 0 0 0 0 0 0 0 0 0 0 0 0 0 0 0 0 2 0 2 0 0 0 0 0 0 0 0 0 
0 0 0 0 0 0 0 0 0 0 0 0 0 0 0 0 0 0 0 0 0 0 0 0 0 0 3 0 0 0 0 0 0 0 
0 0 0 0 0 0 0 0 0 0 0 0 0 0 0 0 0 0 0 0 0 0 4 0 0 0 0 0 0 0 0 0 0 0 
0 0 0 0 2 0 2 0 2 0 2 0 2 0 2 0 5 0 2 0 2 0 2 0 2 0 0 0 0 0 0 0 0 0 
0 0 0 0 0 0 0 0 0 0 0 0 0 0 0 0 0 0 0 0 0 0 0 0 0 0 0 0 0 0 0 0 0 0 
0 0 2 0 2 0 2 0 2 0 2 0 2 0 2 0 0 0 2 0 0 0 0 0 0 0 0 0 0 0 0 0 0 0 
0 0 0 0 0 0 0 0 0 0 0 0 0 0 0 0 0 0 0 0 0 0 0 0 0 0 0 0 0 0 0 0 0 0 
6 0 0 0 6 0 0 0 6 0 0 0 6 0 0 0 0 0 6 0 0 0 0 0 0 0 0 0 0 0 0 0 0 0 
0 0 0 0 0 0 1 0 1 0 1 0 1 0 1 0 0 0 1 0 0 0 0 0 0 0 0 0 0 0 0 0 0 0 
0 0 0 0 0 0 1 0 1 0 1 0 7 0 8 0 1 0 3 0 0 0 0 0 0 0 0 0 0 0 0 0 0 0 
0 0 0 0 0 0 1 0 2 0 0 0 0 0 2 0 1 0 0 0 0 0 0 0 0 0 0 0 0 0 0 0 0 0 
0 0 1 0 1 0 9 0 0 0 0 0 0 0 0 0 0 0 1 0 0 0 0 0 0 0 0 0 0 0 0 0 0 0 
0 0 7 0 0 0 0 0 0 0 0 0 0 0 0 0 10 0 1 0 0 0 11 0 0 0 11 0 0 0 0 0 0 0 
0 0 1 0 1 0 12 0 1 0 1 0 1 0 1 0 0 0 1 0 0 0 0 0 0 0 0 0 0 0 0 0 0 0 
0 0 1 0 1 0 0 0 13 0 1 0 3 0 1 0 10 0 1 0 5 0 11 0 0 0 11 0 0 0 0 0 0 0 
0 0 0 0 1 0 12 0 1 0 8 0 1 0 1 0 0 0 1 0 0 0 0 0 0 0 0 0 0 0 0 0 0 0 
0 0 14 0 0 0 0 0 0 0 0 0 14 0 0 0 10 0 14 0 0 0 11 0 0 0 0 0 0 0 0 0 0 0 
0 0 0 0 0 0 0 0 0 0 0 0 0 0 0 0 0 0 0 0 0 0 0 0 0 0 0 0 0 0 0 0 0 0 
0 0 14 0 0 0 0 0 0 0 0 0 14 0 0 0 10 0 14 0 0 0 0 0 0 0 0 0 0 0 0 0 0 0 
decorations 2
545 266 15 0
520 240 16 0

layer // layer 1
name noname
offset 15 15
cells_offset 320 -240
scroll_scale_factor_1 1 1
scroll_scale_factor_2 1 1
cell_size 40 40
width 17
height 21
shadow
no_cells
sprite_cells
0 0 0 0 0 0 0 0 0 0 0 0 0 0 0 0 0 0 0 0 0 0 0 0 17 0 18 0 19 0 20 0 21 0 
0 0 0 0 0 0 0 0 0 0 0 0 0 0 0 0 0 0 0 0 22 0 23 0 24 0 0 0 0 0 0 0 0 0 
0 0 0 0 0 0 0 0 0 0 0 0 0 0 0 0 0 0 0 0 25 0 0 0 0 0 0 0 0 0 0 0 0 0 
0 0 0 0 0 0 0 0 0 0 0 0 0 0 0 0 0 0 0 0 0 0 0 0 0 0 0 0 0 0 0 0 0 0 
0 0 0 0 0 0 26 0 0 0 26 0 0 0 26 0 0 0 26 0 0 0 0 0 0 0 0 0 0 0 0 0 0 0 
0 0 27 0 28 0 28 0 0 0 0 0 0 0 0 0 0 0 0 0 0 0 0 0 0 0 0 0 0 0 0 0 0 0 
0 0 25 0 0 0 0 0 0 0 29 0 0 0 0 0 29 0 0 0 0 0 0 0 30 0 0 0 0 0 0 0 0 0 
25 0 0 0 31 0 26 0 0 0 28 0 0 0 0 0 25 0 0 0 0 0 0 0 0 0 0 0 0 0 0 0 0 0 
0 0 0 0 0 0 0 0 0 0 0 0 0 0 0 0 0 0 0 0 0 0 0 0 0 0 0 0 0 0 0 0 0 0 
25 0 0 0 0 0 0 0 0 0 29 0 0 0 0 0 25 0 0 0 0 0 0 0 0 0 0 0 0 0 0 0 0 0 
0 0 0 0 28 0 23 0 23 0 32 0 0 0 31 0 0 0 0 0 0 0 0 0 0 0 0 0 0 0 0 0 0 0 
0 0 0 0 25 0 0 0 0 0 0 0 0 0 0 0 0 0 0 0 0 0 0 0 0 0 0 0 0 0 0 0 0 0 
25 0 33 0 0 0 0 0 0 0 0 0 0 0 0 0 0 0 0 0 0 0 0 0 0 0 0 0 0 0 0 0 0 0 
0 0 0 0 0 0 0 0 0 0 0 0 0 0 0 0 0 0 0 0 0 0 0 0 0 0 0 0 0 0 0 0 0 0 
25 0 31 0 26 0 0 0 26 0 0 0 26 0 0 0 26 0 0 0 25 0 19 0 20 0 21 0 0 0 0 0 0 0 
0 0 0 0 0 0 0 0 0 0 0 0 0 0 0 0 0 0 0 0 0 0 0 0 0 0 0 0 0 0 0 0 0 0 
25 0 29 0 0 0 0 0 0 0 0 0 0 0 0 0 0 0 0 0 0 0 0 0 0 0 0 0 0 0 0 0 0 0 
0 0 34 0 0 0 0 0 0 0 29 0 0 0 0 0 0 0 0 0 29 0 0 0 0 0 0 0 0 0 0 0 0 0 
25 0 0 0 0 0 0 0 0 0 25 0 0 0 31 0 35 0 0 0 34 0 0 0 0 0 0 0 0 0 0 0 0 0 
0 0 0 0 0 0 0 0 0 0 0 0 0 0 0 0 0 0 30 0 0 0 0 0 0 0 0 0 0 0 0 0 0 0 
25 0 0 0 0 0 0 0 0 0 25 0 0 0 0 0 0 0 0 0 30 0 0 0 0 0 0 0 0 0 0 0 0 0 
decorations 4
760 -24 31 0
640 496 31 0
680 535 31 0
665 264 28 0

layer // layer 2
name Main
offset 0 0
cells_offset 320 -280
scroll_scale_factor_1 1 1
scroll_scale_factor_2 1 1
cell_size 40 40
width 18
height 24
cells
0 0 0 0 0 0 0 0 0 0 2 2 0 2 2 2 2 2 
0 0 0 0 0 0 0 0 0 0 2 2 2 2 2 2 2 2 
0 0 0 0 0 0 0 0 0 0 0 12290 12290 0 0 0 0 2 
0 0 0 0 0 0 0 0 0 0 2 0 0 0 0 0 0 2 
0 0 0 0 0 0 0 0 0 0 2 0 0 0 2 2 2 2 
2 2 2 2 2 2 2 2 2 2 2 0 0 2 2 2 2 0 
2 2 12290 2 0 0 0 0 0 0 0 0 0 2 2 2 2 0 
2 2 0 0 0 0 0 0 0 0 0 0 2 2 2 2 2 0 
2 2 0 2 2 2 0 0 2 0 2 2 2 2 2 0 0 0 
1538 0 0 0 0 0 0 0 2 0 2 2 2 2 2 0 0 0 
1538 0 0 0 0 0 0 0 2 0 2 2 2 0 0 0 0 0 
2 2 2 12314 12314 13850 0 0 2 0 2 2 2 0 0 0 0 0 
2 2 2 0 0 0 0 0 0 0 2 2 2 0 0 0 0 0 
2 12290 2 0 0 0 0 0 0 2 2 2 2 0 0 0 0 0 
2 0 0 0 0 0 0 0 2 2 2 2 2 0 0 0 0 0 
2 0 2 12314 12314 12314 12314 12314 12290 12290 2 2 2 2 2 0 0 0 
2 0 0 0 0 0 0 0 0 0 2 0 0 0 2 0 0 0 
2 0 0 0 0 0 0 0 0 0 0 0 0 0 2 0 0 0 
2 2 0 0 0 0 0 0 0 0 0 0 0 0 2 0 0 0 
2 0 0 2 2 2 0 0 2 2 2 2 2 2 2 0 0 0 
2 0 0 2 2 2 0 0 0 2 2 2 2 0 0 0 0 0 
2 0 0 2 2 2 0 0 0 0 2 2 2 0 0 0 0 0 
2 0 0 2 2 2 0 0 0 0 0 2 2 0 0 0 0 0 
2 2 2 2 2 2 2 2 2 2 2 2 2 0 0 0 0 0 
sprite_cells
0 0 0 0 0 0 0 0 0 0 0 0 0 0 0 0 0 0 0 0 36 0 37 0 33 0 25 0 38 0 39 0 38 0 38 0 
0 0 0 0 0 0 0 0 0 0 0 0 0 0 0 0 0 0 0 0 36 0 37 0 17 0 0 0 19 0 20 0 21 0 40 0 
0 0 0 0 0 0 0 0 0 0 0 0 0 0 0 0 0 0 0 0 22 0 23 0 24 0 0 0 0 0 0 0 0 0 25 0 
0 0 0 0 0 0 0 0 0 0 0 0 0 0 0 0 0 0 0 0 38 0 0 0 0 0 0 0 0 0 0 0 0 0 0 0 
0 0 0 0 0 0 0 0 0 0 0 0 0 0 0 0 0 0 0 0 38 0 0 0 0 0 0 0 41 0 42 0 43 0 38 0 
0 0 0 0 0 0 0 0 0 0 0 0 0 0 0 0 0 0 0 0 0 0 0 0 0 0 38 0 38 0 38 0 38 0 0 0 
0 0 0 0 0 0 0 0 0 0 0 0 0 0 0 0 0 0 0 0 0 0 0 0 0 0 0 0 0 0 0 0 0 0 0 0 
0 0 0 0 0 0 0 0 0 0 0 0 0 0 0 0 0 0 0 0 0 0 0 0 0 0 0 0 0 0 0 0 0 0 0 0 
0 0 0 0 0 0 0 0 0 0 0 0 0 0 0 0 0 0 0 0 0 0 0 0 0 0 0 0 0 0 44 0 0 0 0 0 
0 0 0 0 0 0 0 0 0 0 0 0 0 0 0 0 0 0 0 0 0 0 0 0 0 0 0 0 0 0 45 0 0 0 0 0 
0 0 0 0 0 0 0 0 0 0 0 0 0 0 0 0 0 0 0 0 0 0 0 0 0 0 0 0 0 0 46 0 0 0 0 0 
0 0 0 0 0 0 23 0 23 0 23 0 0 0 0 0 0 0 0 0 0 0 0 0 0 0 0 0 0 0 46 0 0 0 0 0 
0 0 0 0 0 0 0 0 0 0 0 0 0 0 0 0 0 0 0 0 0 0 0 0 0 0 0 0 0 0 46 0 0 0 0 0 
0 0 0 0 0 0 0 0 0 0 0 0 0 0 0 0 0 0 0 0 0 0 0 0 0 0 0 0 0 0 0 0 0 0 0 0 
0 0 0 0 0 0 0 0 0 0 0 0 0 0 0 0 0 0 0 0 0 0 0 0 0 0 0 0 0 0 0 0 0 0 0 0 
0 0 0 0 0 0 0 0 0 0 0 0 0 0 0 0 0 0 0 0 0 0 0 0 0 0 0 0 0 0 0 0 0 0 0 0 
0 0 0 0 0 0 0 0 0 0 0 0 0 0 0 0 0 0 0 0 0 0 0 0 0 0 0 0 0 0 0 0 0 0 0 0 
0 0 0 0 0 0 0 0 0 0 0 0 0 0 0 0 0 0 0 0 0 0 0 0 0 0 0 0 0 0 0 0 0 0 0 0 
0 0 0 0 0 0 0 0 0 0 0 0 0 0 0 0 0 0 0 0 0 0 0 0 0 0 0 0 0 0 0 0 0 0 0 0 
0 0 0 0 0 0 0 0 0 0 0 0 0 0 0 0 0 0 0 0 0 0 0 0 0 0 0 0 0 0 0 0 0 0 0 0 
0 0 0 0 0 0 0 0 0 0 0 0 0 0 0 0 0 0 0 0 0 0 0 0 0 0 0 0 0 0 0 0 0 0 0 0 
0 0 0 0 0 0 0 0 0 0 0 0 0 0 0 0 0 0 0 0 0 0 0 0 0 0 0 0 0 0 0 0 0 0 0 0 
0 0 0 0 0 0 0 0 0 0 0 0 0 0 0 0 0 0 0 0 0 0 0 0 0 0 0 0 0 0 0 0 0 0 0 0 
0 0 0 0 0 0 0 0 0 0 0 0 0 0 0 0 0 0 0 0 0 0 0 0 0 0 0 0 0 0 0 0 0 0 0 0 
decorations 1
1000 -163 47 0

layer // layer 3
name noname
offset 0 0
cells_offset 280 -280
scroll_scale_factor_1 1 1
scroll_scale_factor_2 1 1
cell_size 40 40
width 18
height 27
cells
0 0 2 0 0 0 0 0 0 0 0 0 0 0 0 0 0 0 
0 0 0 0 0 0 0 0 0 0 0 0 0 0 0 0 0 0 
0 0 0 0 0 0 0 0 0 0 0 0 0 0 0 0 0 0 
0 0 0 0 0 0 0 0 0 0 0 0 0 0 0 0 0 0 
0 0 0 0 0 0 0 0 0 0 0 0 0 0 0 0 0 0 
0 0 0 0 0 0 0 0 0 0 0 0 0 0 0 0 0 0 
0 0 0 0 0 0 0 0 0 0 0 0 0 0 0 0 0 0 
0 0 0 0 0 0 0 0 0 0 0 0 0 0 0 0 0 0 
0 0 0 0 0 0 0 0 0 0 0 0 0 0 0 0 0 0 
0 0 0 0 0 0 0 0 0 0 0 0 0 0 0 0 0 0 
0 0 0 0 0 0 0 0 0 0 0 0 0 0 0 0 0 0 
0 0 0 0 0 0 0 0 0 0 0 0 0 0 0 0 0 0 
0 0 0 0 0 0 0 0 0 0 0 0 0 0 0 0 0 0 
0 0 0 0 0 0 0 0 0 0 0 0 0 0 0 0 0 0 
0 0 0 0 0 0 0 0 0 0 0 0 0 0 0 0 0 0 
0 0 0 0 0 0 0 0 0 0 0 0 0 0 0 0 0 0 
0 0 0 0 0 0 0 0 0 0 0 0 0 0 0 0 0 0 
0 0 0 0 0 0 0 0 0 0 0 0 0 0 0 0 0 0 
0 0 0 0 0 0 0 0 0 0 0 0 0 0 0 0 0 0 
0 0 0 0 0 0 0 0 0 0 0 0 0 0 0 0 0 0 
0 0 0 0 0 0 0 0 0 0 0 0 0 0 0 0 0 0 
0 0 0 0 0 0 0 0 0 0 0 0 0 0 0 0 0 0 
0 0 0 0 0 0 0 0 0 0 0 0 0 0 0 0 0 0 
0 0 0 0 0 0 0 0 0 0 0 0 0 0 0 0 0 0 
0 0 0 0 0 0 0 0 0 0 0 0 0 0 0 0 0 0 
0 0 0 0 0 0 0 0 0 0 0 0 0 0 0 0 0 0 
0 0 0 0 0 0 0 0 0 0 0 0 0 0 0 0 0 0 
sprite_cells
0 0 0 0 38 0 26 0 0 0 18 0 18 0 26 0 0 0 26 0 0 0 0 0 0 0 0 0 0 0 0 0 0 0 0 0 
0 0 0 0 25 0 48 0 49 0 0 0 50 0 49 0 0 0 51 0 0 0 0 0 0 0 0 0 0 0 0 0 0 0 0 0 
0 0 0 0 0 0 52 0 0 0 0 0 0 0 0 0 0 0 53 0 0 0 0 0 0 0 0 0 0 0 0 0 0 0 0 0 
0 0 0 0 18 0 54 0 55 0 56 0 56 0 56 0 56 0 56 0 56 0 57 0 0 0 0 0 0 0 0 0 0 0 0 0 
0 0 0 0 26 0 0 0 58 0 44 0 44 0 44 0 44 0 44 0 44 0 59 0 0 0 0 0 0 0 0 0 0 0 0 0 
0 0 26 0 0 0 60 0 61 0 62 0 62 0 62 0 62 0 28 0 62 0 63 0 0 0 0 0 64 0 26 0 0 0 0 0 
0 0 65 0 27 0 24 0 28 0 0 0 0 0 0 0 0 0 0 0 0 0 0 0 0 0 0 0 59 0 66 0 0 0 25 0 
0 0 17 0 57 0 0 0 0 0 0 0 0 0 0 0 0 0 0 0 0 0 0 0 0 0 30 0 67 0 0 0 0 0 0 0 
0 0 17 0 63 0 0 0 35 0 68 0 34 0 0 0 0 0 28 0 0 0 69 0 70 0 70 0 70 0 71 0 72 0 0 0 
0 0 17 0 0 0 0 0 0 0 0 0 0 0 0 0 0 0 73 0 0 0 74 0 55 0 56 0 57 0 75 0 0 0 0 0 
0 0 17 0 0 0 0 0 0 0 0 0 0 0 0 0 0 0 73 0 0 0 74 0 58 0 76 0 59 0 75 0 0 0 0 0 
0 0 17 0 77 0 0 0 23 0 23 0 32 0 0 0 0 0 28 0 0 0 74 0 58 0 76 0 59 0 75 0 0 0 0 0 
0 0 17 0 0 0 0 0 0 0 0 0 0 0 0 0 0 0 0 0 0 0 74 0 61 0 62 0 63 0 75 0 0 0 0 0 
65 0 78 0 33 0 38 0 0 0 0 0 0 0 0 0 0 0 0 0 28 0 79 0 80 0 80 0 80 0 81 0 72 0 0 0 
17 0 82 0 0 0 0 0 0 0 0 0 0 0 0 0 0 0 28 0 0 0 27 0 27 0 33 0 83 0 83 0 72 0 0 0 
84 0 85 0 0 0 28 0 33 0 27 0 27 0 27 0 27 0 27 0 24 0 25 0 19 0 20 0 21 0 18 0 72 0 0 0 
17 0 85 0 0 0 0 0 0 0 0 0 0 0 0 0 0 0 0 0 0 0 0 0 0 0 0 0 0 0 38 0 0 0 0 0 
17 0 86 0 0 0 0 0 0 0 0 0 0 0 0 0 0 0 0 0 0 0 0 0 0 0 0 0 0 0 25 0 0 0 0 0 
84 0 35 0 34 0 0 0 0 0 0 0 0 0 0 0 0 0 0 0 0 0 0 0 0 0 0 0 0 0 0 0 0 0 0 0 
17 0 82 0 0 0 0 0 64 0 62 0 87 0 0 0 0 0 35 0 68 0 34 0 0 0 41 0 43 0 38 0 0 0 0 0 
17 0 85 0 0 0 0 0 59 0 88 0 58 0 0 0 0 0 0 0 30 0 28 0 28 0 77 0 0 0 28 0 0 0 0 0 
84 0 85 0 0 0 0 0 59 0 88 0 58 0 0 0 0 0 0 0 0 0 30 0 38 0 0 0 0 0 25 0 0 0 0 0 
17 0 85 0 0 0 0 0 59 0 88 0 58 0 0 0 0 0 0 0 0 0 0 0 25 0 89 0 0 0 0 0 0 0 0 0 
17 0 86 0 41 0 17 0 42 0 42 0 42 0 17 0 42 0 42 0 42 0 17 0 0 0 0 0 0 0 38 0 0 0 0 0 
90 0 27 0 27 0 78 0 91 0 53 0 0 0 92 0 53 0 0 0 91 0 78 0 18 0 18 0 39 0 18 0 0 0 0 0 
0 0 0 0 93 0 94 0 93 0 51 0 0 0 94 0 51 0 0 0 93 0 94 0 93 0 66 0 0 0 25 0 0 0 0 0 
0 0 0 0 51 0 0 0 51 0 0 0 33 0 93 0 33 0 51 0 0 0 51 0 0 0 0 0 0 0 0 0 0 0 0 0 
decorations 9
680 280 65 0
596 -203 95 0
445 -201 96 0
676 757 96 0
515 720 95 0
602 721 97 0
636 721 97 0
519 -240 97 0
519 -205 98 0

} // layers

entities { 
AcidPool 8 {
size 15 17
start_empty true
speed 36
position_in_layer 320 -40
layer_index 2
}
hero/Magneto 1 {
position_in_layer 800 440
layer_index 2
}
Spec/Actions 3 {
a1_target 8
a1_action fill
position_in_layer 1073 354
layer_index 2
}
DoorH 5 {
position_in_layer 560 160
layer_index 2
}
DoorV 11 {
position_in_layer 640 -40
layer_index 2
}
Spec/LevelExit 13 {
position_in_layer 920 -160
layer_index 2
}
DoorH 14 {
start_opened true
position_in_layer 760 -80
layer_index 2
}
Spec/Region 15 {
size 80 48
trigger_once true
operate 14
on_signal 0
off_signal 1
position_in_layer 763 -158
layer_index 2
}
Device/FloorPermanent 17 {
operate 19
on_switch_on_target 3
on_switch_on_action run
position_in_layer 760 480
layer_index 2
}
DoorV 19 {
position_in_layer 720 400
layer_index 2
}
Device/button_S 20 {
operate 11
position_in_layer 540 -40
layer_index 2
}
Device/button_E 22 {
operate 5
position_in_layer 680 160
layer_index 2
}
Spec/LevelBoundary 23 {
position_in_layer 800 560
layer_index 2
}
Spec/LevelBoundary 24 {
position_in_layer 440 -160
layer_index 2
}
SoundMachine 25 {
size 500 40
position_in_layer 343 688
layer_index 2
}
SoundMachine 26 {
position_in_layer 653 -208
layer_index 2
}
} // entities
