sprite_table {
 bluetech_01 1
 bluetech_09 2
 bluetech_07 3
 bluetech_10 4
 bluetech_02 5
 bluetech_08 6
 bluetech_11 7
 bluetech_04 8
 bluetech_14 9
 bgr/diode01 10
 bgr/diode02 11
 bgr/okr_09 12
 bgr/okr_05 13
 bgr/okr_14 14
 bgr/okr_07 15
 bgr/okr_08 16
 bgr/okr_10 17
 bgr/okr_13 18
 bgr/okr_11 19
 bgr/mix_futro03 20
 bgr/diode03 21
 bgr/diode04 22
 bgr/diode05H 23
 bgr/diode05V 24
 wall_stoneA_05 25
 wall_stoneA_02 26
 shadow_fix_02 27
 wall_tech_17 28
 shadow_fix_01 29
 wall_tech_37 30
 wall_tech_11 31
 wall_tech_07 32
 wall_tech_12 33
 metal_pipeend 34
 wall_tech_44 35
 wall_green_25a 36
 wall_tech_47 37
 wall_tech_15 38
 wall_tech_06 39
 wall_tech_08 40
 metal_fatpipe_02 41
 tech_light 42
 wall_tech_04 43
 metal_grate 44
 wall_tech_19 45
 wall_tech_34 46
 wall_tech_36 47
 wall_tech_32 48
 wall_tech_10 49
 wall_tech_09 50
 wall_tech_05 51
} // sprite_table

layers {
clear_screen true
layer // layer 0
name noname
offset 0 0
cells_offset 80 40
scroll_scale_factor_1 1 1
scroll_scale_factor_2 1 1
cell_size 40 40
width 15
height 16
no_cells
sprite_cells
1 0 0 0 0 0 0 0 0 0 0 0 0 0 1 0 0 0 0 0 0 0 0 0 0 0 0 0 0 0 
0 0 0 0 0 0 0 0 0 0 0 0 0 0 0 0 0 0 0 0 0 0 0 0 0 0 0 0 0 0 
1 0 0 0 0 0 0 0 0 0 0 0 0 0 2 0 3 0 0 0 0 0 0 0 0 0 0 0 0 0 
0 0 0 0 0 0 0 0 0 0 0 0 0 0 4 0 1 0 0 0 0 0 0 0 0 0 0 0 0 0 
0 0 0 0 0 0 0 0 0 0 0 0 0 0 5 0 0 0 0 0 0 0 0 0 0 0 0 0 0 0 
0 0 0 0 0 0 0 0 0 0 0 0 0 0 0 0 0 0 0 0 0 0 0 0 0 0 0 0 0 0 
0 0 0 0 0 0 0 0 1 0 0 0 5 0 0 0 0 0 6 0 0 0 0 0 0 0 0 0 5 0 
0 0 0 0 0 0 0 0 0 0 0 0 7 0 3 0 3 0 2 0 3 0 0 0 0 0 0 0 8 0 
0 0 0 0 0 0 0 0 0 0 1 0 0 0 9 0 9 0 6 0 0 0 0 0 0 0 5 0 6 0 
0 0 0 0 0 0 0 0 0 0 0 0 0 0 0 0 0 0 6 0 0 0 0 0 0 0 7 0 2 0 
0 0 0 0 0 0 0 0 0 0 1 0 0 0 1 0 0 0 6 0 1 0 0 0 0 0 5 0 5 0 
0 0 0 0 0 0 0 0 0 0 0 0 0 0 0 0 0 0 6 0 0 0 0 0 0 0 0 0 0 0 
0 0 0 0 0 0 0 0 0 0 0 0 0 0 5 0 6 0 0 0 0 0 0 0 0 0 0 0 0 0 
0 0 0 0 1 0 0 0 1 0 0 0 0 0 3 0 2 0 0 0 0 0 0 0 0 0 0 0 0 0 
0 0 0 0 0 0 0 0 0 0 0 0 1 0 0 0 6 0 0 0 0 0 0 0 0 0 0 0 0 0 
0 0 0 0 1 0 0 0 0 0 0 0 0 0 0 0 6 0 0 0 0 0 0 0 0 0 0 0 0 0 
decorations 2
337 337 10 0
450 335 11 0

layer // layer 1
name noname
offset 0 0
cells_offset 120 40
scroll_scale_factor_1 1 1
scroll_scale_factor_2 1 1
cell_size 40 40
width 14
height 16
no_cells
sprite_cells
12 0 13 0 13 0 13 0 13 0 13 0 13 0 13 0 14 0 0 0 0 0 0 0 0 0 0 0 
0 0 13 0 15 0 13 0 13 0 13 0 16 0 12 0 13 0 0 0 0 0 0 0 0 0 0 0 
0 0 13 0 0 0 13 0 14 0 13 0 0 0 0 0 13 0 0 0 0 0 0 0 0 0 0 0 
17 0 13 0 13 0 13 0 14 0 13 0 0 0 0 0 13 0 13 0 18 0 18 0 18 0 13 0 
13 0 0 0 13 0 13 0 13 0 13 0 19 0 17 0 13 0 13 0 13 0 18 0 13 0 13 0 
0 0 0 0 0 0 13 0 13 0 13 0 13 0 13 0 13 0 13 0 13 0 13 0 13 0 13 0 
0 0 13 0 13 0 13 0 0 0 12 0 13 0 13 0 16 0 13 0 13 0 14 0 13 0 16 0 
0 0 13 0 13 0 13 0 19 0 0 0 12 0 16 0 0 0 17 0 13 0 13 0 13 0 0 0 
0 0 13 0 13 0 13 0 13 0 19 0 0 0 0 0 17 0 13 0 14 0 14 0 16 0 0 0 
0 0 13 0 13 0 13 0 13 0 16 0 0 0 0 0 12 0 13 0 14 0 14 0 0 0 0 0 
0 0 13 0 13 0 13 0 16 0 0 0 17 0 19 0 0 0 12 0 13 0 13 0 0 0 17 0 
0 0 13 0 13 0 13 0 0 0 17 0 13 0 13 0 19 0 0 0 13 0 13 0 13 0 13 0 
0 0 14 0 13 0 14 0 14 0 13 0 16 0 12 0 13 0 13 0 13 0 13 0 13 0 13 0 
0 0 16 0 0 0 12 0 13 0 13 0 0 0 0 0 13 0 13 0 13 0 13 0 15 0 15 0 
0 0 0 0 0 0 17 0 13 0 13 0 0 0 0 0 13 0 13 0 13 0 13 0 0 0 0 0 
0 0 0 0 17 0 13 0 13 0 13 0 19 0 17 0 13 0 13 0 13 0 14 0 14 0 13 0 
decorations 30
240 240 20 0
320 240 20 0
400 240 20 0
480 240 20 0
560 240 20 0
640 240 20 0
657 585 21 0
619 587 22 0
370 588 22 0
400 538 22 0
197 615 22 0
125 122 22 0
220 95 22 0
383 196 22 0
386 199 22 0
633 392 22 0
664 300 22 0
630 399 23 0
618 444 23 0
430 441 23 0
298 317 23 0
221 568 23 0
382 580 23 0
421 350 23 0
472 459 24 0
662 596 24 0
406 620 24 0
399 96 24 0
670 359 24 0
157 111 24 0

layer // layer 2
name noname
offset 15 15
cells_offset 80 0
scroll_scale_factor_1 1 1
scroll_scale_factor_2 1 1
cell_size 40 40
width 15
height 17
shadow
no_cells
sprite_cells
25 0 0 0 25 0 0 0 25 0 0 0 25 0 0 0 25 0 0 0 0 0 0 0 0 0 0 0 0 0 
26 0 0 0 0 0 0 0 0 0 0 0 0 0 0 0 0 0 0 0 0 0 0 0 0 0 0 0 0 0 
0 0 0 0 0 0 0 0 0 0 0 0 0 0 0 0 0 0 0 0 0 0 0 0 0 0 0 0 0 0 
26 0 0 0 0 0 0 0 0 0 0 0 0 0 0 0 0 0 27 0 25 0 0 0 25 0 0 0 28 0 
0 0 0 0 0 0 0 0 0 0 0 0 0 0 0 0 0 0 0 0 0 0 0 0 0 0 0 0 0 0 
28 0 0 0 0 0 29 0 0 0 0 0 0 0 0 0 0 0 29 0 0 0 0 0 0 0 0 0 0 0 
0 0 26 0 25 0 0 0 0 0 0 0 0 0 0 0 27 0 28 0 29 0 0 0 0 0 0 0 0 0 
0 0 0 0 0 0 0 0 0 0 0 0 0 0 0 0 0 0 27 0 28 0 0 0 0 0 0 0 0 0 
0 0 26 0 0 0 0 0 0 0 0 0 0 0 0 0 0 0 0 0 0 0 0 0 0 0 0 0 0 0 
0 0 0 0 0 0 29 0 0 0 0 0 0 0 0 0 0 0 0 0 0 0 0 0 0 0 0 0 0 0 
0 0 26 0 27 0 28 0 29 0 0 0 0 0 0 0 0 0 0 0 0 0 0 0 0 0 0 0 0 0 
0 0 0 0 0 0 27 0 28 0 0 0 0 0 0 0 0 0 0 0 0 0 0 0 29 0 0 0 0 0 
0 0 26 0 0 0 0 0 0 0 0 0 0 0 0 0 0 0 0 0 0 0 27 0 28 0 0 0 0 0 
0 0 0 0 0 0 0 0 0 0 29 0 0 0 0 0 0 0 0 0 0 0 0 0 0 0 0 0 0 0 
0 0 26 0 0 0 0 0 27 0 28 0 0 0 0 0 0 0 0 0 0 0 0 0 0 0 0 0 0 0 
0 0 0 0 0 0 0 0 0 0 0 0 0 0 0 0 0 0 0 0 0 0 0 0 0 0 0 0 0 0 
0 0 28 0 0 0 0 0 0 0 0 0 0 0 0 0 0 0 0 0 0 0 0 0 0 0 0 0 0 0 
decorations 0

layer // layer 3
name Main
offset 0 0
cells_offset 40 -40
scroll_scale_factor_1 1 1
scroll_scale_factor_2 1 1
cell_size 40 40
width 18
height 20
cells
0 0 0 0 0 0 0 0 0 0 0 0 0 0 0 0 0 0 
0 2 2 2 2 2 2 2 2 2 2 2 0 0 0 0 0 0 
0 2 0 0 0 0 0 0 0 0 0 2 0 0 0 0 0 0 
0 2 0 0 0 0 0 0 0 0 0 2 0 0 0 0 0 0 
0 2 0 0 0 0 0 0 0 0 0 2 2 12290 2 2 2 0 
0 2 0 0 0 0 0 0 0 0 0 0 0 0 0 0 2 0 
0 2 0 0 0 0 0 0 0 0 0 0 0 0 0 0 2 0 
0 2 2 2 2 0 0 0 0 0 2 0 0 0 0 0 2 0 
0 0 2 0 0 0 0 0 0 0 0 2 0 0 0 0 2 0 
0 0 2 0 0 0 0 0 0 0 0 0 0 0 0 0 2 0 
0 0 2 0 0 0 0 0 0 0 0 0 0 0 0 0 2 0 
0 0 2 0 2 0 0 0 0 0 0 0 0 0 0 0 2 0 
0 0 2 0 0 2 0 0 0 0 0 0 0 0 0 0 2 0 
0 0 2 0 0 0 0 0 0 0 0 0 0 2 0 0 2 0 
0 0 2 0 0 0 0 0 0 0 0 0 0 0 0 0 2 0 
0 0 2 0 0 0 2 0 0 0 0 0 0 0 0 0 2 0 
0 0 2 0 0 0 0 0 0 0 0 0 0 0 0 0 2 0 
0 0 2 0 0 0 0 0 0 0 0 0 0 0 0 0 2 0 
0 0 2 2 2 2 2 2 2 2 2 2 2 2 2 2 2 0 
0 0 0 0 0 0 0 0 0 0 0 0 0 0 0 0 0 0 
sprite_cells
30 0 31 0 32 0 32 0 32 0 32 0 32 0 32 0 32 0 32 0 32 0 32 0 33 0 34 0 35 0 36 0 37 0 0 0 
38 0 39 0 30 0 32 0 32 0 32 0 32 0 32 0 32 0 32 0 32 0 33 0 40 0 41 0 35 0 36 0 0 0 0 0 
38 0 39 0 0 0 0 0 0 0 0 0 0 0 0 0 0 0 0 0 0 0 40 0 40 0 41 0 35 0 36 0 42 0 42 0 
38 0 39 0 0 0 0 0 0 0 0 0 0 0 0 0 0 0 0 0 0 0 40 0 43 0 41 0 31 0 32 0 32 0 33 0 
38 0 39 0 0 0 0 0 0 0 0 0 0 0 0 0 0 0 0 0 0 0 43 0 32 0 44 0 45 0 32 0 33 0 40 0 
38 0 39 0 0 0 0 0 0 0 0 0 0 0 0 0 0 0 0 0 0 0 0 0 0 0 0 0 0 0 0 0 40 0 40 0 
38 0 39 0 0 0 0 0 0 0 0 0 0 0 0 0 0 0 0 0 0 0 0 0 0 0 0 0 0 0 0 0 40 0 40 0 
30 0 46 0 47 0 47 0 48 0 0 0 0 0 0 0 0 0 0 0 28 0 0 0 0 0 0 0 0 0 0 0 40 0 40 0 
30 0 31 0 30 0 0 0 0 0 0 0 0 0 0 0 0 0 0 0 0 0 28 0 0 0 0 0 0 0 0 0 40 0 40 0 
0 0 39 0 31 0 0 0 0 0 0 0 0 0 0 0 0 0 0 0 0 0 0 0 0 0 0 0 0 0 0 0 40 0 40 0 
0 0 39 0 39 0 0 0 0 0 0 0 0 0 0 0 0 0 0 0 0 0 0 0 0 0 0 0 0 0 0 0 40 0 40 0 
0 0 39 0 39 0 0 0 28 0 0 0 0 0 0 0 0 0 0 0 0 0 0 0 0 0 0 0 0 0 0 0 40 0 40 0 
0 0 39 0 39 0 0 0 0 0 28 0 0 0 0 0 0 0 0 0 0 0 0 0 0 0 0 0 0 0 0 0 40 0 40 0 
0 0 39 0 39 0 0 0 0 0 0 0 0 0 0 0 0 0 0 0 0 0 0 0 0 0 28 0 0 0 0 0 40 0 40 0 
0 0 39 0 39 0 0 0 0 0 0 0 0 0 0 0 0 0 0 0 0 0 0 0 0 0 0 0 0 0 0 0 40 0 40 0 
0 0 39 0 39 0 0 0 0 0 0 0 28 0 0 0 0 0 0 0 0 0 0 0 0 0 0 0 0 0 0 0 40 0 40 0 
0 0 39 0 39 0 0 0 0 0 0 0 0 0 0 0 0 0 0 0 0 0 0 0 0 0 0 0 0 0 0 0 40 0 40 0 
0 0 39 0 39 0 0 0 0 0 0 0 0 0 0 0 0 0 0 0 0 0 0 0 0 0 0 0 0 0 0 0 40 0 40 0 
0 0 39 0 49 0 46 0 47 0 47 0 47 0 47 0 47 0 47 0 47 0 47 0 47 0 47 0 47 0 48 0 50 0 40 0 
0 0 49 0 51 0 51 0 51 0 51 0 51 0 51 0 51 0 51 0 51 0 51 0 51 0 51 0 51 0 51 0 51 0 50 0 
decorations 0

} // layers

entities { 
hero/Magneto 1 {
position_in_layer 340 640
layer_index 3
}
Crate/solid 10 {
position_in_layer 480 620
layer_index 3
}
Crate/solid 12 {
position_in_layer 460 660
layer_index 3
}
Spec/LevelExit 13 {
position_in_layer 160 200
layer_index 3
}
Crate/solid 15 {
position_in_layer 500 660
layer_index 3
}
Spec/LevelBoundary 16 {
position_in_layer 640 640
layer_index 3
}
Spec/LevelBoundary 17 {
position_in_layer 160 80
layer_index 3
}
steelspikes_N 18 {
position_in_layer 640 640
layer_index 3
}
Device/Respawn 19 {
position_in_layer 560 440
layer_index 3
}
Device/Respawn 20 {
position_in_layer 200 360
layer_index 3
}
} // entities
