sprite_table {
 bgr/plate_03 1
 bgr/plate_02 2
 bgr/plate_01 3
 bgr/plate_04 4
 bgr/plate_05 5
 bgr/bulkhead 6
 bgr/plate_08 7
 bgr/plate_07 8
 dirt 9
 dirt/boulder1 10
 dirt/chest 11
 dirt/boulder2 12
 dirt/head 13
 dirt/boulder3 14
 wall_stoneA_05 15
 wall_stoneA_02 16
 pipeend_3 17
 shadow_fix_02 18
 wall_stoneA_04 19
 shadow_fix_01 20
 wall_arc_01 21
 wall_arc_02 22
 wall_arc_03 23
 device/terminal 24
 zabradli 25
 wall_metalA_02 26
 cogwheelA 27
 metal_pipe_06 28
 metal_pipejoint_02 29
 metal_grate 30
 wall_stoneA_03 31
 wall_stoneA_10 32
 metal_pipe_10 33
 wall_stoneA_01 34
 wall_stoneA_06 35
 wall_stoneA_07 36
 wall_stoneA_08 37
 wall_stoneA_00 38
 wall_stoneA_11 39
 wall_stoneA_12 40
 wall_stoneA_13 41
 metal_fatpipe_01 42
 sign/arrow3 43
 sign/exit 44
 wire_2S 45
 wire_3S 46
 wire_2E 47
 wire_2V 48
 metal_fatpipe_02 49
 sign/arrow2 50
} // sprite_table

layers {
clear_screen true
layer // layer 0
name noname
offset 0 0
cells_offset -840 360
scroll_scale_factor_1 1 1
scroll_scale_factor_2 1 1
cell_size 40 40
width 39
height 10
no_cells
sprite_cells
0 0 0 0 0 0 0 0 0 0 0 0 0 0 0 0 0 0 0 0 0 0 0 0 0 0 0 0 0 0 0 0 0 0 0 0 0 0 0 0 0 0 0 0 1 0 0 0 1 0 0 0 1 0 0 0 1 0 0 0 1 0 2 0 1 0 2 0 1 0 0 0 1 0 0 0 1 0 
0 0 0 0 0 0 0 0 0 0 0 0 0 0 0 0 0 0 0 0 0 0 0 0 0 0 0 0 0 0 0 0 0 0 0 0 0 0 0 0 0 0 0 0 0 0 0 0 0 0 0 0 0 0 0 0 0 0 0 0 0 0 2 0 3 0 2 0 0 0 0 0 0 0 0 0 0 0 
0 0 0 0 0 0 0 0 0 0 0 0 0 0 0 0 0 0 0 0 0 0 0 0 0 0 0 0 0 0 0 0 0 0 0 0 0 0 0 0 0 0 0 0 1 0 0 0 1 0 0 0 1 0 0 0 1 0 0 0 1 0 2 0 3 0 2 0 1 0 0 0 1 0 0 0 1 0 
0 0 0 0 0 0 0 0 0 0 0 0 0 0 0 0 0 0 0 0 0 0 0 0 0 0 0 0 0 0 0 0 0 0 0 0 0 0 0 0 0 0 0 0 0 0 0 0 0 0 3 0 3 0 0 0 0 0 0 0 0 0 0 0 0 0 0 0 0 0 0 0 0 0 0 0 0 0 
0 0 0 0 0 0 0 0 0 0 0 0 0 0 0 0 0 0 0 0 0 0 0 0 0 0 0 0 4 0 4 0 4 0 4 0 4 0 4 0 5 0 4 0 6 0 4 0 4 0 4 0 4 0 0 0 0 0 0 0 0 0 0 0 0 0 0 0 1 0 0 0 0 0 0 0 0 0 
0 0 0 0 0 0 0 0 0 0 0 0 0 0 0 0 0 0 0 0 0 0 0 0 0 0 0 0 0 0 0 0 7 0 0 0 0 0 0 0 8 0 0 0 0 0 0 0 0 0 0 0 0 0 3 0 2 0 3 0 3 0 3 0 3 0 3 0 0 0 0 0 0 0 0 0 0 0 
0 0 0 0 0 0 0 0 0 0 0 0 0 0 0 0 0 0 0 0 0 0 0 0 0 0 0 0 4 0 4 0 0 0 0 0 0 0 0 0 0 0 0 0 0 0 0 0 0 0 0 0 0 0 0 0 0 0 0 0 0 0 0 0 0 0 0 0 0 0 0 0 0 0 0 0 0 0 
3 0 3 0 3 0 0 0 0 0 0 0 0 0 0 0 0 0 0 0 0 0 0 0 0 0 0 0 0 0 0 0 0 0 0 0 0 0 0 0 0 0 0 0 0 0 0 0 9 0 10 0 9 0 0 0 9 0 0 0 9 0 0 0 9 0 11 0 0 0 0 0 0 0 0 0 0 0 
4 0 4 0 4 0 4 0 6 0 4 0 4 0 4 0 4 0 4 0 4 0 4 0 4 0 4 0 4 0 4 0 5 0 4 0 4 0 4 0 5 0 0 0 0 0 0 0 0 0 0 0 12 0 0 0 13 0 0 0 0 0 0 0 14 0 0 0 0 0 0 0 0 0 0 0 0 0 
0 0 0 0 0 0 0 0 0 0 0 0 0 0 7 0 0 0 0 0 0 0 0 0 8 0 0 0 0 0 0 0 0 0 0 0 0 0 0 0 0 0 0 0 0 0 0 0 0 0 0 0 0 0 0 0 0 0 0 0 0 0 0 0 0 0 0 0 0 0 0 0 0 0 0 0 0 0 
decorations 0

layer // layer 1
name noname
offset 15 15
cells_offset -880 320
scroll_scale_factor_1 1 1
scroll_scale_factor_2 1 1
cell_size 40 40
width 41
height 11
shadow
no_cells
sprite_cells
0 0 0 0 0 0 0 0 0 0 0 0 0 0 0 0 0 0 0 0 0 0 0 0 0 0 0 0 0 0 0 0 0 0 0 0 0 0 0 0 0 0 0 0 15 0 0 0 15 0 0 0 15 0 0 0 15 0 0 0 15 0 0 0 15 0 0 0 15 0 0 0 15 0 0 0 0 0 0 0 0 0 
0 0 0 0 0 0 0 0 0 0 0 0 0 0 0 0 0 0 0 0 0 0 0 0 0 0 0 0 0 0 0 0 0 0 0 0 0 0 0 0 0 0 0 0 16 0 0 0 0 0 0 0 0 0 0 0 0 0 0 0 0 0 0 0 0 0 17 0 0 0 0 0 0 0 18 0 15 0 0 0 19 0 
0 0 0 0 0 0 0 0 0 0 0 0 0 0 0 0 0 0 0 0 0 0 0 0 0 0 0 0 0 0 0 0 0 0 0 0 0 0 0 0 0 0 0 0 0 0 0 0 0 0 0 0 0 0 0 0 0 0 0 0 0 0 0 0 0 0 0 0 0 0 0 0 0 0 0 0 0 0 0 0 0 0 
0 0 0 0 0 0 0 0 0 0 0 0 0 0 0 0 0 0 0 0 0 0 0 0 0 0 0 0 0 0 0 0 0 0 0 0 0 0 0 0 0 0 0 0 19 0 0 0 0 0 0 0 0 0 0 0 0 0 0 0 0 0 0 0 0 0 0 0 20 0 0 0 0 0 0 0 0 0 0 0 0 0 
0 0 0 0 0 0 0 0 0 0 0 0 0 0 0 0 0 0 0 0 0 0 0 0 0 0 0 0 15 0 0 0 15 0 0 0 15 0 0 0 15 0 0 0 15 0 0 0 19 0 21 0 22 0 23 0 0 0 0 0 0 0 0 0 0 0 0 0 16 0 0 0 0 0 0 0 0 0 0 0 0 0 
0 0 0 0 0 0 0 0 0 0 0 0 0 0 0 0 0 0 0 0 0 0 0 0 0 0 0 0 16 0 0 0 0 0 0 0 0 0 0 0 0 0 0 0 0 0 0 0 0 0 0 0 0 0 18 0 15 0 0 0 15 0 0 0 15 0 0 0 0 0 0 0 0 0 0 0 0 0 0 0 0 0 
0 0 0 0 0 0 0 0 0 0 0 0 0 0 0 0 0 0 0 0 0 0 0 0 0 0 0 0 0 0 0 0 0 0 0 0 0 0 0 0 0 0 0 0 0 0 0 0 0 0 0 0 0 0 0 0 0 0 0 0 0 0 0 0 0 0 0 0 0 0 0 0 0 0 0 0 0 0 0 0 0 0 
15 0 0 0 15 0 0 0 0 0 0 0 0 0 0 0 0 0 0 0 0 0 0 0 0 0 0 0 16 0 0 0 0 0 0 0 0 0 0 0 0 0 0 0 0 0 0 0 15 0 0 0 15 0 0 0 15 0 0 0 15 0 0 0 15 0 0 0 15 0 0 0 0 0 0 0 0 0 0 0 0 0 
16 0 0 0 0 0 18 0 15 0 0 0 15 0 0 0 15 0 0 0 15 0 0 0 15 0 0 0 0 0 0 0 18 0 15 0 0 0 15 0 0 0 15 0 0 0 0 0 16 0 0 0 0 0 0 0 0 0 0 0 0 0 0 0 0 0 0 0 0 0 0 0 0 0 0 0 0 0 0 0 0 0 
0 0 0 0 0 0 0 0 0 0 0 0 0 0 0 0 0 0 0 0 0 0 0 0 0 0 0 0 0 0 0 0 0 0 0 0 0 0 0 0 0 0 0 0 0 0 0 0 0 0 0 0 0 0 0 0 0 0 0 0 0 0 0 0 0 0 0 0 0 0 0 0 0 0 0 0 0 0 0 0 0 0 
16 0 0 0 0 0 0 0 0 0 0 0 0 0 0 0 0 0 0 0 0 0 0 0 0 0 0 0 0 0 0 0 0 0 0 0 0 0 0 0 0 0 0 0 0 0 0 0 0 0 0 0 0 0 0 0 0 0 0 0 0 0 0 0 0 0 0 0 0 0 0 0 0 0 0 0 0 0 0 0 0 0 
decorations 8
-188 701 24 0
152 540 24 0
-125 551 25 0
-85 551 25 0
-45 551 25 0
-5 551 25 0
35 551 25 0
75 551 25 0

layer // layer 2
name Main
offset 0 0
cells_offset -880 240
scroll_scale_factor_1 1 1
scroll_scale_factor_2 1 1
cell_size 40 40
width 42
height 14
cells
0 0 0 0 0 0 0 0 0 0 0 0 0 0 0 0 0 0 0 0 0 0 0 0 0 0 0 0 0 0 0 0 0 0 0 0 0 0 0 0 0 0 
0 0 0 0 0 0 0 0 0 0 0 0 0 0 0 0 0 0 0 0 0 0 0 0 0 0 0 0 0 0 0 0 0 0 0 0 0 0 0 0 0 0 
0 0 0 0 0 0 0 0 0 0 0 0 0 0 0 0 0 0 0 0 0 0 2 2 2 2 2 2 2 2 2 2 2 2 2 2 2 2 0 0 0 0 
0 0 0 0 0 0 0 0 0 0 0 0 0 0 0 0 0 0 0 0 0 0 2 0 0 0 0 0 0 0 0 0 0 2 0 0 0 0 2 2 2 2 
0 0 0 0 0 0 0 0 0 0 0 0 0 0 0 0 0 0 0 0 0 0 2 0 0 0 0 0 0 0 0 0 0 0 0 0 0 0 0 0 0 2 
0 0 0 0 0 0 0 0 0 0 0 0 0 0 0 0 0 0 0 0 0 0 2 0 0 0 0 0 0 0 0 0 0 0 0 0 0 0 0 0 0 2 
0 0 0 0 0 0 0 0 0 0 0 0 0 0 2 2 2 2 2 2 2 2 2 2 2 2 2 2 2 0 2 2 2 2 2 0 0 0 2 2 2 2 
0 0 0 0 0 0 0 0 0 0 0 0 0 0 2 0 0 0 0 0 0 0 0 0 0 0 0 0 2 0 2 2 2 2 2 0 0 2 0 0 0 0 
0 0 0 0 0 0 0 0 0 0 0 0 0 0 2 0 0 0 0 0 0 0 0 0 0 0 0 0 0 0 0 0 0 0 0 0 2 0 0 0 0 0 
2 2 2 2 2 0 0 0 0 0 0 0 0 0 2 0 0 2 2 2 2 2 2 2 2 2 2 2 2 2 2 2 2 2 2 2 0 0 0 0 0 0 
2 0 0 0 2 2 2 2 2 2 2 2 2 2 2 0 0 2 2 2 2 2 2 0 0 0 0 0 0 0 0 0 0 0 0 0 0 0 0 0 0 0 
2 0 0 0 0 0 0 0 0 0 0 0 0 0 0 0 0 0 0 0 0 0 2 0 0 0 0 0 0 0 0 0 0 0 0 0 0 0 0 0 0 0 
2 0 0 0 0 0 0 0 0 0 0 0 0 0 0 0 0 0 0 0 0 0 2 0 0 0 0 0 0 0 0 0 0 0 0 0 0 0 0 0 0 0 
2 2 2 2 2 2 2 2 2 2 2 2 2 2 2 2 2 2 2 2 2 2 2 0 0 0 0 0 0 0 0 0 0 0 0 0 0 0 0 0 0 0 
sprite_cells
0 0 0 0 0 0 0 0 0 0 0 0 0 0 0 0 0 0 0 0 0 0 0 0 0 0 0 0 0 0 0 0 0 0 0 0 0 0 0 0 0 0 0 0 0 0 15 0 0 0 19 0 0 0 0 0 0 0 0 0 0 0 0 0 0 0 0 0 0 0 0 0 0 0 0 0 15 0 0 0 0 0 0 0 
0 0 0 0 0 0 0 0 0 0 0 0 0 0 0 0 0 0 0 0 0 0 0 0 0 0 0 0 0 0 0 0 0 0 0 0 0 0 0 0 0 0 0 0 0 0 26 0 27 0 26 0 28 0 28 0 28 0 28 0 28 0 28 0 28 0 29 0 28 0 28 0 28 0 28 0 30 0 15 0 0 0 0 0 
0 0 0 0 0 0 0 0 0 0 0 0 0 0 0 0 0 0 0 0 0 0 0 0 0 0 0 0 0 0 0 0 0 0 0 0 0 0 0 0 0 0 19 0 16 0 19 0 15 0 0 0 31 0 32 0 19 0 19 0 15 0 0 0 19 0 33 0 31 0 19 0 15 0 0 0 15 0 0 0 15 0 0 0 
0 0 0 0 0 0 0 0 0 0 0 0 0 0 0 0 0 0 0 0 0 0 0 0 0 0 0 0 0 0 0 0 0 0 0 0 0 0 0 0 15 0 0 0 0 0 0 0 0 0 0 0 0 0 0 0 0 0 0 0 0 0 0 0 0 0 17 0 0 0 0 0 0 0 0 0 19 0 15 0 0 0 31 0 
0 0 0 0 0 0 0 0 0 0 0 0 0 0 0 0 0 0 0 0 0 0 0 0 0 0 0 0 0 0 0 0 0 0 0 0 0 0 15 0 0 0 15 0 0 0 0 0 0 0 0 0 0 0 0 0 0 0 0 0 0 0 0 0 0 0 0 0 0 0 0 0 0 0 0 0 0 0 0 0 0 0 19 0 
0 0 0 0 0 0 0 0 0 0 0 0 0 0 0 0 0 0 0 0 0 0 0 0 0 0 0 0 0 0 0 0 0 0 0 0 0 0 15 0 0 0 19 0 16 0 0 0 0 0 0 0 0 0 0 0 0 0 0 0 0 0 0 0 0 0 0 0 0 0 0 0 0 0 0 0 0 0 0 0 0 0 19 0 
0 0 0 0 0 0 0 0 0 0 0 0 0 0 0 0 0 0 0 0 0 0 0 0 0 0 0 0 31 0 15 0 0 0 15 0 0 0 31 0 15 0 0 0 0 0 31 0 31 0 21 0 22 0 23 0 0 0 0 0 0 0 0 0 19 0 34 0 0 0 0 0 0 0 0 0 19 0 31 0 31 0 31 0 
0 0 0 0 0 0 0 0 0 0 0 0 0 0 0 0 0 0 0 0 0 0 0 0 35 0 36 0 37 0 0 0 0 0 0 0 0 0 0 0 0 0 0 0 0 0 0 0 0 0 0 0 0 0 0 0 0 0 0 0 0 0 15 0 0 0 0 0 0 0 0 0 0 0 19 0 15 0 0 0 38 0 0 0 
0 0 0 0 0 0 0 0 0 0 0 0 0 0 0 0 0 0 0 0 0 0 35 0 36 0 36 0 37 0 0 0 0 0 0 0 0 0 0 0 0 0 0 0 0 0 0 0 0 0 0 0 0 0 0 0 0 0 0 0 0 0 0 0 0 0 0 0 0 0 0 0 19 0 15 0 0 0 16 0 0 0 0 0 
15 0 0 0 31 0 19 0 38 0 0 0 15 0 0 0 19 0 31 0 15 0 0 0 31 0 15 0 0 0 0 0 0 0 38 0 0 0 39 0 40 0 40 0 40 0 40 0 41 0 15 0 0 0 19 0 15 0 0 0 15 0 0 0 31 0 19 0 19 0 31 0 38 0 0 0 19 0 0 0 19 0 0 0 
19 0 0 0 0 0 0 0 0 0 0 0 31 0 42 0 42 0 42 0 42 0 42 0 42 0 42 0 31 0 0 0 0 0 0 0 0 0 35 0 36 0 36 0 36 0 37 0 19 0 0 0 0 0 0 0 0 0 0 0 0 0 0 0 0 0 0 0 0 0 16 0 0 0 0 0 0 0 0 0 0 0 0 0 
31 0 0 0 0 0 0 0 0 0 0 0 0 0 0 0 0 0 0 0 0 0 0 0 0 0 0 0 0 0 0 0 0 0 0 0 0 0 0 0 0 0 0 0 37 0 19 0 19 0 0 0 0 0 0 0 0 0 0 0 0 0 0 0 0 0 0 0 0 0 0 0 0 0 0 0 0 0 0 0 0 0 0 0 
16 0 0 0 0 0 0 0 0 0 0 0 0 0 0 0 0 0 0 0 0 0 0 0 0 0 0 0 0 0 0 0 0 0 0 0 0 0 0 0 0 0 0 0 15 0 0 0 15 0 0 0 19 0 19 0 15 0 0 0 19 0 15 0 0 0 19 0 15 0 0 0 0 0 0 0 0 0 0 0 0 0 0 0 
0 0 39 0 40 0 41 0 19 0 19 0 19 0 31 0 19 0 15 0 0 0 19 0 15 0 0 0 31 0 35 0 36 0 36 0 36 0 36 0 36 0 36 0 37 0 0 0 0 0 0 0 0 0 0 0 0 0 0 0 0 0 0 0 0 0 0 0 0 0 0 0 0 0 0 0 0 0 0 0 0 0 0 0 
decorations 6
-198 633 43 0
-198 601 44 0
-640 641 45 0
-680 641 46 0
-720 641 47 0
40 481 48 0

layer // layer 3
name noname
offset 0 0
cells_offset -120 480
scroll_scale_factor_1 1 1
scroll_scale_factor_2 1 1
cell_size 40 40
width 22
height 3
no_cells
sprite_cells
0 0 0 0 0 0 0 0 0 0 0 0 0 0 0 0 0 0 16 0 49 0 15 0 0 0 0 0 0 0 0 0 0 0 0 0 0 0 50 0 50 0 50 0 
0 0 0 0 0 0 0 0 0 0 0 0 0 0 0 0 0 0 0 0 49 0 19 0 0 0 0 0 0 0 0 0 0 0 0 0 0 0 0 0 0 0 0 0 
25 0 25 0 25 0 25 0 25 0 25 0 0 0 0 0 0 0 0 0 0 0 0 0 0 0 0 0 0 0 0 0 0 0 0 0 0 0 0 0 0 0 0 0 
decorations 0

} // layers

entities { 
DoorV 4 {
position_in_layer 40 520
layer_index 2
}
Device/Lever_N 5 {
operate 4
position_in_layer 40 440
layer_index 2
}
hero/Skater 7 {
position_in_layer 100 560
layer_index 2
}
Device/Terminal 8 {
show_doc "lever"
position_in_layer 160 560
layer_index 2
}
Spec/LevelExit 16 {
position_in_layer -800 720
layer_index 2
}
DoorV 22 {
sprite tile/door2_V
position_in_layer -680 680
layer_index 2
}
Spec/Region 24 {
size 109 89
operate 32
position_in_layer -716 677
layer_index 2
}
shooter/drop 25 {
shot_delay 1500 1500
position_in_layer -460 700
layer_index 2
}
shooter/drop 27 {
shot_delay 1500 1500
position_in_layer -420 700
layer_index 2
}
shooter/drop 28 {
shot_delay 1500 1500
position_in_layer -380 700
layer_index 2
}
Device/Terminal 29 {
show_doc "speed"
position_in_layer -180 720
layer_index 2
}
photo 30 {
position_in_layer -721 661
layer_index 2
}
photo 31 {
position_in_layer -641 661
layer_index 2
}
Spec/SignalPlexor 32 {
operate_1 30
operate_2 22
operate_3 31
position_in_layer -658 606
layer_index 2
}
Crate 33 {
position_in_layer 340 460
layer_index 2
}
Crate 34 {
position_in_layer 380 460
layer_index 2
}
Spec/LevelBoundary 35 {
position_in_layer 640 680
layer_index 2
}
Spec/LevelBoundary 36 {
position_in_layer -720 440
layer_index 2
}
Crate 37 {
position_in_layer 220 460
layer_index 2
}
SoundTerminal 38 {
size 40 160
position_in_layer 161 441
layer_index 2
}
SoundTerminal 39 {
position_in_layer -179 639
layer_index 2
}
Device/Respawn 41 {
position_in_layer -80 720
layer_index 2
}
} // entities
