sprite_table {
 bgr/plate_04 1
 bgr/plate_02 2
 bgr/plate_01 3
 bgr/plate_05 4
 bgr/plate_03 5
 bgr/plate_wire_1 6
 bgr/plate_08 7
 bgr/plate_06 8
 bgr/plate_10 9
 bgr/plate_09 10
 bgr/plate_07 11
 bgr/hugepipe01 12
 bgr/hugepipe02 13
 dirt 14
 dirt/boulder4 15
 dirt/boulder3 16
 bgr/hugepipe04 17
 dirt/hole 18
 bgr/hugepipe03 19
 dirt/bone 20
 wall_metalA_03 21
 bgr/eyes 22
 bgr/hugegrate 23
 wall_arc_01 24
 wall_arc_02 25
 wall_arc_03 26
 wall_stoneA_05 27
 wall_stoneA_03 28
 wall_stoneA_02 29
 shadow_fix_02 30
 wall_stoneA_04 31
 shadow_fix_01 32
 metal_pipejoint_04 33
 metal_pipe_04 34
 wall_metalA_01 35
 crane09 36
 metal_ramp_02 37
 metal_ramp_01 38
 metal_ramp_03 39
 wall_stoneA_07 40
 metal_frame 41
 device/terminal 42
 sign/acid2 43
 wall_brick01 44
 wall_brick02 45
 wall_brick03 46
 wall_stoneA_10 47
 metal_pipe_06 48
 metal_pipejoint_02 49
 wire_3S 50
 metal_pipe_10 51
 metal_fatpipe_01 52
 wall_metalA_00 53
 wall_stoneA_06 54
 wall_stoneA_08 55
 wall_stoneA_00 56
 wall_metalA_02 57
 metal_fatpipe_02 58
 metal_pipe_09 59
 pistyH 60
 metal_pipeend 61
 metal_fatpipe_03 62
 metal_fatpipe_08 63
 metal_fatpipe_10 64
 metal_fatpipe_09 65
 sign/electricity 66
 sign/gaugeB 67
 sign/grate_round 68
 metal_ring1 69
 sign/eye 70
 sign/stripe1 71
 wire_2E 72
 metal_fatpipe_05 73
 sign/arrow2 74
 sign/stripe2 75
 sign/arrow1 76
 sign/arrow4 77
} // sprite_table

layers {
clear_screen true
layer // layer 0
name noname
offset 0 0
cells_offset -1920 400
scroll_scale_factor_1 1 1
scroll_scale_factor_2 1 1
cell_size 40 40
width 70
height 9
no_cells
sprite_cells
0 0 0 0 0 0 0 0 0 0 0 0 1 0 1 0 1 0 2 0 0 0 3 0 3 0 3 0 0 0 0 0 0 0 0 0 0 0 0 0 0 0 0 0 0 0 0 0 0 0 0 0 0 0 0 0 0 0 0 0 0 0 0 0 0 0 0 0 0 0 0 0 0 0 0 0 0 0 0 0 0 0 0 0 0 0 0 0 0 0 0 0 0 0 0 0 0 0 0 0 1 0 1 0 1 0 1 0 1 0 4 0 1 0 1 0 1 0 1 0 1 0 5 0 0 0 5 0 0 0 5 0 0 0 5 0 4 0 5 0 
0 0 0 0 0 0 0 0 0 0 0 0 0 0 0 0 0 0 6 0 1 0 1 0 1 0 1 0 7 0 8 0 0 0 8 0 0 0 8 0 0 0 0 0 0 0 0 0 0 0 0 0 0 0 0 0 0 0 0 0 0 0 0 0 0 0 0 0 0 0 0 0 0 0 0 0 0 0 0 0 0 0 0 0 0 0 0 0 0 0 0 0 0 0 0 0 0 0 0 0 0 0 0 0 0 0 0 0 0 0 0 0 0 0 0 0 0 0 9 0 0 0 0 0 0 0 0 0 0 0 0 0 0 0 0 0 0 0 0 0 
0 0 0 0 0 0 0 0 0 0 0 0 1 0 1 0 1 0 0 0 0 0 0 0 0 0 10 0 4 0 3 0 3 0 3 0 3 0 3 0 3 0 10 0 0 0 0 0 0 0 0 0 0 0 0 0 0 0 0 0 0 0 0 0 0 0 0 0 0 0 0 0 0 0 0 0 0 0 0 0 0 0 0 0 0 0 0 0 5 0 0 0 5 0 0 0 0 0 0 0 1 0 1 0 1 0 1 0 1 0 4 0 1 0 1 0 1 0 1 0 1 0 5 0 0 0 5 0 0 0 5 0 0 0 5 0 4 0 5 0 
0 0 0 0 0 0 0 0 0 0 0 0 0 0 0 0 0 0 6 0 1 0 3 0 3 0 1 0 0 0 2 0 0 0 0 0 0 0 0 0 3 0 2 0 3 0 0 0 0 0 0 0 0 0 0 0 0 0 0 0 0 0 0 0 0 0 0 0 0 0 0 0 0 0 0 0 0 0 0 0 0 0 0 0 0 0 0 0 0 0 0 0 0 0 0 0 0 0 0 0 0 0 0 0 0 0 0 0 0 0 11 0 0 0 0 0 0 0 0 0 0 0 0 0 0 0 11 0 0 0 0 0 0 0 0 0 0 0 0 0 
1 0 1 0 1 0 1 0 1 0 1 0 1 0 1 0 1 0 0 0 0 0 3 0 3 0 0 0 4 0 0 0 0 0 0 0 0 0 0 0 0 0 3 0 3 0 1 0 1 0 1 0 1 0 1 0 12 0 0 0 13 0 1 0 1 0 1 0 1 0 1 0 1 0 0 0 5 0 0 0 5 0 6 0 5 0 0 0 5 0 0 0 5 0 0 0 0 0 0 0 0 0 0 0 0 0 0 0 0 0 0 0 0 0 0 0 0 0 0 0 0 0 0 0 0 0 0 0 0 0 5 0 0 0 5 0 4 0 5 0 
0 0 0 0 0 0 0 0 0 0 0 0 0 0 0 0 0 0 6 0 1 0 1 0 1 0 1 0 0 0 0 0 14 0 15 0 14 0 16 0 0 0 0 0 2 0 0 0 0 0 0 0 0 0 0 0 17 0 0 0 0 0 0 0 0 0 0 0 0 0 0 0 0 0 3 0 0 0 0 0 0 0 0 0 0 0 0 0 0 0 0 0 0 0 14 0 0 0 0 0 0 0 0 0 0 0 0 0 0 0 0 0 0 0 0 0 0 0 0 0 0 0 0 0 0 0 0 0 0 0 0 0 0 0 0 0 0 0 0 0 
0 0 0 0 0 0 0 0 0 0 0 0 3 0 3 0 3 0 0 0 0 0 0 0 0 0 0 0 4 0 0 0 0 0 18 0 0 0 0 0 0 0 0 0 0 0 2 0 2 0 2 0 2 0 2 0 0 0 19 0 0 0 2 0 2 0 2 0 2 0 2 0 2 0 2 0 3 0 3 0 3 0 6 0 3 0 3 0 3 0 0 0 0 0 20 0 0 0 0 0 0 0 0 0 0 0 0 0 0 0 0 0 0 0 0 0 0 0 0 0 0 0 0 0 0 0 0 0 0 0 5 0 0 0 5 0 4 0 5 0 
0 0 0 0 0 0 0 0 0 0 0 0 1 0 1 0 1 0 6 0 0 0 0 0 1 0 1 0 0 0 1 0 0 0 0 0 0 0 0 0 0 0 0 0 0 0 0 0 0 0 0 0 0 0 8 0 0 0 8 0 0 0 0 0 0 0 0 0 0 0 0 0 0 0 0 0 0 0 0 0 0 0 0 0 0 0 0 0 0 0 0 0 0 0 0 0 0 0 0 0 0 0 0 0 0 0 0 0 0 0 0 0 0 0 0 0 0 0 0 0 0 0 0 0 0 0 0 0 0 0 0 0 0 0 0 0 0 0 0 0 
0 0 0 0 0 0 0 0 0 0 0 0 0 0 0 0 0 0 0 0 0 0 0 0 0 0 0 0 4 0 0 0 0 0 0 0 0 0 0 0 0 0 3 0 3 0 0 0 0 0 0 0 0 0 0 0 3 0 3 0 0 0 0 0 21 0 0 0 21 0 0 0 21 0 0 0 21 0 0 0 21 0 0 0 0 0 0 0 0 0 0 0 0 0 0 0 0 0 0 0 0 0 0 0 0 0 0 0 0 0 0 0 0 0 0 0 0 0 0 0 0 0 0 0 0 0 0 0 0 0 0 0 0 0 0 0 0 0 0 0 
decorations 2
-1505 700 22 0
-1520 680 23 0

layer // layer 1
name noname
offset 15 15
cells_offset -1960 360
scroll_scale_factor_1 1 1
scroll_scale_factor_2 1 1
cell_size 40 40
width 72
height 10
shadow
no_cells
sprite_cells
0 0 0 0 0 0 0 0 0 0 0 0 0 0 0 0 0 0 0 0 0 0 24 0 25 0 26 0 0 0 0 0 0 0 0 0 0 0 0 0 0 0 0 0 0 0 0 0 0 0 0 0 0 0 0 0 0 0 0 0 0 0 0 0 0 0 0 0 0 0 0 0 0 0 0 0 0 0 0 0 0 0 0 0 0 0 0 0 0 0 0 0 0 0 0 0 0 0 0 0 0 0 0 0 0 0 0 0 0 0 0 0 0 0 0 0 0 0 0 0 0 0 0 0 0 0 0 0 0 0 0 0 0 0 0 0 0 0 0 0 0 0 0 0 
0 0 0 0 0 0 0 0 0 0 0 0 27 0 0 0 24 0 25 0 26 0 28 0 24 0 25 0 26 0 27 0 0 0 27 0 0 0 27 0 0 0 27 0 0 0 0 0 0 0 0 0 0 0 0 0 0 0 0 0 0 0 0 0 0 0 0 0 0 0 0 0 0 0 0 0 0 0 0 0 0 0 0 0 0 0 0 0 0 0 0 0 0 0 0 0 0 0 0 0 27 0 0 0 24 0 25 0 26 0 24 0 25 0 26 0 24 0 25 0 26 0 27 0 0 0 27 0 0 0 27 0 0 0 24 0 25 0 26 0 27 0 0 0 
0 0 0 0 0 0 0 0 0 0 0 0 29 0 0 0 0 0 0 0 0 0 0 0 0 0 0 0 0 0 0 0 0 0 0 0 0 0 0 0 0 0 30 0 31 0 0 0 0 0 0 0 0 0 0 0 0 0 0 0 0 0 0 0 0 0 0 0 0 0 0 0 0 0 0 0 0 0 0 0 0 0 0 0 0 0 0 0 0 0 0 0 27 0 0 0 27 0 27 0 0 0 0 0 0 0 0 0 0 0 0 0 0 0 0 0 0 0 0 0 0 0 30 0 31 0 0 0 0 0 0 0 0 0 0 0 0 0 0 0 0 0 0 0 
0 0 0 0 0 0 0 0 0 0 0 0 0 0 0 0 0 0 0 0 0 0 0 0 0 0 0 0 0 0 0 0 0 0 0 0 0 0 0 0 32 0 0 0 30 0 31 0 0 0 0 0 0 0 0 0 0 0 0 0 0 0 0 0 0 0 0 0 0 0 0 0 0 0 0 0 0 0 0 0 0 0 0 0 0 0 0 0 0 0 27 0 0 0 0 0 0 0 0 0 29 0 0 0 0 0 0 0 0 0 0 0 0 0 0 0 0 0 0 0 0 0 0 0 0 0 0 0 0 0 0 0 0 0 0 0 0 0 0 0 0 0 33 0 
29 0 27 0 0 0 27 0 0 0 27 0 0 0 0 0 0 0 0 0 0 0 0 0 0 0 0 0 0 0 0 0 0 0 0 0 0 0 0 0 31 0 32 0 0 0 30 0 27 0 0 0 27 0 0 0 27 0 0 0 27 0 0 0 27 0 0 0 27 0 0 0 27 0 0 0 27 0 0 0 27 0 0 0 27 0 0 0 27 0 0 0 0 0 0 0 0 0 0 0 0 0 0 0 0 0 0 0 0 0 0 0 0 0 0 0 0 0 0 0 0 0 0 0 0 0 0 0 0 0 0 0 0 0 32 0 0 0 0 0 0 0 34 0 
0 0 0 0 0 0 0 0 0 0 0 0 0 0 0 0 0 0 0 0 0 0 0 0 0 0 0 0 0 0 0 0 27 0 0 0 27 0 0 0 31 0 31 0 32 0 0 0 0 0 0 0 0 0 0 0 0 0 0 0 0 0 0 0 0 0 0 0 0 0 0 0 0 0 30 0 31 0 0 0 0 0 0 0 0 0 0 0 0 0 0 0 0 0 30 0 27 0 0 0 0 0 0 0 0 0 0 0 0 0 0 0 0 0 0 0 0 0 0 0 0 0 0 0 0 0 0 0 0 0 0 0 35 0 36 0 0 0 0 0 0 0 0 0 
31 0 0 0 0 0 0 0 0 0 0 0 0 0 0 0 0 0 32 0 0 0 0 0 0 0 0 0 0 0 0 0 29 0 0 0 0 0 0 0 0 0 0 0 31 0 32 0 0 0 0 0 0 0 0 0 0 0 0 0 0 0 0 0 0 0 0 0 0 0 0 0 0 0 0 0 0 0 0 0 0 0 0 0 0 0 0 0 0 0 0 0 0 0 29 0 0 0 0 0 0 0 0 0 0 0 0 0 0 0 0 0 0 0 0 0 0 0 0 0 0 0 0 0 0 0 0 0 0 0 0 0 0 0 0 0 0 0 0 0 0 0 0 0 
0 0 0 0 0 0 0 0 0 0 0 0 29 0 37 0 38 0 37 0 0 0 0 0 0 0 37 0 37 0 37 0 0 0 0 0 0 0 0 0 0 0 0 0 0 0 31 0 0 0 0 0 0 0 0 0 32 0 0 0 0 0 0 0 0 0 0 0 0 0 0 0 0 0 0 0 0 0 0 0 0 0 0 0 0 0 0 0 0 0 0 0 0 0 0 0 0 0 0 0 0 0 0 0 0 0 0 0 0 0 0 0 0 0 0 0 0 0 0 0 0 0 0 0 0 0 0 0 0 0 0 0 31 0 0 0 0 0 0 0 0 0 0 0 
0 0 0 0 0 0 0 0 0 0 0 0 0 0 0 0 39 0 0 0 0 0 0 0 0 0 0 0 0 0 30 0 40 0 0 0 0 0 0 0 0 0 27 0 0 0 27 0 0 0 0 0 0 0 0 0 29 0 0 0 0 0 0 0 0 0 0 0 0 0 0 0 0 0 0 0 0 0 0 0 0 0 0 0 0 0 0 0 0 0 0 0 0 0 0 0 0 0 0 0 0 0 0 0 0 0 0 0 0 0 0 0 0 0 0 0 0 0 0 0 0 0 0 0 0 0 0 0 0 0 0 0 0 0 0 0 0 0 0 0 0 0 0 0 
0 0 0 0 0 0 0 0 0 0 0 0 29 0 0 0 39 0 0 0 0 0 0 0 0 0 0 0 0 0 0 0 0 0 0 0 0 0 0 0 0 0 0 0 0 0 0 0 0 0 0 0 0 0 0 0 0 0 0 0 0 0 0 0 0 0 0 0 0 0 0 0 0 0 0 0 0 0 0 0 0 0 0 0 0 0 0 0 0 0 0 0 0 0 0 0 0 0 0 0 0 0 0 0 0 0 0 0 0 0 0 0 0 0 0 0 0 0 0 0 0 0 0 0 0 0 0 0 0 0 0 0 0 0 0 0 0 0 0 0 0 0 0 0 
decorations 8
-1404 661 41 0
-1480 621 30 0
-1407 583 42 0
-1207 466 42 0
-80 559 32 0
675 503 42 0
711 511 43 0
-570 623 42 0

layer // layer 2
name Main
offset 0 0
cells_offset -1960 400
scroll_scale_factor_1 1 1
scroll_scale_factor_2 1 1
cell_size 40 40
width 74
height 10
cells
0 0 0 0 0 0 2 2 2 2 2 2 2 2 2 2 2 2 2 2 2 2 0 0 0 0 0 0 0 0 0 0 0 0 0 0 0 0 0 0 0 0 0 0 0 0 0 0 0 0 2 2 2 2 2 2 2 2 2 2 2 2 2 2 2 2 2 2 2 2 2 2 0 0 
0 0 0 0 0 0 2 0 0 0 0 0 0 0 0 0 0 0 0 0 0 0 2 0 0 0 0 0 0 0 0 0 0 0 0 0 0 0 0 0 0 0 0 0 0 0 0 2 2 2 2 0 0 0 0 0 0 0 0 0 0 0 2 0 0 0 0 0 0 0 0 2 0 0 
0 0 0 0 0 0 2 0 0 0 0 0 0 0 0 0 0 0 0 0 0 0 0 2 0 0 0 0 0 0 0 0 0 0 0 0 0 0 0 0 0 0 0 0 0 0 2 0 0 0 0 0 0 0 0 0 0 0 0 0 0 0 0 0 0 0 0 0 0 0 0 2 0 0 
2 2 2 2 2 2 2 0 0 0 0 0 0 0 0 0 0 2 2 2 2 0 0 0 2 2 2 2 2 2 2 2 2 2 2 2 2 2 2 2 2 2 2 2 2 2 0 0 0 2 2 0 0 0 0 0 0 0 0 0 0 0 0 0 0 0 0 0 0 0 0 2 0 0 
2 0 0 0 0 0 0 0 0 0 0 0 0 0 0 0 2 2 2 2 2 2 0 0 0 0 0 0 0 0 0 0 0 0 0 0 0 0 2 0 0 0 0 0 0 0 0 0 2 2 2 2 2 2 2 2 2 2 2 2 2 2 2 2 2 2 2 2 0 0 0 0 2 0 
2 0 0 0 0 0 0 0 0 0 0 0 0 0 0 0 2 0 0 0 0 0 2 0 0 0 0 0 0 0 0 0 0 0 0 0 0 0 0 0 0 0 0 0 0 0 0 2 0 0 0 0 0 0 0 0 0 0 0 0 0 0 0 0 0 0 2 0 0 0 0 0 2 0 
2 2 2 2 2 2 2 2 2 2 0 0 0 2 2 2 2 0 0 0 0 0 0 2 0 0 0 0 0 0 0 0 0 0 0 0 0 0 0 0 0 0 0 0 0 0 2 0 0 0 0 0 0 0 0 0 0 0 0 0 0 0 0 0 0 0 2 0 0 0 0 0 2 0 
0 0 0 0 0 0 2 0 2 0 0 0 0 0 0 0 2 2 2 2 2 2 2 2 2 2 2 2 2 0 0 0 2 2 2 2 2 2 2 2 2 2 2 2 2 2 0 0 0 0 0 0 0 0 0 0 0 0 0 0 0 0 0 0 0 0 0 2 2 2 2 2 2 0 
0 0 0 0 0 0 2 0 2 0 0 0 0 0 0 0 0 0 0 0 0 0 0 0 0 0 0 0 0 0 0 2 2 0 0 0 0 0 0 0 0 0 0 0 0 0 0 0 0 0 0 0 0 0 0 0 0 0 0 0 0 0 0 0 0 0 0 0 0 0 0 0 0 0 
0 0 0 0 0 0 2 2 2 2 2 2 2 2 2 2 2 2 2 2 2 2 2 2 2 2 2 2 2 2 2 2 0 0 0 0 0 0 0 0 0 0 0 0 0 0 0 0 0 0 0 0 0 0 0 0 0 0 0 0 0 0 0 0 0 0 0 0 0 0 0 0 0 0 
sprite_cells
27 0 0 0 44 0 45 0 45 0 46 0 47 0 28 0 24 0 25 0 26 0 28 0 24 0 25 0 26 0 27 0 0 0 28 0 27 0 0 0 27 0 0 0 27 0 0 0 31 0 29 0 0 0 0 0 0 0 0 0 0 0 0 0 0 0 0 0 0 0 0 0 0 0 0 0 0 0 0 0 0 0 0 0 0 0 0 0 0 0 0 0 0 0 0 0 0 0 0 0 27 0 0 0 24 0 25 0 26 0 24 0 25 0 26 0 24 0 25 0 26 0 28 0 29 0 28 0 27 0 0 0 28 0 24 0 25 0 26 0 27 0 0 0 35 0 0 0 
31 0 44 0 45 0 45 0 46 0 27 0 0 0 0 0 0 0 0 0 0 0 0 0 0 0 0 0 0 0 0 0 0 0 0 0 0 0 0 0 0 0 0 0 28 0 27 0 0 0 0 0 48 0 48 0 48 0 48 0 49 0 0 0 0 0 0 0 0 0 0 0 0 0 0 0 0 0 0 0 0 0 0 0 0 0 0 0 0 0 0 0 27 0 0 0 28 0 28 0 28 0 0 0 0 0 0 0 0 0 0 0 0 0 0 0 0 0 0 0 0 0 0 0 50 0 0 0 0 0 0 0 0 0 0 0 0 0 0 0 0 0 51 0 0 0 0 0 
44 0 45 0 45 0 45 0 45 0 46 0 28 0 0 0 0 0 0 0 0 0 0 0 0 0 0 0 0 0 0 0 0 0 0 0 0 0 0 0 0 0 0 0 0 0 31 0 27 0 0 0 31 0 27 0 0 0 27 0 0 0 27 0 0 0 27 0 0 0 27 0 0 0 31 0 27 0 0 0 29 0 52 0 29 0 27 0 0 0 31 0 47 0 0 0 0 0 0 0 0 0 0 0 0 0 0 0 0 0 0 0 0 0 0 0 0 0 0 0 0 0 0 0 0 0 0 0 0 0 0 0 0 0 0 0 0 0 0 0 0 0 33 0 53 0 0 0 
31 0 28 0 27 0 0 0 28 0 28 0 28 0 0 0 0 0 0 0 0 0 0 0 0 0 0 0 0 0 0 0 0 0 54 0 40 0 40 0 55 0 0 0 0 0 0 0 28 0 31 0 28 0 47 0 27 0 0 0 28 0 31 0 27 0 0 0 27 0 0 0 28 0 28 0 28 0 28 0 0 0 52 0 0 0 28 0 28 0 28 0 0 0 0 0 0 0 28 0 0 0 0 0 0 0 0 0 0 0 0 0 0 0 0 0 0 0 0 0 0 0 0 0 0 0 0 0 0 0 0 0 0 0 43 0 0 0 0 0 0 0 34 0 0 0 0 0 
28 0 0 0 0 0 0 0 0 0 0 0 0 0 0 0 0 0 0 0 0 0 0 0 0 0 0 0 0 0 0 0 54 0 40 0 40 0 40 0 40 0 55 0 0 0 0 0 0 0 0 0 0 0 0 0 0 0 0 0 0 0 0 0 0 0 0 0 0 0 0 0 0 0 0 0 28 0 0 0 0 0 0 0 0 0 0 0 0 0 0 0 0 0 0 0 28 0 28 0 29 0 56 0 0 0 56 0 0 0 56 0 0 0 56 0 0 0 28 0 27 0 0 0 28 0 56 0 0 0 28 0 35 0 36 0 0 0 0 0 0 0 0 0 57 0 58 0 
29 0 0 0 0 0 0 0 0 0 0 0 0 0 0 0 0 0 0 0 0 0 0 0 0 0 0 0 0 0 0 0 29 0 0 0 0 0 0 0 0 0 56 0 0 0 0 0 0 0 0 0 0 0 0 0 0 0 0 0 0 0 0 0 0 0 0 0 0 0 0 0 0 0 0 0 0 0 0 0 0 0 0 0 0 0 0 0 0 0 0 0 0 0 28 0 0 0 0 0 0 0 0 0 0 0 0 0 0 0 0 0 0 0 0 0 0 0 21 0 0 0 21 0 0 0 0 0 0 0 31 0 0 0 0 0 0 0 0 0 0 0 0 0 57 0 58 0 
0 0 28 0 27 0 0 0 31 0 28 0 29 0 37 0 38 0 37 0 0 0 0 0 0 0 37 0 37 0 37 0 0 0 0 0 0 0 0 0 0 0 0 0 0 0 28 0 0 0 0 0 0 0 0 0 0 0 0 0 0 0 0 0 0 0 0 0 0 0 0 0 0 0 0 0 0 0 0 0 0 0 0 0 0 0 0 0 0 0 0 0 28 0 29 0 0 0 0 0 29 0 59 0 59 0 59 0 59 0 59 0 59 0 59 0 59 0 57 0 60 0 0 0 61 0 62 0 62 0 62 0 62 0 0 0 0 0 0 0 0 0 0 0 21 0 0 0 
0 0 0 0 0 0 0 0 0 0 0 0 0 0 0 0 39 0 0 0 0 0 0 0 0 0 0 0 0 0 0 0 54 0 40 0 40 0 40 0 40 0 40 0 40 0 40 0 40 0 40 0 40 0 40 0 55 0 0 0 0 0 0 0 28 0 31 0 27 0 0 0 31 0 28 0 28 0 27 0 0 0 28 0 28 0 31 0 31 0 27 0 0 0 0 0 27 0 0 0 0 0 54 0 40 0 40 0 40 0 40 0 40 0 40 0 55 0 21 0 0 0 21 0 0 0 52 0 52 0 63 0 61 0 21 0 0 0 57 0 57 0 21 0 0 0 58 0 
0 0 0 0 0 0 0 0 0 0 0 0 29 0 0 0 39 0 0 0 0 0 0 0 0 0 0 0 0 0 0 0 0 0 0 0 0 0 0 0 0 0 0 0 0 0 0 0 0 0 0 0 0 0 0 0 0 0 0 0 0 0 27 0 0 0 0 0 0 0 0 0 0 0 0 0 0 0 0 0 0 0 0 0 0 0 56 0 0 0 0 0 0 0 0 0 0 0 0 0 0 0 0 0 0 0 0 0 0 0 0 0 0 0 0 0 0 0 0 0 0 0 0 0 0 0 0 0 0 0 64 0 52 0 52 0 52 0 52 0 62 0 52 0 52 0 65 0 
0 0 0 0 0 0 0 0 0 0 0 0 0 0 27 0 0 0 27 0 0 0 28 0 31 0 31 0 27 0 0 0 28 0 0 0 0 0 0 0 0 0 0 0 0 0 0 0 0 0 0 0 0 0 0 0 0 0 28 0 27 0 0 0 27 0 0 0 28 0 31 0 27 0 0 0 31 0 31 0 27 0 0 0 31 0 0 0 0 0 0 0 0 0 0 0 0 0 0 0 0 0 0 0 0 0 0 0 0 0 0 0 0 0 0 0 0 0 0 0 0 0 0 0 0 0 0 0 0 0 0 0 0 0 0 0 0 0 0 0 0 0 0 0 0 0 0 0 
decorations 10
400 639 66 0
485 600 67 0
257 561 68 0
713 639 69 0
-679 520 70 0
-440 561 50 0
-1280 520 71 0
-1401 661 41 0
-1720 520 50 0
-1759 520 72 0

layer // layer 3
name noname
offset 0 0
cells_offset -1320 440
scroll_scale_factor_1 1 1
scroll_scale_factor_2 1 1
cell_size 40 40
width 35
height 9
no_cells
sprite_cells
0 0 0 0 0 0 0 0 0 0 0 0 0 0 0 0 0 0 0 0 0 0 0 0 0 0 0 0 0 0 0 0 0 0 0 0 0 0 0 0 0 0 0 0 0 0 0 0 0 0 0 0 0 0 0 0 0 0 0 0 0 0 0 0 28 0 28 0 28 0 
0 0 0 0 0 0 0 0 0 0 0 0 0 0 0 0 0 0 0 0 0 0 0 0 0 0 0 0 0 0 0 0 0 0 0 0 0 0 0 0 0 0 0 0 0 0 0 0 0 0 0 0 0 0 0 0 0 0 0 0 0 0 0 0 0 0 52 0 52 0 
0 0 0 0 0 0 0 0 0 0 0 0 0 0 0 0 0 0 0 0 0 0 0 0 0 0 0 0 0 0 0 0 0 0 0 0 0 0 0 0 0 0 0 0 0 0 0 0 0 0 0 0 0 0 0 0 0 0 0 0 0 0 0 0 0 0 28 0 28 0 
0 0 0 0 0 0 0 0 0 0 0 0 0 0 0 0 0 0 0 0 0 0 0 0 0 0 0 0 0 0 0 0 0 0 0 0 0 0 0 0 0 0 0 0 0 0 0 0 0 0 0 0 0 0 0 0 0 0 0 0 0 0 0 0 0 0 0 0 0 0 
0 0 0 0 0 0 0 0 0 0 0 0 0 0 0 0 0 0 0 0 0 0 0 0 0 0 0 0 0 0 0 0 0 0 0 0 0 0 0 0 0 0 0 0 0 0 0 0 0 0 0 0 0 0 0 0 0 0 0 0 0 0 0 0 0 0 0 0 0 0 
0 0 0 0 0 0 0 0 0 0 0 0 0 0 0 0 0 0 0 0 0 0 0 0 0 0 0 0 0 0 0 0 0 0 0 0 0 0 0 0 0 0 0 0 0 0 0 0 0 0 0 0 0 0 0 0 0 0 0 0 0 0 0 0 0 0 0 0 0 0 
0 0 0 0 0 0 0 0 0 0 0 0 0 0 0 0 0 0 0 0 0 0 0 0 0 0 0 0 0 0 0 0 0 0 0 0 0 0 0 0 0 0 0 0 0 0 0 0 0 0 0 0 0 0 0 0 0 0 0 0 0 0 0 0 0 0 0 0 0 0 
0 0 52 0 52 0 52 0 52 0 52 0 73 0 73 0 52 0 52 0 52 0 52 0 52 0 0 0 0 0 0 0 0 0 0 0 0 0 0 0 0 0 0 0 0 0 0 0 0 0 0 0 0 0 0 0 0 0 0 0 0 0 0 0 0 0 0 0 0 0 
27 0 0 0 28 0 27 0 0 0 28 0 28 0 27 0 0 0 27 0 0 0 27 0 0 0 0 0 0 0 0 0 0 0 0 0 0 0 0 0 0 0 0 0 0 0 0 0 0 0 0 0 0 0 0 0 0 0 0 0 0 0 0 0 0 0 0 0 0 0 
decorations 9
39 439 74 0
40 520 75 0
0 520 71 0
-680 680 71 0
-840 680 75 0
-859 759 76 0
-862 680 74 0
-1001 679 77 0
-1282 759 76 0

} // layers

entities { 
AcidPool 1 {
size 5 2
position_in_layer 720 600
layer_index 2
}
hero/Skater 2 {
position_in_layer 620 520
layer_index 2
}
DoorV 3 {
sprite tile/door2_V
position_in_layer 520 480
layer_index 2
}
DoorV 4 {
sprite tile/door2_V
position_in_layer -440 600
layer_index 2
}
DoorV 5 {
sprite tile/door2_V
position_in_layer -1720 560
layer_index 2
}
Spec/Region 6 {
size 114 85
operate 16
position_in_layer 485 474
layer_index 2
}
Spec/Region 7 {
size 114 85
operate 24
position_in_layer -473 596
layer_index 2
}
Spec/Region 8 {
size 114 85
operate 23
position_in_layer -1753 555
layer_index 2
}
Device/Terminal 9 {
show_doc "acidpool"
position_in_layer 680 520
layer_index 2
}
Device/Terminal 10 {
show_doc "jump"
position_in_layer -560 640
layer_index 2
}
Device/Terminal 11 {
show_doc "smalljump"
position_in_layer -1200 480
layer_index 2
}
Device/Terminal 12 {
show_doc "platform"
position_in_layer -1400 600
layer_index 2
}
Spec/LevelExit 15 {
position_in_layer -1880 600
layer_index 2
}
Spec/SignalPlexor 16 {
operate_1 17
operate_2 3
operate_3 18
position_in_layer 521 373
layer_index 2
}
photo 17 {
position_in_layer 542 439
layer_index 2
}
photo 18 {
position_in_layer 498 439
layer_index 2
}
photo 19 {
position_in_layer -418 560
layer_index 2
}
photo 20 {
position_in_layer -462 561
layer_index 2
}
photo 21 {
position_in_layer -1698 520
layer_index 2
}
photo 22 {
position_in_layer -1759 542
layer_index 2
}
Spec/SignalPlexor 23 {
operate_1 21
operate_2 5
operate_3 22
position_in_layer -1722 467
layer_index 2
}
Spec/SignalPlexor 24 {
operate_1 20
operate_2 4
operate_3 19
position_in_layer -445 507
layer_index 2
}
ortho/seahorse 25 {
speed 30 30
region 26
position_in_layer 814 612
layer_index 2
}
Spec/Region 26 {
size 186 68
position_in_layer 727 605
layer_index 2
}
Crate 27 {
position_in_layer -1660 740
layer_index 2
}
Crate 28 {
position_in_layer -1580 740
layer_index 2
}
Crate 29 {
position_in_layer -1580 700
layer_index 2
}
Crate 30 {
position_in_layer -1540 740
layer_index 2
}
Spec/LevelBoundary 31 {
position_in_layer -1840 480
layer_index 2
}
Spec/LevelBoundary 32 {
position_in_layer 840 680
layer_index 2
}
SoundTerminal 33 {
position_in_layer 679 440
layer_index 2
}
SoundTerminal 34 {
position_in_layer -559 560
layer_index 2
}
SoundTerminal 35 {
position_in_layer -1199 400
layer_index 2
}
SoundTerminal 36 {
position_in_layer -1399 520
layer_index 2
}
SoundMachine 37 {
position_in_layer 459 640
layer_index 2
}
} // entities
