sprite_table {
 bgr/plate_01 1
 bgr/plate_07 2
 bgr/plate_05 3
 bgr/plate_10 4
 bgr/plate_wire_2 5
 bgr/plate_13 6
 bgr/plate_02 7
 bgr/plate_08 8
 bgr/plate_03 9
 bgr/plate_04 10
 bgr/plate_09 11
 bluetech_01 12
 bgr/hugegrate 13
 bgr/bulkhead 14
 bluetech_14 15
 bluetech_12 16
 bluetech_03 17
 bluetech_13 18
 bgr/hugepipe01 19
 bgr/hugepipe02 20
 bgr/hugepipe04 21
 bgr/hugepipe03 22
 bgr/diode02 23
 bgr/diode05V 24
 bgr/diode01 25
 bgr/diode04 26
 bgr/diode05H 27
 wall_stoneA_02 28
 wall_stoneA_05 29
 wall_arc_01 30
 wall_arc_02 31
 wall_arc_03 32
 metal_pipe_05 33
 shadow_fix_01 34
 shadow_fix_02 35
 wall_stoneA_04 36
 wall_stoneA_14 37
 wall_metalA_01 38
 crane10 39
 crane_platform 40
 crane09 41
 crane01 42
 crane02 43
 crane03 44
 crane04 45
 wall_brick03 46
 crane_grab 47
 wall_metalA_02 48
 metal_ramp_01 49
 metal_ramp_02 50
 wall_stoneA_15 51
 metal_ramp_03 52
 thornball_big 53
 device/respawn 54
 crane_rope 55
 thorns_N_big 56
 thorns_W_small 57
 thorns_W_big 58
 thornball_medium 59
 acid_tank1 60
 acid_tank_glass 61
 acid_tank0 62
 wall_stoneA_10 63
 wall_stoneA_03 64
 wall_stoneA_06 65
 wall_stoneA_08 66
 wall_stoneA_01 67
 metal_pipe_06 68
 metal_pipe_02 69
 wall_stoneA_11 70
 wall_stoneA_12 71
 wall_stoneA_13 72
 metal_pipe_07 73
 wall_brick01 74
 wall_brick02 75
 metal_pipejoint_02 76
 wall_metalA_03 77
 cogwheelA 78
 metal_grate 79
 columnA_top 80
 columnA_middle 81
 metal_fatpipe_04 82
 wall_brick04 83
 columnA_bottom 84
 cogwheelB 85
 metal_pipeend 86
 sign/acid2 87
 metal_fatpipe_02 88
 metal_fatpipe_01 89
 metal_fatpipe_09 90
 wall_stoneA_07 91
 wall_stoneA_09 92
 sign/gaugeA 93
 sign/exit 94
 sign/arrow2 95
 sign/gaugeB 96
 sign/electricity 97
 sign/arrow3 98
 sign/stripe3 99
 sign/acid1 100
 sign/grate_round 101
} // sprite_table

layers {
clear_screen true
layer // layer 0
name noname
offset 0 0
cells_offset 40 40
scroll_scale_factor_1 1 1
scroll_scale_factor_2 1 1
cell_size 40 40
width 27
height 19
no_cells
sprite_cells
0 0 0 0 0 0 0 0 0 0 0 0 0 0 0 0 0 0 0 0 0 0 0 0 0 0 0 0 0 0 0 0 0 0 0 0 1 0 1 0 1 0 0 0 0 0 1 0 1 0 1 0 0 0 
0 0 0 0 1 0 2 0 3 0 4 0 5 0 0 0 5 0 0 0 5 0 0 0 5 0 0 0 5 0 0 0 5 0 0 0 5 0 0 0 5 0 0 0 5 0 0 0 5 0 0 0 5 0 
0 0 0 0 6 0 0 0 0 0 6 0 0 0 6 0 0 0 6 0 0 0 6 0 0 0 6 0 0 0 6 0 0 0 1 0 7 0 1 0 1 0 1 0 4 0 1 0 1 0 1 0 8 0 
0 0 0 0 0 0 0 0 3 0 0 0 0 0 0 0 0 0 0 0 0 0 0 0 0 0 0 0 0 0 0 0 0 0 0 0 1 0 1 0 7 0 0 0 0 0 0 0 3 0 0 0 0 0 
0 0 0 0 6 0 0 0 0 0 9 0 0 0 10 0 10 0 10 0 10 0 10 0 10 0 9 0 0 0 10 0 1 0 0 0 0 0 0 0 0 0 0 0 0 0 1 0 0 0 1 0 1 0 
0 0 0 0 0 0 0 0 3 0 0 0 0 0 0 0 0 0 0 0 0 0 0 0 0 0 0 0 0 0 0 0 1 0 9 0 0 0 9 0 0 0 0 0 6 0 0 0 3 0 6 0 0 0 
0 0 0 0 6 0 0 0 0 0 6 0 0 0 1 0 4 0 1 0 8 0 1 0 11 0 1 0 1 0 1 0 1 0 0 0 0 0 0 0 0 0 0 0 0 0 0 0 0 0 0 0 0 0 
0 0 0 0 0 0 0 0 3 0 0 0 0 0 1 0 12 0 0 0 12 0 0 0 1 0 13 0 0 0 1 0 4 0 9 0 0 0 9 0 0 0 14 0 6 0 0 0 3 0 6 0 0 0 
0 0 0 0 1 0 7 0 0 0 6 0 0 0 1 0 0 0 0 0 0 0 15 0 1 0 0 0 0 0 1 0 1 0 0 0 0 0 0 0 0 0 0 0 0 0 0 0 0 0 0 0 0 0 
0 0 0 0 1 0 1 0 3 0 0 0 0 0 1 0 12 0 0 0 16 0 0 0 1 0 1 0 1 0 1 0 1 0 1 0 8 0 1 0 1 0 14 0 6 0 0 0 3 0 1 0 1 0 
0 0 0 0 6 0 0 0 0 0 9 0 0 0 1 0 0 0 0 0 17 0 18 0 8 0 1 0 13 0 0 0 1 0 9 0 0 0 9 0 0 0 0 0 0 0 0 0 0 0 1 0 7 0 
0 0 0 0 0 0 0 0 3 0 0 0 0 0 1 0 1 0 2 0 1 0 1 0 1 0 1 0 0 0 0 0 1 0 0 0 0 0 0 0 0 0 14 0 9 0 0 0 3 0 6 0 0 0 
7 0 1 0 1 0 2 0 0 0 19 0 0 0 20 0 6 0 0 0 19 0 0 0 20 0 1 0 1 0 4 0 1 0 9 0 0 0 9 0 0 0 0 0 0 0 0 0 0 0 0 0 0 0 
1 0 1 0 6 0 0 0 3 0 21 0 0 0 0 0 0 0 0 0 21 0 0 0 0 0 6 0 0 0 6 0 0 0 0 0 0 0 0 0 0 0 14 0 6 0 0 0 3 0 9 0 0 0 
1 0 1 0 0 0 0 0 0 0 0 0 22 0 0 0 1 0 1 0 0 0 22 0 0 0 0 0 0 0 0 0 0 0 1 0 1 0 1 0 2 0 0 0 0 0 0 0 0 0 0 0 4 0 
0 0 0 0 7 0 7 0 0 0 7 0 7 0 0 0 7 0 7 0 0 0 7 0 7 0 0 0 7 0 7 0 7 0 9 0 0 0 9 0 0 0 14 0 6 0 0 0 3 0 9 0 0 0 
10 0 10 0 10 0 10 0 10 0 10 0 10 0 10 0 10 0 10 0 10 0 10 0 10 0 10 0 10 0 10 0 10 0 0 0 0 0 0 0 0 0 0 0 0 0 0 0 0 0 8 0 0 0 
0 0 0 0 0 0 0 0 0 0 0 0 0 0 0 0 0 0 0 0 0 0 0 0 0 0 0 0 0 0 0 0 0 0 9 0 0 0 9 0 0 0 14 0 6 0 0 0 3 0 6 0 0 0 
1 0 1 0 1 0 1 0 1 0 1 0 1 0 1 0 1 0 1 0 1 0 1 0 1 0 1 0 1 0 1 0 1 0 0 0 0 0 0 0 0 0 0 0 0 0 0 0 0 0 0 0 0 0 
decorations 7
940 419 2 0
510 459 23 0
499 452 24 0
452 405 25 0
397 460 26 0
454 419 27 0
412 356 27 0

layer // layer 1
name noname
offset 15 15
cells_offset 0 40
scroll_scale_factor_1 1 1
scroll_scale_factor_2 1 1
cell_size 40 40
width 28
height 19
shadow
no_cells
sprite_cells
0 0 0 0 28 0 29 0 0 0 29 0 0 0 29 0 0 0 29 0 0 0 29 0 0 0 29 0 0 0 29 0 0 0 29 0 0 0 30 0 31 0 32 0 29 0 0 0 30 0 31 0 32 0 29 0 
0 0 0 0 0 0 0 0 0 0 0 0 33 0 0 0 0 0 0 0 0 0 0 0 0 0 0 0 0 0 0 0 0 0 0 0 0 0 0 0 0 0 0 0 0 0 0 0 0 0 0 0 0 0 0 0 
0 0 0 0 28 0 0 0 0 0 0 0 0 0 0 0 0 0 0 0 0 0 0 0 0 0 0 0 0 0 0 0 0 0 0 0 34 0 0 0 0 0 0 0 0 0 0 0 0 0 0 0 0 0 0 0 
0 0 0 0 0 0 0 0 0 0 0 0 0 0 0 0 0 0 0 0 0 0 0 0 0 0 0 0 0 0 0 0 0 0 0 0 28 0 0 0 0 0 0 0 29 0 0 0 29 0 0 0 29 0 0 0 
0 0 0 0 28 0 0 0 0 0 0 0 0 0 0 0 0 0 0 0 0 0 0 0 0 0 0 0 0 0 0 0 0 0 35 0 0 0 29 0 0 0 36 0 29 0 0 0 37 0 37 0 37 0 37 0 
0 0 0 0 0 0 0 0 0 0 0 0 0 0 0 0 0 0 0 0 0 0 0 0 0 0 0 0 0 0 0 0 34 0 0 0 0 0 0 0 0 0 0 0 38 0 0 0 0 0 0 0 0 0 0 0 
0 0 0 0 28 0 0 0 0 0 0 0 0 0 0 0 0 0 0 0 0 0 0 0 0 0 0 0 39 0 40 0 41 0 0 0 0 0 0 0 0 0 35 0 0 0 42 0 43 0 43 0 44 0 45 0 
0 0 0 0 0 0 0 0 0 0 0 0 0 0 0 0 0 0 34 0 0 0 0 0 0 0 0 0 0 0 0 0 0 0 0 0 0 0 0 0 0 0 0 0 0 0 0 0 0 0 0 0 0 0 0 0 
0 0 0 0 28 0 0 0 0 0 0 0 35 0 46 0 46 0 46 0 0 0 0 0 0 0 0 0 0 0 34 0 0 0 0 0 0 0 0 0 0 0 0 0 0 0 0 0 0 0 0 0 0 0 0 0 
0 0 0 0 0 0 0 0 0 0 0 0 0 0 0 0 0 0 0 0 0 0 0 0 0 0 39 0 40 0 41 0 0 0 0 0 0 0 0 0 0 0 0 0 0 0 0 0 0 0 0 0 0 0 0 0 
0 0 0 0 28 0 0 0 0 0 0 0 0 0 0 0 0 0 0 0 0 0 0 0 0 0 0 0 0 0 0 0 0 0 0 0 0 0 0 0 0 0 0 0 0 0 0 0 0 0 0 0 47 0 0 0 
29 0 0 0 0 0 0 0 0 0 0 0 0 0 0 0 0 0 0 0 0 0 0 0 0 0 0 0 0 0 0 0 0 0 0 0 0 0 0 0 0 0 0 0 0 0 0 0 0 0 0 0 0 0 0 0 
28 0 0 0 0 0 0 0 0 0 0 0 0 0 0 0 0 0 0 0 0 0 0 0 0 0 0 0 0 0 0 0 0 0 0 0 34 0 0 0 0 0 0 0 0 0 0 0 0 0 0 0 0 0 0 0 
0 0 0 0 0 0 0 0 0 0 0 0 0 0 0 0 0 0 0 0 0 0 0 0 0 0 0 0 0 0 0 0 0 0 35 0 46 0 0 0 0 0 0 0 0 0 0 0 0 0 0 0 0 0 0 0 
28 0 0 0 34 0 0 0 0 0 34 0 0 0 0 0 34 0 0 0 0 0 34 0 0 0 0 0 34 0 0 0 0 0 0 0 0 0 0 0 34 0 0 0 0 0 0 0 0 0 34 0 0 0 0 0 
0 0 29 0 0 0 0 0 35 0 48 0 0 0 35 0 48 0 0 0 35 0 48 0 0 0 35 0 48 0 0 0 0 0 39 0 29 0 0 0 41 0 0 0 0 0 49 0 50 0 49 0 0 0 0 0 
28 0 51 0 0 0 0 0 0 0 0 0 0 0 0 0 0 0 0 0 0 0 0 0 0 0 0 0 0 0 0 0 0 0 0 0 0 0 0 0 0 0 0 0 0 0 52 0 0 0 52 0 0 0 0 0 
28 0 51 0 0 0 0 0 0 0 0 0 34 0 0 0 0 0 0 0 0 0 0 0 0 0 0 0 0 0 0 0 0 0 0 0 0 0 0 0 0 0 0 0 0 0 52 0 0 0 52 0 0 0 0 0 
0 0 51 0 0 0 0 0 0 0 0 0 36 0 0 0 0 0 0 0 0 0 0 0 0 0 0 0 0 0 0 0 0 0 0 0 0 0 0 0 0 0 0 0 0 0 52 0 0 0 52 0 0 0 0 0 
decorations 19
520 256 35 0
480 375 35 0
640 616 35 0
749 322 53 0
308 310 54 0
680 641 35 0
1057 400 55 0
1057 360 55 0
1057 320 55 0
587 74 56 0
65 501 53 0
117 643 57 0
34 525 58 0
30 585 59 0
246 376 59 0
217 199 60 0
239 165 61 0
953 593 54 0
217 119 62 0

layer // layer 2
name Main
offset 0 0
cells_offset 0 40
scroll_scale_factor_1 1 1
scroll_scale_factor_2 1 1
cell_size 40 40
width 31
height 20
cells
0 0 2 2 2 2 2 2 2 2 2 2 2 2 2 2 2 2 2 2 2 2 2 2 2 2 2 2 2 0 0 
0 0 2 0 0 0 2 0 0 0 0 0 0 0 0 0 0 0 0 0 0 0 0 0 0 0 0 0 2 0 0 
0 0 2 0 0 2 2 0 0 0 0 0 0 0 0 0 0 0 0 0 0 0 0 0 0 0 0 0 2 0 0 
0 0 2 0 0 2 2 0 0 0 0 0 0 0 0 0 0 0 2 0 0 0 2 2 2 2 2 2 2 0 0 
0 0 2 0 0 2 2 0 0 0 0 0 0 0 0 0 0 0 2 2 2 2 2 2 0 0 0 0 2 0 0 
0 0 2 0 0 0 0 0 0 0 0 0 0 0 0 0 0 0 0 0 0 0 2 0 0 0 0 0 2 0 0 
0 0 2 0 0 0 0 0 0 0 0 0 0 0 2 2 2 0 0 0 0 0 2 2 2 2 2 2 2 0 0 
0 0 2 0 0 0 0 0 0 0 0 0 0 0 0 0 0 0 0 0 0 0 0 0 0 0 0 0 2 0 0 
0 0 2 0 0 0 0 2 2 2 0 0 0 0 0 0 0 0 0 0 0 0 0 0 0 0 0 0 2 0 0 
0 0 2 0 0 0 0 0 0 0 0 0 0 2 2 2 0 0 0 0 0 0 0 0 0 0 0 0 2 0 0 
0 0 2 0 0 0 0 0 0 0 0 0 0 0 0 0 0 0 0 0 0 0 0 0 0 0 2 0 2 0 0 
2 2 2 0 0 0 0 0 0 0 0 0 0 0 0 0 0 0 0 0 0 0 0 0 0 0 0 0 2 0 0 
2 0 0 0 0 0 0 0 0 0 0 0 0 0 0 0 0 0 0 0 0 0 0 0 0 0 0 0 2 0 0 
2 0 0 0 0 0 0 0 0 0 0 0 0 0 0 0 0 0 2 0 0 0 0 0 0 0 0 0 2 0 0 
2 0 0 0 0 0 0 0 0 0 0 0 0 0 0 0 0 0 0 0 0 0 0 0 0 0 0 0 2 0 0 
2 2 2 0 0 2 0 0 2 0 0 2 0 0 2 0 0 2 2 2 2 0 0 2 2 2 0 0 2 0 0 
2 2 0 0 0 0 0 0 0 0 0 0 0 0 0 0 0 0 0 0 0 0 0 2 0 2 0 0 2 0 0 
2 2 0 0 0 0 0 0 0 0 0 0 0 0 0 0 0 0 0 0 0 0 0 2 0 2 0 0 2 0 0 
2 2 0 0 0 2 2 0 0 0 0 0 0 0 0 0 0 0 0 0 0 2 0 2 0 2 0 0 2 0 0 
2 2 2 2 2 2 2 2 2 2 2 2 2 2 2 2 2 2 2 2 2 2 2 2 2 2 2 2 2 0 0 
sprite_cells
0 0 0 0 29 0 0 0 63 0 36 0 29 0 0 0 29 0 0 0 36 0 29 0 0 0 64 0 63 0 65 0 66 0 29 0 0 0 30 0 31 0 32 0 29 0 0 0 30 0 31 0 32 0 29 0 0 0 0 0 0 0 
0 0 64 0 64 0 0 0 0 0 0 0 33 0 0 0 0 0 0 0 0 0 0 0 0 0 0 0 0 0 0 0 0 0 0 0 0 0 0 0 0 0 0 0 0 0 0 0 0 0 0 0 0 0 0 0 38 0 0 0 0 0 
0 0 67 0 0 0 0 0 0 0 0 0 0 0 0 0 0 0 0 0 0 0 0 0 0 0 0 0 0 0 0 0 0 0 0 0 0 0 0 0 0 0 0 0 0 0 0 0 0 0 0 0 0 0 0 0 0 0 68 0 69 0 
0 0 0 0 0 0 0 0 0 0 0 0 0 0 0 0 0 0 0 0 0 0 0 0 0 0 0 0 0 0 0 0 0 0 0 0 28 0 0 0 0 0 0 0 67 0 0 0 70 0 71 0 71 0 72 0 64 0 0 0 73 0 
0 0 36 0 28 0 0 0 0 0 0 0 0 0 0 0 0 0 0 0 0 0 0 0 0 0 0 0 0 0 0 0 0 0 0 0 0 0 74 0 75 0 46 0 0 0 0 0 37 0 37 0 37 0 37 0 36 0 0 0 76 0 
0 0 28 0 0 0 0 0 0 0 0 0 0 0 0 0 0 0 0 0 0 0 0 0 0 0 0 0 0 0 0 0 0 0 0 0 0 0 0 0 0 0 0 0 38 0 0 0 0 0 0 0 0 0 0 0 38 0 77 0 0 0 
0 0 0 0 28 0 0 0 0 0 0 0 0 0 0 0 0 0 0 0 0 0 0 0 0 0 0 0 39 0 40 0 41 0 0 0 0 0 0 0 0 0 0 0 0 0 42 0 43 0 43 0 44 0 45 0 0 0 78 0 79 0 
0 0 80 0 0 0 0 0 0 0 0 0 0 0 0 0 0 0 0 0 0 0 0 0 0 0 0 0 0 0 0 0 0 0 0 0 0 0 0 0 0 0 0 0 0 0 0 0 0 0 0 0 0 0 0 0 64 0 48 0 48 0 
0 0 81 0 64 0 0 0 0 0 0 0 0 0 74 0 75 0 46 0 0 0 0 0 0 0 0 0 0 0 0 0 0 0 0 0 0 0 0 0 0 0 0 0 0 0 0 0 0 0 0 0 0 0 0 0 29 0 0 0 82 0 
0 0 81 0 28 0 0 0 0 0 0 0 0 0 0 0 0 0 0 0 0 0 0 0 0 0 39 0 40 0 41 0 0 0 0 0 0 0 0 0 0 0 0 0 0 0 0 0 0 0 0 0 0 0 0 0 28 0 83 0 82 0 
0 0 84 0 0 0 0 0 0 0 0 0 0 0 0 0 0 0 0 0 0 0 0 0 0 0 0 0 0 0 0 0 0 0 0 0 0 0 0 0 0 0 0 0 0 0 0 0 0 0 0 0 47 0 0 0 0 0 83 0 82 0 
28 0 29 0 0 0 0 0 0 0 0 0 0 0 0 0 0 0 0 0 0 0 0 0 0 0 0 0 0 0 0 0 0 0 0 0 0 0 0 0 0 0 0 0 0 0 0 0 0 0 0 0 0 0 0 0 36 0 83 0 82 0 
0 0 0 0 0 0 0 0 0 0 0 0 0 0 0 0 0 0 0 0 0 0 0 0 0 0 0 0 0 0 0 0 0 0 0 0 0 0 0 0 0 0 0 0 0 0 0 0 0 0 0 0 0 0 0 0 64 0 77 0 0 0 
28 0 0 0 0 0 0 0 0 0 0 0 0 0 0 0 0 0 0 0 0 0 0 0 0 0 0 0 0 0 0 0 0 0 0 0 79 0 0 0 0 0 0 0 0 0 0 0 0 0 0 0 0 0 0 0 28 0 85 0 79 0 
0 0 0 0 0 0 0 0 0 0 0 0 0 0 0 0 0 0 0 0 0 0 0 0 0 0 0 0 0 0 0 0 0 0 0 0 0 0 0 0 0 0 0 0 0 0 0 0 0 0 0 0 0 0 0 0 0 0 77 0 0 0 
28 0 77 0 0 0 0 0 0 0 48 0 0 0 0 0 48 0 0 0 0 0 48 0 0 0 0 0 48 0 0 0 0 0 39 0 29 0 0 0 41 0 0 0 0 0 49 0 50 0 49 0 0 0 0 0 36 0 85 0 86 0 
0 0 51 0 0 0 0 0 0 0 0 0 0 0 0 0 0 0 0 0 0 0 0 0 0 0 0 0 0 0 0 0 0 0 0 0 0 0 0 0 0 0 0 0 0 0 52 0 0 0 52 0 0 0 0 0 28 0 77 0 0 0 
28 0 51 0 0 0 0 0 0 0 0 0 0 0 0 0 0 0 0 0 0 0 0 0 0 0 0 0 0 0 0 0 0 0 0 0 0 0 0 0 0 0 87 0 0 0 52 0 0 0 52 0 0 0 0 0 0 0 83 0 88 0 
0 0 51 0 0 0 0 0 0 0 70 0 72 0 0 0 0 0 0 0 0 0 0 0 0 0 0 0 0 0 0 0 0 0 0 0 0 0 0 0 0 0 49 0 0 0 52 0 0 0 52 0 0 0 0 0 89 0 89 0 90 0 
64 0 29 0 0 0 64 0 29 0 0 0 36 0 29 0 0 0 65 0 91 0 91 0 66 0 29 0 0 0 92 0 29 0 0 0 91 0 66 0 64 0 29 0 0 0 29 0 0 0 64 0 36 0 29 0 0 0 0 0 0 0 
decorations 19
1057 320 55 0
1057 360 55 0
1057 400 55 0
1119 241 93 0
1119 275 93 0
755 640 94 0
720 639 95 0
1120 599 96 0
1119 519 97 0
719 198 98 0
200 640 99 0
320 640 99 0
440 640 99 0
560 640 99 0
217 199 60 0
239 165 61 0
518 39 100 0
217 119 62 0
1078 798 101 0

} // layers

entities { 
hero/Skater 1 {
position_in_layer 1000 120
layer_index 2
}
Spec/LevelExit 2 {
position_in_layer 200 720
layer_index 2
}
thorns/big_S 3 {
position_in_layer 585 75
layer_index 2
}
thorns/small_W 5 {
position_in_layer 539 653
layer_index 2
}
THORNBALL/big 6 {
position_in_layer 757 325
layer_index 2
}
THORNBALL/big 7 {
position_in_layer 69 504
layer_index 2
}
THORNBALL/medium 8 {
position_in_layer 253 381
layer_index 2
}
thorns/medium_S 9 {
position_in_layer 346 397
layer_index 2
}
thorns/big_N 10 {
position_in_layer 36 619
layer_index 2
}
thorns/small_E 12 {
position_in_layer 116 650
layer_index 2
}
THORNBALL/medium 15 {
position_in_layer 28 586
layer_index 2
}
thorns/big_E 16 {
position_in_layer 34 518
layer_index 2
}
thorns/small_E 17 {
position_in_layer 115 490
layer_index 2
}
teeth120_N 18 {
position_in_layer 760 180
layer_index 2
}
AcidPool 20 {
size 4 1
position_in_layer 40 760
layer_index 2
}
AcidPool 21 {
size 21 1
position_in_layer 280 760
layer_index 2
}
ortho/piranha 22 {
region 23
position_in_layer 782 767
layer_index 2
}
Spec/Region 23 {
size 835 38
position_in_layer 283 760
layer_index 2
}
ortho/piranha 24 {
region 23
position_in_layer 391 767
layer_index 2
}
Device/Respawn 25 {
position_in_layer 320 320
layer_index 2
}
Device/Respawn 26 {
position_in_layer 960 600
layer_index 2
}
Spec/LevelBoundary 27 {
position_in_layer 1040 680
layer_index 2
}
Spec/LevelBoundary 28 {
position_in_layer 160 160
layer_index 2
}
} // entities
